  1.9000E+00  0.0000E+00  1.7646E-05  7.9993E-02  2.5500E-02  1.0000E+00  1.1517E-06
  1.9200E+00  6.6600E-02  1.7877E-05  7.9995E-02  2.5500E-02  1.0000E+00  1.6345E-04
  1.9399E+00  1.3320E-01  1.8109E-05  8.0000E-02  2.5500E-02  1.0000E+00  3.2574E-04
  1.9600E+00  2.0014E-01  1.8342E-05  8.0008E-02  2.5500E-02  1.0000E+00  4.8881E-04
  1.9800E+00  2.6674E-01  1.8573E-05  8.0019E-02  2.5500E-02  1.0000E+00  6.5099E-04
  1.9999E+00  3.3334E-01  1.8805E-05  8.0034E-02  2.5500E-02  1.0000E+00  8.1309E-04
  2.0200E+00  4.0028E-01  1.9021E-05  8.0052E-02  2.5509E-02  1.0000E+00  9.7630E-04
  2.0400E+00  4.6688E-01  1.9237E-05  8.0073E-02  2.5509E-02  1.0000E+00  1.1383E-03
  2.0599E+00  5.3348E-01  1.9452E-05  8.0097E-02  2.5509E-02  1.0000E+00  1.3002E-03
  2.1000E+00  6.6713E-01  1.9885E-05  8.0156E-02  2.5509E-02  1.0000E+00  1.6245E-03
