  1.9000E+00  0.0000E+00  3.1742E-05  7.9994E-02  2.5500E-02  1.0000E+00  4.1499E-07
  1.9200E+00  6.6600E-02  3.2085E-05  7.9996E-02  2.5500E-02  1.0000E+00  1.6271E-04
  1.9399E+00  1.3320E-01  3.2428E-05  8.0000E-02  2.5500E-02  1.0000E+00  3.2499E-04
  1.9600E+00  2.0014E-01  3.2773E-05  8.0009E-02  2.5500E-02  1.0000E+00  4.8805E-04
  1.9800E+00  2.6674E-01  3.3116E-05  8.0020E-02  2.5500E-02  1.0000E+00  6.5023E-04
  1.9999E+00  3.3334E-01  3.3459E-05  8.0034E-02  2.5500E-02  1.0000E+00  8.1233E-04
  2.0200E+00  4.0028E-01  3.3803E-05  8.0052E-02  2.5509E-02  1.0000E+00  9.7554E-04
  2.0400E+00  4.6688E-01  3.4146E-05  8.0074E-02  2.5509E-02  1.0000E+00  1.1375E-03
  2.0599E+00  5.3348E-01  3.4489E-05  8.0098E-02  2.5509E-02  1.0000E+00  1.2994E-03
  2.1000E+00  6.6713E-01  3.5177E-05  8.0156E-02  2.5509E-02  1.0000E+00  1.6237E-03
