-0.0317000000000001	0.00144351
-0.031454	0.00144862
-0.0312080000000001	0.00145376
-0.030963	0.00145892
-0.030717	0.00146411
-0.0304710000000001	0.00146932
-0.030225	0.00147456
-0.02998	0.00147982
-0.0297340000000001	0.00148511
-0.029488	0.00149042
-0.0292420000000001	0.00149577
-0.028996	0.00150113
-0.028751	0.00150653
-0.0285050000000001	0.00151195
-0.028259	0.0015174
-0.028013	0.00152287
-0.0277680000000001	0.00152838
-0.027522	0.00153391
-0.027276	0.00153946
-0.02703	0.00154505
-0.026785	0.00155066
-0.026539	0.00155631
-0.026293	0.00156198
-0.026047	0.00156768
-0.025801	0.0015734
-0.025556	0.00157916
-0.02531	0.00158495
-0.025064	0.00159076
-0.024818	0.0015966
-0.0245730000000001	0.00160248
-0.0243270000000001	0.00160838
-0.024081	0.00161432
-0.023835	0.00162028
-0.023589	0.00162628
-0.023344	0.0016323
-0.023098	0.00163836
-0.022852	0.00164444
-0.022606	0.00165056
-0.022361	0.00165671
-0.022115	0.0016629
-0.021869	0.00166911
-0.021623	0.00167535
-0.021378	0.00168163
-0.021132	0.00168794
-0.020886	0.00169429
-0.02064	0.00170066
-0.020394	0.00170707
-0.020149	0.00171352
-0.019903	0.00171999
-0.019657	0.0017265
-0.019411	0.00173305
-0.019166	0.00173963
-0.01892	0.00174624
-0.018674	0.00175289
-0.018428	0.00175957
-0.0181820000000001	0.00176629
-0.017937	0.00177305
-0.017691	0.00177984
-0.0174450000000001	0.00178666
-0.017199	0.00179353
-0.016954	0.00180042
-0.016708	0.00180736
-0.016462	0.00181433
-0.0162160000000001	0.00182134
-0.015971	0.00182839
-0.015725	0.00183547
-0.0154790000000001	0.0018426
-0.015233	0.00184976
-0.014987	0.00185696
-0.014742	0.0018642
-0.014496	0.00187148
-0.0142500000000001	0.00187879
-0.0140040000000001	0.00188615
-0.013759	0.00189355
-0.0135130000000001	0.00190098
-0.013267	0.00190846
-0.013021	0.00191598
-0.012775	0.00192354
-0.01253	0.00193114
-0.0122840000000001	0.00193878
-0.0120380000000001	0.00194647
-0.011792	0.00195419
-0.0115470000000001	0.00196196
-0.011301	0.00196978
-0.011055	0.00197763
-0.010809	0.00198553
-0.010564	0.00199347
-0.0103180000000001	0.00200146
-0.010072	0.00200949
-0.00982600000000004	0.00201757
-0.00958000000000002	0.00202569
-0.00933499999999996	0.00203385
-0.00908900000000005	0.00204206
-0.00884300000000003	0.00205032
-0.00859700000000003	0.00205863
-0.00835200000000006	0.00206698
-0.00810600000000004	0.00207537
-0.00786000000000004	0.00208382
-0.00761400000000002	0.00209231
-0.007368	0.00210085
-0.00712300000000006	0.00210944
-0.00687700000000003	0.00211808
-0.00663100000000001	0.00212677
-0.00638500000000001	0.0021355
-0.00614000000000005	0.00214429
-0.00589400000000002	0.00215313
-0.00564800000000003	0.00216201
-0.005402	0.00217095
-0.00515700000000003	0.00217994
-0.00491100000000004	0.00218898
-0.00466500000000001	0.00219808
-0.00441900000000002	0.00220722
-0.00417299999999999	0.00221642
-0.00392800000000003	0.00222567
-0.00368200000000003	0.00223498
-0.00343600000000001	0.00224434
-0.00318999999999998	0.00225375
-0.00294500000000004	0.00226322
-0.00269900000000002	0.00227275
-0.00245299999999999	0.00228233
-0.002207	0.00229197
-0.00196100000000006	0.00230166
-0.00171600000000001	0.00231141
-0.00147000000000001	0.00232122
-0.00122399999999999	0.00233108
-9.7799999999999E-4	0.002341
-7.33000000000023E-4	0.00235099
-4.86999999999999E-4	0.00236103
-2.41000000000003E-4	0.00237113
4.99999999993821E-6	0.00238129
2.49999999999989E-4	0.00239151
4.95999999999985E-4	0.0024018
7.42000000000009E-4	0.00241214
9.88000000000033E-4	0.00242255
0.00123399999999995	0.00243302
0.001479	0.00244355
0.00172500000000002	0.00245415
0.00197099999999993	0.00246481
0.00221700000000004	0.00247553
0.00246200000000001	0.00248632
0.002708	0.00249717
0.00295400000000003	0.00250809
0.00319999999999994	0.00251908
0.00344599999999997	0.00253014
0.00369100000000002	0.00254126
0.00393699999999993	0.00255245
0.00418300000000004	0.00256371
0.00442899999999995	0.00257503
0.004674	0.00258643
0.00492000000000002	0.0025979
0.00516599999999994	0.00260944
0.00541199999999996	0.00262105
0.00565700000000001	0.00263273
0.00590299999999992	0.00264448
0.00614899999999995	0.00265631
0.00639499999999997	0.00266821
0.00664099999999997	0.00268019
0.00688600000000002	0.00269224
0.00713199999999996	0.00270437
0.00737799999999996	0.00271657
0.00762399999999998	0.00272885
0.00786899999999995	0.0027412
0.00811499999999995	0.00275364
0.00836099999999997	0.00276615
0.00860699999999997	0.00277875
0.00885299999999999	0.00279142
0.00909799999999996	0.00280417
0.00934399999999995	0.00281701
0.00958999999999998	0.00282992
0.009836	0.00284292
0.0100809999999999	0.00285601
0.010327	0.00286917
0.010573	0.00288242
0.010819	0.00289576
0.011064	0.00290918
0.01131	0.00292269
0.011556	0.00293629
0.011802	0.00294998
0.012048	0.00296375
0.012293	0.00297762
0.012539	0.00299157
0.012785	0.00300562
0.013031	0.00301976
0.013276	0.00303399
0.013522	0.00304832
0.013768	0.00306274
0.014014	0.00307725
0.0142599999999999	0.00309186
0.014505	0.00310657
0.014751	0.00312138
0.014997	0.00313629
0.015243	0.00315129
0.015488	0.0031664
0.015734	0.0031816
0.01598	0.00319691
0.0162259999999999	0.00321232
0.016471	0.00322784
0.016717	0.00324346
0.016963	0.00325918
0.017209	0.00327502
0.0174549999999999	0.00329096
0.0177	0.00330701
0.017946	0.00332316
0.0181919999999999	0.00333943
0.018438	0.00335581
0.018683	0.00337231
0.018929	0.00338891
0.019175	0.00340563
0.019421	0.00342247
0.019667	0.00343942
0.019912	0.00345649
0.0201579999999999	0.00347368
0.020404	0.00349099
0.02065	0.00350842
0.020895	0.00352597
0.021141	0.00354365
0.021387	0.00356145
0.0216329999999999	0.00357937
0.021878	0.00359742
0.0221239999999999	0.0036156
0.02237	0.00363391
0.022616	0.00365234
0.022862	0.00367091
0.023107	0.00368961
0.0233529999999999	0.00370845
0.023599	0.00372741
0.023845	0.00374652
0.0240899999999999	0.00376576
0.024336	0.00378514
0.024582	0.00380466
0.024828	0.00382432
0.025074	0.00384413
0.0253189999999999	0.00386408
0.025565	0.00388417
0.025811	0.00390441
0.026057	0.0039248
0.026302	0.00394534
0.026548	0.00396602
0.026794	0.00398687
0.02704	0.00400786
0.027285	0.00402901
0.027531	0.00405032
0.027777	0.00407178
0.028023	0.00409341
0.028269	0.00411519
0.0285144	0.00413714
0.0287601	0.00415925
0.0290059	0.00418153
0.0292517	0.00420398
0.0294974	0.0042266
0.0297432	0.00424938
0.029989	0.00427234
0.0302348	0.00429548
0.0304804999999999	0.00431879
0.0307263	0.00434227
0.0309721	0.00436594
0.0312179	0.00438979
0.0314636	0.00441382
0.0317093999999999	0.00443804
0.0319552	0.00446245
0.032201	0.00448704
0.0324467	0.00451182
0.0326925	0.0045368
0.0329382999999999	0.00456197
0.033184	0.00458734
0.0334298	0.0046129
0.0336756	0.00463867
0.0339213999999999	0.00466464
0.0341671	0.00469081
0.0344129	0.00471719
0.0346587	0.00474378
0.0349045	0.00477058
0.0351501999999999	0.0047976
0.035396	0.00482482
0.0356418	0.00485227
0.0358875	0.00487994
0.0361333	0.00490783
0.0363790999999999	0.00493594
0.0366249	0.00496428
0.0368706	0.00499285
0.0371164	0.00502165
0.0373622	0.00505069
0.0376079999999999	0.00507996
0.0378537	0.00510947
0.0380995	0.00513922
0.0383453	0.00516922
0.0385909999999999	0.00519946
0.0388368	0.00522996
0.0390826	0.0052607
0.0393284	0.0052917
0.0395741	0.00532296
0.0398198999999999	0.00535448
0.0400657	0.00538626
0.0403115	0.00541831
0.0405572	0.00545063
0.040803	0.00548322
0.0410488	0.00551608
0.0412945	0.00554922
0.0415403	0.00558265
0.0417861	0.00561636
0.0420319	0.00565035
0.0422776	0.00568464
0.0425234	0.00571922
0.0427692	0.00575409
0.043015	0.00578927
0.0432607	0.00582475
0.0435065	0.00586054
0.0437523	0.00589664
0.043998	0.00593305
0.0442438	0.00596978
0.0444895999999999	0.00600683
0.0447354	0.00604421
0.0449811	0.00608191
0.0452269	0.00611995
0.0454726999999999	0.00615833
0.0457185	0.00619704
0.0459642	0.0062361
0.04621	0.00627551
0.0464558	0.00631526
0.0467016	0.00635538
0.0469473	0.00639586
0.0471931	0.0064367
0.0474389	0.00647791
0.0476846	0.00651949
0.0479304	0.00656145
0.0481762	0.00660379
0.048422	0.00664652
0.0486677	0.00668964
0.0489135	0.00673316
0.0491592999999999	0.00677707
0.0494051	0.0068214
0.0496508	0.00686613
0.0498966	0.00691128
0.0501423999999999	0.00695685
0.0503881	0.00700284
0.0506339	0.00704927
0.0508797	0.00709613
0.0511255	0.00714343
0.0513711999999999	0.00719118
0.051617	0.00723939
0.0518628	0.00728805
0.0521086	0.00733717
0.0523543	0.00738676
0.0526001	0.00743683
0.0528459	0.00748738
0.0530916	0.00753841
0.0533374	0.00758994
0.0535832	0.00764197
0.0538289999999999	0.00769451
0.0540747	0.00774755
0.0543205	0.00780112
0.0545663	0.00785521
0.0548120999999999	0.00790983
0.0550578	0.00796499
0.0553036	0.0080207
0.0555494	0.00807696
0.0557950999999999	0.00813378
0.0560408999999999	0.00819117
0.0562867	0.00824913
0.0565325	0.00830768
0.0567782	0.00836681
0.057024	0.00842655
0.0572698	0.00848688
0.0575156	0.00854784
0.0577613	0.00860941
0.0580071	0.00867161
0.0582529	0.00873445
0.0584986	0.00879794
0.0587444	0.00886209
0.0589902	0.00892689
0.059236	0.00899238
0.0594817	0.00905854
0.0597275	0.0091254
0.0599733	0.00919295
0.0602191	0.00926122
0.0604647999999999	0.00933021
0.0607105999999999	0.00939993
0.0609564	0.00947039
0.0612022	0.0095416
0.0614479	0.00961357
0.0616936999999999	0.00968632
0.0619395	0.00975985
0.0621852	0.00983417
0.062431	0.00990929
0.0626768	0.00998524
0.0629226	0.010062
0.0631683	0.0101396
0.0634141	0.0102181
0.0636599	0.0102974
0.0639057	0.0103776
0.0641514	0.0104587
0.0643972	0.0105407
0.064643	0.0106236
0.0648887	0.0107074
0.0651344999999999	0.0107922
0.0653802999999999	0.0108779
0.0656261	0.0109646
0.0658718	0.0110523
0.0661176	0.011141
0.0663633999999999	0.0112307
0.0666092	0.0113214
0.0668549	0.0114132
0.0671007	0.011506
0.0673465	0.0116
0.0675921999999999	0.011695
0.067838	0.0117911
0.0680838	0.0118883
0.0683296	0.0119867
0.0685753	0.0120862
0.0688211	0.0121869
0.0690669	0.0122888
0.0693127	0.0123919
0.0695584	0.0124963
0.0698042	0.0126019
0.0700499999999999	0.0127088
0.0702957	0.0128169
0.0705415	0.0129264
0.0707873	0.0130372
0.0710331	0.0131494
0.0712788	0.013263
0.0715246	0.0133779
0.0717704	0.0134943
0.0720162	0.0136121
0.0722618999999999	0.0137314
0.0725077	0.0138521
0.0727535	0.0139744
0.0729992	0.0140982
0.0732449999999999	0.0142236
0.0734908	0.0143506
0.0737366	0.0144792
0.0739823	0.0146094
0.0742281	0.0147413
0.0744739	0.0148749
0.0747196999999999	0.0150102
0.0749654	0.0151473
0.0752112	0.0152862
0.075457	0.0154269
0.0757028	0.0155694
0.0759485	0.0157138
0.0761943	0.0158602
0.0764401	0.0160084
0.0766858	0.0161587
0.0769315999999999	0.0163109
0.0771774	0.0164652
0.0774232	0.0166216
0.0776689	0.0167801
0.0779146999999999	0.0169408
0.0781605	0.0171037
0.0784063	0.0172688
0.078652	0.0174361
0.0788978	0.0176058
0.0791436	0.0177778
0.0793893	0.0179523
0.0796351	0.0181291
0.0798809	0.0183085
0.0801267	0.0184904
0.0803724	0.0186749
0.0806182	0.018862
0.080864	0.0190517
0.0811098	0.0192442
0.0813555	0.0194395
0.0816013	0.0196376
0.0818471	0.0198386
0.0820928	0.0200425
0.0823386	0.0202494
0.0825843999999999	0.0204593
0.0828302	0.0206724
0.0830759	0.0208886
0.0833217	0.021108
0.0835675	0.0213308
0.0838133	0.0215568
0.084059	0.0217863
0.0843048	0.0220193
0.0845506	0.0222558
0.0847963	0.022496
0.0850421	0.0227398
0.0852879	0.0229874
0.0855337	0.0232389
0.0857794	0.0234943
0.0860252	0.0237536
0.086271	0.0240171
0.0865168	0.0242847
0.0867625	0.0245565
0.0870083	0.0248327
0.0872540999999999	0.0251133
0.0874998	0.0253985
0.0877456	0.0256882
0.0879914	0.0259827
0.0882372	0.0262819
0.0884829	0.0265861
0.0887287	0.0268952
0.0889745	0.0272095
0.0892203	0.027529
0.089466	0.0278539
0.0897118	0.0281842
0.0899576	0.02852
0.0902034	0.0288616
0.0904491	0.0292089
0.0906949	0.0295622
0.0909407	0.0299216
0.0911864	0.0302872
0.0914322	0.0306591
0.091678	0.0310375
0.0919237999999999	0.0314226
0.0921695	0.0318144
0.0924153	0.0322132
0.0926611	0.032619
0.0929069	0.0330321
0.0931526	0.0334526
0.0933984	0.0338807
0.0936442	0.0343166
0.0938899	0.0347604
0.0941357	0.0352123
0.0943815	0.0356726
0.0946273	0.0361414
0.094873	0.0366189
0.0951188	0.0371053
0.0953646	0.0376008
0.0956104	0.0381057
0.0958561	0.0386202
0.0961019	0.0391445
0.0963477	0.0396789
0.0965934	0.0402235
0.0968392	0.0407787
0.097085	0.0413447
0.0973308	0.0419218
0.0975765	0.0425102
0.0978223	0.0431103
0.0980681	0.0437223
0.0983139	0.0443465
0.0985596	0.0449833
0.0988054	0.0456329
0.0990512	0.0462957
0.0992969	0.046972
0.0995427	0.0476621
0.0997885	0.0483665
0.1000343	0.0490855
0.10028	0.0498195
0.1005258	0.0505689
0.1007716	0.051334
0.1010174	0.0521153
0.1012631	0.0529132
0.1015089	0.0537282
0.1017547	0.0545608
0.1020005	0.0554113
0.1022462	0.0562803
0.102492	0.0571683
0.1027378	0.0580758
0.1029835	0.0590033
0.1032293	0.0599514
0.1034751	0.0609207
0.1037209	0.0619117
0.1039666	0.0629251
0.1042124	0.0639614
0.1044582	0.0650214
0.104704	0.0661056
0.1049497	0.0672148
0.1051955	0.0683497
0.1054413	0.069511
0.105687	0.0706994
0.1059328	0.0719158
0.1061786	0.073161
0.1064244	0.0744357
0.1066701	0.0757409
0.1069159	0.0770774
0.1071617	0.0784462
0.1074075	0.0798482
0.1076532	0.0812843
0.107899	0.0827556
0.1081448	0.0842632
0.1083905	0.085808
0.1086363	0.0873913
0.1088821	0.0890141
0.1091279	0.0906777
0.1093736	0.0923832
0.1096194	0.094132
0.1098652	0.0959253
0.110111	0.0977645
0.1103567	0.099651
0.1106025	0.101586
0.1108483	0.103572
0.111094	0.105609
0.1113398	0.107699
0.1115856	0.109845
0.1118314	0.112047
0.1120771	0.114307
0.1123229	0.116628
0.1125687	0.11901
0.1128145	0.121456
0.1130602	0.123969
0.113306	0.126549
0.1135518	0.129199
0.1137975	0.131921
0.1140433	0.134717
0.1142891	0.13759
0.1145349	0.140542
0.1147806	0.143575
0.1150264	0.146692
0.1152722	0.149895
0.115518	0.153187
0.1157637	0.15657
0.1160095	0.160047
0.1162553	0.163621
0.1165011	0.167295
0.1167468	0.171072
0.1169926	0.174954
0.1172384	0.178945
0.1174841	0.183047
0.1177299	0.187264
0.1179757	0.191599
0.1182215	0.196054
0.11846723	0.200634
0.11871301	0.205342
0.11895878	0.210179
0.11920455	0.215151
0.11945033	0.22026
0.1196961	0.225508
0.11994187	0.2309
0.12018764	0.236438
0.12043342	0.242126
0.12067919	0.247966
0.12092496	0.25396
0.12117074	0.260112
0.12141651	0.266425
0.12166228	0.272899
0.12190805	0.279537
0.12215383	0.286342
0.1223996	0.293313
0.12264537	0.300453
0.12289115	0.307762
0.12313692	0.315239
0.12338269	0.322886
0.12362846	0.3307
0.12387424	0.338681
0.12412001	0.346826
0.12436578	0.355133
0.12461156	0.363598
0.12485733	0.372217
0.1251031	0.380985
0.12534887	0.389896
0.12559465	0.398943
0.12584042	0.408119
0.12608619	0.417416
0.12633197	0.426824
0.12657774	0.436333
0.12682351	0.445933
0.12706928	0.455612
0.127315058	0.465358
0.12756083	0.475158
0.127806603	0.484999
0.128052376	0.494868
0.12829814907	0.50475
0.128543922	0.514633
0.128789695	0.524502
0.129035468	0.534344
0.129281241	0.544145
0.12952701	0.553891
0.12977279	0.563571
0.13001856	0.573172
0.13026433	0.582682
0.13051011	0.592091
0.13075588	0.601389
0.13100165	0.610567
0.13124742	0.619616
0.1314932	0.628528
0.13173897	0.637298
0.13198474	0.645918
0.13223052	0.654385
0.13247629	0.662694
0.13272206	0.670841
0.13296783	0.678823
0.13321361	0.686639
0.13345938	0.694288
0.13370515	0.701767
0.13395093	0.709077
0.1341967	0.716219
0.13444247	0.723192
0.13468824	0.729998
0.13493402	0.736638
0.13517979	0.743113
0.13542556	0.749427
0.13567134	0.75558
0.13591711	0.761576
0.13616288	0.767416
0.13640865	0.773105
0.13665443	0.778644
0.1369002	0.784037
0.13714597	0.789286
0.13739175	0.794395
0.13763752	0.799367
0.13788329	0.804206
0.13812906	0.808913
0.1383748	0.813493
0.1386206	0.817949
0.1388664	0.822284
0.1391122	0.826501
0.1393579	0.830603
0.1396037	0.834594
0.1398495	0.838476
0.1400952	0.842252
0.140341	0.845925
0.1405868	0.849499
0.1408326	0.852976
0.1410783	0.856358
0.1413241	0.859649
0.1415699	0.862851
0.1418157	0.865967
0.1420614	0.868999
0.1423072	0.87195
0.142553	0.874821
0.1427987	0.877617
0.1430445	0.880337
0.1432903	0.882986
0.1435361	0.885565
0.1437818	0.888075
0.1440276	0.89052
0.1442734	0.892901
0.1445192	0.89522
0.1447649	0.897478
0.1450107	0.899678
0.1452565	0.901822
0.1455023	0.90391
0.145748	0.905945
0.1459938	0.907928
0.1462396	0.909861
0.1464853	0.911745
0.1467311	0.913582
0.1469769	0.915373
0.1472227	0.917119
0.1474684	0.918822
0.1477142	0.920483
0.14796	0.922103
0.1482058	0.923684
0.1484515	0.925226
0.1486973	0.92673
0.1489431	0.928199
0.1491888	0.929632
0.1494346	0.931031
0.1496804	0.932396
0.1499262	0.93373
0.1501719	0.935031
0.1504177	0.936303
0.1506635	0.937545
0.1509093	0.938758
0.151155	0.939943
0.1514008	0.9411
0.1516466	0.942231
0.1518923	0.943337
0.1521381	0.944417
0.1523839	0.945474
0.1526297	0.946506
0.1528754	0.947516
0.1531212	0.948503
0.153367	0.949468
0.1536128	0.950412
0.1538585	0.951335
0.1541043	0.952238
0.1543501	0.953122
0.1545958	0.953987
0.1548416	0.954833
0.1550874	0.955661
0.1553332	0.956472
0.1555789	0.957265
0.1558247	0.958042
0.1560705	0.958802
0.1563163	0.959547
0.156562	0.960276
0.1568078	0.96099
0.1570536	0.96169
0.1572993	0.962375
0.1575451	0.963046
0.1577909	0.963704
0.1580367	0.964348
0.1582824	0.96498
0.1585282	0.965599
0.158774	0.966205
0.1590198	0.9668
0.1592655	0.967383
0.1595113	0.967955
0.1597571	0.968515
0.1600029	0.969065
0.1602486	0.969604
0.1604944	0.970132
0.1607402	0.970651
0.1609859	0.97116
0.1612317	0.971659
0.1614775	0.972148
0.1617233	0.972628
0.161969	0.9731
0.1622148	0.973563
0.1624606	0.974017
0.1627064	0.974462
0.1629521	0.9749
0.1631979	0.975329
0.1634437	0.975751
0.1636894	0.976165
0.1639352	0.976571
0.164181	0.976971
0.1644268	0.977363
0.1646725	0.977748
0.1649183	0.978126
0.1651641	0.978497
0.1654099	0.978862
0.1656556	0.979221
0.1659014	0.979573
0.1661472	0.979919
0.1663929	0.98026
0.1666387	0.980594
0.1668845	0.980922
0.1671303	0.981245
0.167376	0.981563
0.1676218	0.981875
0.1678676	0.982181
0.1681134	0.982483
0.1683591	0.982779
0.1686049	0.983071
0.1688507	0.983357
0.1690964	0.983639
0.1693422	0.983916
0.169588	0.984189
0.1698338	0.984457
0.1700795	0.98472
0.1703253	0.98498
0.1705711	0.985235
0.1708169	0.985486
0.1710626	0.985733
0.1713084	0.985975
0.1715542	0.986214
0.1717999	0.98645
0.1720457	0.986681
0.1722915	0.986909
0.1725373	0.987133
0.172783	0.987353
0.1730288	0.98757
0.1732746	0.987784
0.1735204	0.987994
0.1737661	0.988201
0.1740119	0.988404
0.1742577	0.988605
0.1745035	0.988802
0.1747492	0.988996
0.174995	0.989188
0.1752408	0.989376
0.1754865	0.989561
0.1757323	0.989744
0.1759781	0.989924
0.1762239	0.990101
0.1764696	0.990275
0.1767154	0.990447
0.1769612	0.990616
0.177207	0.990782
0.1774527	0.990946
0.1776985	0.991108
0.1779443	0.991267
0.17819	0.991423
0.1784358	0.991577
0.1786816	0.991729
0.1789274	0.991879
0.1791731	0.992026
0.1794189	0.992171
0.1796647	0.992314
0.1799105	0.992455
0.1801562	0.992594
0.180402	0.992731
0.1806478	0.992866
0.1808935	0.992998
0.1811393	0.993129
0.1813851	0.993258
0.1816309	0.993384
0.1818766	0.993509
0.1821224	0.993633
0.1823682	0.993754
0.182614	0.993873
0.1828597	0.993991
0.1831055	0.994107
0.1833513	0.994221
0.183597	0.994334
0.1838428	0.994445
0.1840886	0.994554
0.1843344	0.994662
0.1845801	0.994768
0.1848259	0.994872
0.1850717	0.994975
0.1853175	0.995077
0.1855632	0.995177
0.185809	0.995275
0.1860548	0.995372
0.1863006	0.995468
0.1865463	0.995562
0.1867921	0.995654
0.1870379	0.995746
0.1872836	0.995836
0.1875294	0.995924
0.1877752	0.996012
0.188021	0.996098
0.1882667	0.996182
0.1885125	0.996266
0.1887583	0.996348
0.1890041	0.996429
0.1892498	0.996508
0.1894956	0.996587
0.1897414	0.996664
0.1899871	0.99674
0.1902329	0.996815
0.1904787	0.996889
0.1907245	0.996962
0.1909702	0.997033
0.191216	0.997104
0.1914618	0.997173
0.1917076	0.997241
0.1919533	0.997308
0.1921991	0.997374
0.1924449	0.997439
0.1926906	0.997504
0.1929364	0.997567
0.1931822	0.997628
0.193428	0.997689
0.1936737	0.997749
0.1939195	0.997808
0.1941653	0.997867
0.1944111	0.997924
0.1946568	0.99798
0.1949026	0.998035
0.1951484	0.998089
0.1953941	0.998143
0.1956399	0.998195
0.1958857	0.998247
0.1961315	0.998297
0.1963772	0.998347
0.196623	0.998396
0.1968688	0.998444
0.1971146	0.998491
0.1973603	0.998538
0.1976061	0.998583
0.1978519	0.998628
0.1980976	0.998672
0.1983434	0.998715
0.1985892	0.998757
0.198835	0.998798
0.1990807	0.998839
0.1993265	0.998879
0.1995723	0.998918
0.1998181	0.998956
0.2000638	0.998993
0.2003096	0.99903
0.2005554	0.999066
0.2008012	0.999101
0.2010469	0.999136
0.2012927	0.999169
0.2015385	0.999202
0.2017842	0.999235
0.20203	0.999266
0.2022758	0.999297
0.2025216	0.999327
0.2027673	0.999357
0.2030131	0.999385
0.2032589	0.999413
0.2035047	0.999441
0.2037504	0.999467
0.2039962	0.999493
0.204242	0.999518
0.2044877	0.999543
0.2047335	0.999567
0.2049793	0.99959
0.2052251	0.999612
0.2054708	0.999634
0.2057166	0.999655
0.2059624	0.999676
0.2062082	0.999696
0.2064539	0.999715
0.2066997	0.999734
0.2069455	0.999752
0.2071912	0.999769
0.207437	0.999786
0.2076828	0.999802
0.2079286	0.999817
0.2081743	0.999832
0.2084201	0.999846
0.2086659	0.999859
0.2089117	0.999872
0.2091574	0.999884
0.2094032	0.999896
0.209649	0.999907
0.2098947	0.999917
0.2101405	0.999927
0.2103863	0.999936
0.2106321	0.999945
0.2108778	0.999953
0.2111236	0.99996
0.2113694	0.999967
0.2116152	0.999973
0.2118609	0.999978
0.2121067	0.999983
0.2123525	0.999987
0.2125982	0.999991
0.212844	0.999994
0.2130898	0.999996
0.2133356	0.999998
0.2135813	0.999999
0.2138271	1
0.2140729	1
0.2143187	0.999999
0.2145644	0.999998
0.2148102	0.999996
0.215056	0.999994
0.2153018	0.999991
0.2155475	0.999987
0.2157933	0.999983
0.2160391	0.999978
0.2162848	0.999973
0.2165306	0.999967
0.2167764	0.99996
0.2170222	0.999953
0.2172679	0.999945
0.2175137	0.999936
0.2177595	0.999927
0.2180053	0.999917
0.218251	0.999907
0.2184968	0.999896
0.2187426	0.999884
0.2189883	0.999872
0.2192341	0.999859
0.2194799	0.999846
0.2197257	0.999832
0.2199714	0.999817
0.2202172	0.999802
0.220463	0.999786
0.2207088	0.999769
0.2209545	0.999752
0.2212003	0.999734
0.2214461	0.999715
0.2216918	0.999696
0.2219376	0.999676
0.2221834	0.999655
0.2224292	0.999634
0.2226749	0.999612
0.2229207	0.99959
0.2231665	0.999567
0.2234123	0.999543
0.223658	0.999518
0.2239038	0.999493
0.2241496	0.999467
0.2243953	0.999441
0.2246411	0.999413
0.2248869	0.999385
0.2251327	0.999357
0.2253784	0.999327
0.2256242	0.999297
0.22587	0.999266
0.2261158	0.999235
0.2263615	0.999202
0.2266073	0.999169
0.2268531	0.999136
0.2270988	0.999101
0.2273446	0.999066
0.2275904	0.99903
0.2278362	0.998993
0.2280819	0.998956
0.228328	0.998918
0.228573	0.998879
0.228819	0.998839
0.229065	0.998798
0.229311	0.998757
0.229557	0.998715
0.229802	0.998672
0.230048	0.998628
0.230294	0.998583
0.23054	0.998538
0.230785	0.998491
0.231031	0.998444
0.231277	0.998396
0.231523	0.998347
0.231769	0.998297
0.232014	0.998247
0.23226	0.998195
0.232506	0.998143
0.232752	0.998089
0.232997	0.998035
0.233243	0.99798
0.233489	0.997924
0.233735	0.997867
0.23398	0.997808
0.234226	0.997749
0.234472	0.997689
0.234718	0.997628
0.234964	0.997567
0.235209	0.997504
0.235455	0.997439
0.235701	0.997374
0.235947	0.997308
0.236192	0.997241
0.236438	0.997173
0.236684	0.997104
0.23693	0.997033
0.237176	0.996962
0.237421	0.996889
0.237667	0.996815
0.237913	0.99674
0.238159	0.996664
0.238404	0.996587
0.23865	0.996508
0.238896	0.996429
0.239142	0.996348
0.239387	0.996266
0.239633	0.996182
0.239879	0.996098
0.240125	0.996012
0.240371	0.995924
0.240616	0.995836
0.240862	0.995746
0.241108	0.995654
0.241354	0.995562
0.241599	0.995468
0.241845	0.995372
0.242091	0.995275
0.242337	0.995177
0.242583	0.995077
0.242828	0.994975
0.243074	0.994872
0.24332	0.994768
0.243566	0.994662
0.243811	0.994554
0.244057	0.994445
0.244303	0.994334
0.244549	0.994221
0.244794	0.994107
0.24504	0.993991
0.245286	0.993873
0.245532	0.993754
0.245778	0.993633
0.246023	0.993509
0.246269	0.993384
0.246515	0.993258
0.246761	0.993129
0.247006	0.992998
0.247252	0.992866
0.247498	0.992731
0.247744	0.992594
0.24799	0.992455
0.248235	0.992314
0.248481	0.992171
0.248727	0.992026
0.248973	0.991879
0.249218	0.991729
0.249464	0.991577
0.24971	0.991423
0.249956	0.991267
0.250202	0.991108
0.250447	0.990946
0.250693	0.990782
0.250939	0.990616
0.251185	0.990447
0.25143	0.990275
0.251676	0.990101
0.251922	0.989924
0.252168	0.989744
0.252413	0.989561
0.252659	0.989376
0.252905	0.989188
0.253151	0.988996
0.253397	0.988802
0.253642	0.988605
0.253888	0.988404
0.254134	0.988201
0.25438	0.987994
0.254625	0.987784
0.254871	0.98757
0.255117	0.987353
0.255363	0.987133
0.255609	0.986909
0.255854	0.986681
0.2561	0.98645
0.256346	0.986214
0.256592	0.985975
0.256837	0.985733
0.257083	0.985486
0.257329	0.985235
0.257575	0.98498
0.25782	0.98472
0.258066	0.984457
0.258312	0.984189
0.258558	0.983916
0.258804	0.983639
0.259049	0.983357
0.259295	0.983071
0.259541	0.982779
0.259787	0.982483
0.260032	0.982181
0.260278	0.981875
0.260524	0.981563
0.26077	0.981245
0.261016	0.980922
0.261261	0.980594
0.261507	0.98026
0.261753	0.979919
0.261999	0.979573
0.262244	0.979221
0.26249	0.978862
0.262736	0.978497
0.262982	0.978126
0.263227	0.977748
0.263473	0.977363
0.263719	0.976971
0.263965	0.976571
0.264211	0.976165
0.264456	0.975751
0.264702	0.975329
0.264948	0.9749
0.265194	0.974462
0.265439	0.974017
0.265685	0.973563
0.265931	0.9731
0.266177	0.972628
0.266423	0.972148
0.266668	0.971659
0.266914	0.97116
0.26716	0.970651
0.267406	0.970132
0.267651	0.969604
0.267897	0.969065
0.268143	0.968515
0.268389	0.967955
0.268634	0.967383
0.26888	0.9668
0.269126	0.966205
0.269372	0.965599
0.269618	0.96498
0.269863	0.964348
0.270109	0.963704
0.270355	0.963046
0.270601	0.962375
0.270846	0.96169
0.271092	0.96099
0.271338	0.960276
0.271584	0.959547
0.27183	0.958802
0.272075	0.958042
0.272321	0.957265
0.272567	0.956472
0.272813	0.955661
0.273058	0.954833
0.273304	0.953987
0.27355	0.953122
0.273796	0.952238
0.274041	0.951335
0.274287	0.950412
0.274533	0.949468
0.274779	0.948503
0.275025	0.947516
0.27527	0.946506
0.275516	0.945474
0.275762	0.944417
0.276008	0.943337
0.276253	0.942231
0.276499	0.9411
0.276745	0.939943
0.276991	0.938758
0.277237	0.937545
0.277482	0.936303
0.277728	0.935031
0.277974	0.93373
0.27822	0.932396
0.278465	0.931031
0.278711	0.929632
0.278957	0.928199
0.279203	0.92673
0.279448	0.925226
0.279694	0.923684
0.27994	0.922103
0.280186	0.920483
0.280432	0.918822
0.280677	0.917119
0.280923	0.915373
0.281169	0.913582
0.281415	0.911745
0.28166	0.909861
0.281906	0.907928
0.282152	0.905945
0.282398	0.90391
0.282644	0.901822
0.282889	0.899678
0.283135	0.897478
0.283381	0.89522
0.283627	0.892901
0.283872	0.89052
0.284118	0.888075
0.284364	0.885565
0.28461	0.882986
0.284855	0.880337
0.285101	0.877617
0.285347	0.874821
0.285593	0.87195
0.285839	0.868999
0.286084	0.865967
0.28633	0.862851
0.286576	0.859649
0.286822	0.856358
0.287067	0.852976
0.287313	0.849499
0.287559	0.845925
0.287805	0.842252
0.288051	0.838476
0.288296	0.834594
0.288542	0.830603
0.288788	0.826501
0.289034	0.822284
0.289279	0.817949
0.289525	0.813493
0.289771	0.808913
0.290017	0.804206
0.290262	0.799367
0.290508	0.794395
0.290754	0.789286
0.291	0.784037
0.291246	0.778644
0.291491	0.773105
0.291737	0.767416
0.291983	0.761576
0.292229	0.75558
0.292474	0.749427
0.29272	0.743113
0.292966	0.736638
0.293212	0.729998
0.293458	0.723192
0.293703	0.716219
0.293949	0.709077
0.294195	0.701767
0.294441	0.694288
0.294686	0.686639
0.294932	0.678823
0.295178	0.670841
0.295424	0.662694
0.295669	0.654385
0.295915	0.645918
0.296161	0.637298
0.296407	0.628528
0.296653	0.619616
0.296898	0.610567
0.297144	0.601389
0.29739	0.592091
0.297636	0.582682
0.297881	0.573172
0.298127	0.563571
0.298373	0.553891
0.298619	0.544145
0.298865	0.534344
0.29911	0.524502
0.299356	0.514633
0.299602	0.50475
0.299848	0.494868
0.300093	0.484999
0.300339	0.475158
0.300585	0.465358
0.300831	0.455612
0.301076	0.445933
0.301322	0.436333
0.301568	0.426824
0.301814	0.417416
0.30206	0.408119
0.302305	0.398943
0.302551	0.389896
0.302797	0.380985
0.303043	0.372217
0.303288	0.363598
0.303534	0.355133
0.30378	0.346826
0.304026	0.338681
0.304272	0.3307
0.304517	0.322886
0.304763	0.315239
0.305009	0.307762
0.305255	0.300453
0.3055	0.293313
0.305746	0.286342
0.305992	0.279537
0.306238	0.272899
0.306483	0.266425
0.306729	0.260112
0.306975	0.25396
0.307221	0.247966
0.307467	0.242126
0.307712	0.236438
0.307958	0.2309
0.308204	0.225508
0.30845	0.22026
0.308695	0.215151
0.308941	0.210179
0.309187	0.205342
0.309433	0.200634
0.309679	0.196054
0.309924	0.191599
0.31017	0.187264
0.310416	0.183047
0.310662	0.178945
0.310907	0.174954
0.311153	0.171072
0.311399	0.167295
0.311645	0.163621
0.31189	0.160047
0.312136	0.15657
0.312382	0.153187
0.312628	0.149895
0.312874	0.146692
0.313119	0.143575
0.313365	0.140542
0.313611	0.13759
0.313857	0.134717
0.314102	0.131921
0.314348	0.129199
0.314594	0.126549
0.31484	0.123969
0.315086	0.121456
0.315331	0.11901
0.315577	0.116628
0.315823	0.114307
0.316069	0.112047
0.316314	0.109845
0.31656	0.107699
0.316806	0.105609
0.317052	0.103572
0.317297	0.101586
0.317543	0.099651
0.317789	0.0977645
0.318035	0.0959253
0.318281	0.094132
0.318526	0.0923832
0.318772	0.0906777
0.319018	0.0890141
0.319264	0.0873913
0.319509	0.085808
0.319755	0.0842632
0.320001	0.0827556
0.320247	0.0812843
0.320493	0.0798482
0.320738	0.0784462
0.320984	0.0770774
0.32123	0.0757409
0.321476	0.0744357
0.321721	0.073161
0.321967	0.0719158
0.322213	0.0706994
0.322459	0.069511
0.322705	0.0683497
0.32295	0.0672148
0.323196	0.0661056
0.323442	0.0650214
0.323688	0.0639614
0.323933	0.0629251
0.324179	0.0619117
0.324425	0.0609207
0.324671	0.0599514
0.324916	0.0590033
0.325162	0.0580758
0.325408	0.0571683
0.325654	0.0562803
0.3259	0.0554113
0.326145	0.0545608
0.326391	0.0537282
0.326637	0.0529132
0.326883	0.0521153
0.327128	0.051334
0.327374	0.0505689
0.32762	0.0498195
0.327866	0.0490855
0.328112	0.0483665
0.328357	0.0476621
0.328603	0.046972
0.328849	0.0462957
0.329095	0.0456329
0.32934	0.0449833
0.329586	0.0443465
0.329832	0.0437223
0.330078	0.0431103
0.330323	0.0425102
0.330569	0.0419218
0.330815	0.0413447
0.331061	0.0407787
0.331307	0.0402235
0.331552	0.0396789
0.331798	0.0391445
0.332044	0.0386202
0.33229	0.0381057
0.332535	0.0376008
0.332781	0.0371053
0.333027	0.0366189
0.333273	0.0361414
0.333519	0.0356726
0.333764	0.0352123
0.33401	0.0347604
0.334256	0.0343166
0.334502	0.0338807
0.334747	0.0334526
0.334993	0.0330321
0.335239	0.032619
0.335485	0.0322132
0.33573	0.0318144
0.335976	0.0314226
0.336222	0.0310375
0.336468	0.0306591
0.336714	0.0302872
0.336959	0.0299216
0.337205	0.0295622
0.337451	0.0292089
0.337697	0.0288616
0.337942	0.02852
0.338188	0.0281842
0.338434	0.0278539
0.33868	0.027529
0.338926	0.0272095
0.339171	0.0268952
0.339417	0.0265861
0.339663	0.0262819
0.339909	0.0259827
0.340154	0.0256882
0.3404	0.0253985
0.340646	0.0251133
0.340892	0.0248327
0.341137	0.0245565
0.341383	0.0242847
0.341629	0.0240171
0.341875	0.0237536
0.342121	0.0234943
0.342366	0.0232389
0.342612	0.0229874
0.342858	0.0227398
0.343104	0.022496
0.343349	0.0222558
0.343595	0.0220193
0.343841	0.0217863
0.344087	0.0215568
0.344333	0.0213308
0.344578	0.021108
0.344824	0.0208886
0.34507	0.0206724
0.345316	0.0204593
0.345561	0.0202494
0.345807	0.0200425
0.346053	0.0198386
0.346299	0.0196376
0.346544	0.0194395
0.34679	0.0192442
0.347036	0.0190517
0.347282	0.018862
0.347528	0.0186749
0.347773	0.0184904
0.348019	0.0183085
0.348265	0.0181291
0.348511	0.0179523
0.348756	0.0177778
0.349002	0.0176058
0.349248	0.0174361
0.349494	0.0172688
0.34974	0.0171037
0.349985	0.0169408
0.350231	0.0167801
0.350477	0.0166216
0.350723	0.0164652
0.350968	0.0163109
0.351214	0.0161587
0.35146	0.0160084
0.351706	0.0158602
0.351951	0.0157138
0.352197	0.0155694
0.352443	0.0154269
0.352689	0.0152862
0.352935	0.0151473
0.35318	0.0150102
0.353426	0.0148749
0.353672	0.0147413
0.353918	0.0146094
0.354163	0.0144792
0.354409	0.0143506
0.354655	0.0142236
0.354901	0.0140982
0.355147	0.0139744
0.355392	0.0138521
0.355638	0.0137314
0.355884	0.0136121
0.35613	0.0134943
0.356375	0.0133779
0.356621	0.013263
0.356867	0.0131494
0.357113	0.0130372
0.357358	0.0129264
0.357604	0.0128169
0.35785	0.0127088
0.358096	0.0126019
0.358342	0.0124963
0.358587	0.0123919
0.358833	0.0122888
0.359079	0.0121869
0.359325	0.0120862
0.35957	0.0119867
0.359816	0.0118883
0.360062	0.0117911
0.360308	0.011695
0.360554	0.0116
0.360799	0.011506
0.361045	0.0114132
0.361291	0.0113214
0.361537	0.0112307
0.361782	0.011141
0.362028	0.0110523
0.362274	0.0109646
0.36252	0.0108779
0.362765	0.0107922
0.363011	0.0107074
0.363257	0.0106236
0.363503	0.0105407
0.363749	0.0104587
0.363994	0.0103776
0.36424	0.0102974
0.364486	0.0102181
0.364732	0.0101396
0.364977	0.010062
0.365223	0.00998524
0.365469	0.00990929
0.365715	0.00983417
0.365961	0.00975985
0.366206	0.00968632
0.366452	0.00961357
0.366698	0.0095416
0.366944	0.00947039
0.367189	0.00939993
0.367435	0.00933021
0.367681	0.00926122
0.367927	0.00919295
0.368172	0.0091254
0.368418	0.00905854
0.368664	0.00899238
0.36891	0.00892689
0.369156	0.00886209
0.369401	0.00879794
0.369647	0.00873445
0.369893	0.00867161
0.370139	0.00860941
0.370384	0.00854784
0.37063	0.00848688
0.370876	0.00842655
0.371122	0.00836681
0.371368	0.00830768
0.371613	0.00824913
0.371859	0.00819117
0.372105	0.00813378
0.372351	0.00807696
0.372596	0.0080207
0.372842	0.00796499
0.373088	0.00790983
0.373334	0.00785521
0.373579	0.00780112
0.373825	0.00774755
0.374071	0.00769451
0.374317	0.00764197
0.374563	0.00758994
0.374808	0.00753841
0.375054	0.00748738
0.3753	0.00743683
0.375546	0.00738676
0.375791	0.00733717
0.376037	0.00728805
0.376283	0.00723939
0.376529	0.00719118
0.376775	0.00714343
0.37702	0.00709613
0.377266	0.00704927
0.377512	0.00700284
0.377758	0.00695685
0.378003	0.00691128
0.378249	0.00686613
0.378495	0.0068214
0.378741	0.00677707
0.378986	0.00673316
0.379232	0.00668964
0.379478	0.00664652
0.379724	0.00660379
0.37997	0.00656145
0.380215	0.00651949
0.380461	0.00647791
0.380707	0.0064367
0.380953	0.00639586
0.381198	0.00635538
0.381444	0.00631526
0.38169	0.00627551
0.381936	0.0062361
0.382182	0.00619704
0.382427	0.00615833
0.382673	0.00611995
0.382919	0.00608191
0.383165	0.00604421
0.38341	0.00600683
0.383656	0.00596978
0.383902	0.00593305
0.384148	0.00589664
0.384393	0.00586054
0.384639	0.00582475
0.384885	0.00578927
0.385131	0.00575409
0.385377	0.00571922
0.385622	0.00568464
0.385868	0.00565035
0.386114	0.00561636
0.38636	0.00558265
0.386605	0.00554922
0.386851	0.00551608
0.387097	0.00548322
0.387343	0.00545063
0.387589	0.00541831
0.387834	0.00538626
0.38808	0.00535448
0.388326	0.00532296
0.388572	0.0052917
0.388817	0.0052607
0.389063	0.00522996
0.389309	0.00519946
0.389555	0.00516922
0.389801	0.00513922
0.390046	0.00510947
0.390292	0.00507996
0.390538	0.00505069
0.390784	0.00502165
0.391029	0.00499285
0.391275	0.00496428
0.391521	0.00493594
0.391767	0.00490783
0.392012	0.00487994
0.392258	0.00485227
0.392504	0.00482482
0.39275	0.0047976
0.392996	0.00477058
0.393241	0.00474378
0.393487	0.00471719
0.393733	0.00469081
0.393979	0.00466464
0.394224	0.00463867
0.39447	0.0046129
0.394716	0.00458734
0.394962	0.00456197
0.395208	0.0045368
0.395453	0.00451182
0.395699	0.00448704
0.395945	0.00446245
0.396191	0.00443804
0.396436	0.00441382
0.396682	0.00438979
0.396928	0.00436594
0.397174	0.00434227
0.397419	0.00431879
0.397665	0.00429548
0.397911	0.00427234
0.398157	0.00424938
0.398403	0.0042266
0.398648	0.00420398
0.398894	0.00418153
0.39914	0.00415925
0.399386	0.00413714
0.399631	0.00411519
0.399877	0.00409341
0.400123	0.00407178
0.400369	0.00405032
0.400615	0.00402901
0.40086	0.00400786
0.401106	0.00398687
0.401352	0.00396602
0.401598	0.00394534
0.401843	0.0039248
0.402089	0.00390441
0.402335	0.00388417
0.402581	0.00386408
0.402826	0.00384413
0.403072	0.00382432
0.403318	0.00380466
0.403564	0.00378514
0.40381	0.00376576
0.404055	0.00374652
0.404301	0.00372741
0.404547	0.00370845
0.404793	0.00368961
0.405038	0.00367091
0.405284	0.00365234
0.40553	0.00363391
0.405776	0.0036156
0.406022	0.00359742
0.406267	0.00357937
0.406513	0.00356145
0.406759	0.00354365
0.407005	0.00352597
0.40725	0.00350842
0.407496	0.00349099
0.407742	0.00347368
0.407988	0.00345649
0.408233	0.00343942
0.408479	0.00342247
0.408725	0.00340563
0.408971	0.00338891
0.409217	0.00337231
0.409462	0.00335581
0.409708	0.00333943
0.409954	0.00332316
0.4102	0.00330701
0.410445	0.00329096
0.410691	0.00327502
0.410937	0.00325918
0.411183	0.00324346
0.411429	0.00322784
0.411674	0.00321232
0.41192	0.00319691
0.412166	0.0031816
0.412412	0.0031664
0.412657	0.00315129
0.412903	0.00313629
0.413149	0.00312138
0.413395	0.00310657
0.41364	0.00309186
0.413886	0.00307725
0.414132	0.00306274
0.414378	0.00304832
0.414624	0.00303399
0.414869	0.00301976
0.415115	0.00300562
0.415361	0.00299157
0.415607	0.00297762
0.415852	0.00296375
0.416098	0.00294998
0.416344	0.00293629
0.41659	0.00292269
0.416836	0.00290918
0.417081	0.00289576
0.417327	0.00288242
0.417573	0.00286917
0.417819	0.00285601
0.418064	0.00284292
0.41831	0.00282992
0.418556	0.00281701
0.418802	0.00280417
0.419047	0.00279142
0.419293	0.00277875
0.419539	0.00276615
0.419785	0.00275364
0.420031	0.0027412
0.420276	0.00272885
0.420522	0.00271657
0.420768	0.00270437
0.421014	0.00269224
0.421259	0.00268019
0.421505	0.00266821
0.421751	0.00265631
0.421997	0.00264448
0.422243	0.00263273
0.422488	0.00262105
0.422734	0.00260944
0.42298	0.0025979
0.423226	0.00258643
0.423471	0.00257503
0.423717	0.00256371
0.423963	0.00255245
0.424209	0.00254126
0.424454	0.00253014
0.4247	0.00251908
0.424946	0.00250809
0.425192	0.00249717
0.425438	0.00248632
0.425683	0.00247553
0.425929	0.00246481
0.426175	0.00245415
0.426421	0.00244355
0.426666	0.00243302
0.426912	0.00242255
0.427158	0.00241214
0.427404	0.0024018
0.42765	0.00239151
0.427895	0.00238129
0.428141	0.00237113
0.428387	0.00236103
0.428633	0.00235099
0.428878	0.002341
0.429124	0.00233108
0.42937	0.00232122
0.429616	0.00231141
0.429861	0.00230166
0.430107	0.00229197
0.430353	0.00228233
0.430599	0.00227275
0.430845	0.00226322
0.43109	0.00225375
0.431336	0.00224434
0.431582	0.00223498
0.431828	0.00222567
0.432073	0.00221642
0.432319	0.00220722
0.432565	0.00219808
0.432811	0.00218898
0.433057	0.00217994
0.433302	0.00217095
0.433548	0.00216201
0.433794	0.00215313
0.43404	0.00214429
0.434285	0.0021355
0.434531	0.00212677
0.434777	0.00211808
0.435023	0.00210944
0.435268	0.00210085
0.435514	0.00209231
0.43576	0.00208382
0.436006	0.00207537
0.436252	0.00206698
0.436497	0.00205863
0.436743	0.00205032
0.436989	0.00204206
0.437235	0.00203385
0.43748	0.00202569
0.437726	0.00201757
0.437972	0.00200949
0.438218	0.00200146
0.438464	0.00199347
0.438709	0.00198553
0.438955	0.00197763
0.439201	0.00196978
0.439447	0.00196196
0.439692	0.00195419
0.439938	0.00194647
0.440184	0.00193878
0.44043	0.00193114
0.440675	0.00192354
0.440921	0.00191598
0.441167	0.00190846
0.441413	0.00190098
0.441659	0.00189355
0.441904	0.00188615
0.44215	0.00187879
0.442396	0.00187148
0.442642	0.0018642
0.442887	0.00185696
0.443133	0.00184976
0.443379	0.0018426
0.443625	0.00183547
0.443871	0.00182839
0.444116	0.00182134
0.444362	0.00181433
0.444608	0.00180736
0.444854	0.00180042
0.445099	0.00179353
0.445345	0.00178666
0.445591	0.00177984
0.445837	0.00177305
0.446082	0.00176629
0.446328	0.00175957
0.446574	0.00175289
0.44682	0.00174624
0.447066	0.00173963
0.447311	0.00173305
0.447557	0.0017265
0.447803	0.00171999
0.448049	0.00171352
0.448294	0.00170707
0.44854	0.00170066
0.448786	0.00169429
0.449032	0.00168794
0.449278	0.00168163
0.449523	0.00167535
0.449769	0.00166911
0.450015	0.0016629
0.450261	0.00165671
0.450506	0.00165056
0.450752	0.00164444
0.450998	0.00163836
0.451244	0.0016323
0.451489	0.00162628
0.451735	0.00162028
0.451981	0.00161432
0.452227	0.00160838
0.452473	0.00160248
0.452718	0.0015966
0.452964	0.00159076
0.45321	0.00158495
0.453456	0.00157916
0.453701	0.0015734
0.453947	0.00156768
0.454193	0.00156198
0.454439	0.00155631
0.454685	0.00155066
0.45493	0.00154505
0.455176	0.00153946
0.455422	0.00153391
0.455668	0.00152838
0.455913	0.00152287
0.456159	0.0015174
0.456405	0.00151195
0.456651	0.00150653
0.456896	0.00150113
0.457142	0.00149577
0.457388	0.00149042
0.457634	0.00148511
0.45788	0.00147982
0.458125	0.00147456
0.458371	0.00146932
0.458617	0.00146411
0.458863	0.00145892
0.459108	0.00145376
0.459354	0.00144862
0.4596	0.00144351
