-1.84	0
-1.8385	0
-1.837	0
-1.8355	0
-1.834	0
-1.8325	0
-1.831	0
-1.8295	0
-1.828	0
-1.8265	0
-1.825	0
-1.8235	0
-1.822	0
-1.8205	0
-1.819	0
-1.8175	0
-1.816	0
-1.8145	0
-1.813	0
-1.8115	0
-1.81	0
-1.8085	0
-1.807	0
-1.8055	0
-1.804	0
-1.8025	0
-1.801	0
-1.7995	0
-1.798	0
-1.7965	0
-1.795	0
-1.7935	0
-1.792	0
-1.7905	0
-1.789	0
-1.7875	0
-1.786	0
-1.7845	0
-1.783	0
-1.7815	0
-1.78	0
-1.7785	0
-1.777	0
-1.7755	0
-1.774	0
-1.7725	0
-1.771	0
-1.7695	0
-1.768	0
-1.7665	0
-1.765	0
-1.7635	0
-1.762	0
-1.7605	0
-1.759	0
-1.7575	0
-1.756	0
-1.7545	0
-1.753	0
-1.7515	0
-1.75	0
-1.7485	0
-1.747	0
-1.7455	0
-1.744	0
-1.7425	0
-1.741	0
-1.7395	0
-1.738	0
-1.7365	0
-1.735	0
-1.7335	0
-1.732	0
-1.7305	0
-1.729	0
-1.7275	0
-1.726	0
-1.7245	0
-1.723	0
-1.7215	0
-1.72	0
-1.7185	0
-1.717	0
-1.7155	0
-1.714	0
-1.7125	0
-1.711	0
-1.7095	0
-1.708	0
-1.7065	0
-1.705	0
-1.7035	0
-1.702	0
-1.7005	0
-1.699	0
-1.6975	0
-1.696	0
-1.6945	0
-1.693	0
-1.6915	0
-1.69	0
-1.6885	0
-1.687	0
-1.6855	0
-1.684	0
-1.6825	0
-1.681	0
-1.6795	0
-1.678	0
-1.6765	0
-1.675	0
-1.6735	0
-1.672	0
-1.6705	0
-1.669	0
-1.6675	0
-1.666	0
-1.6645	0
-1.663	0
-1.6615	0
-1.66	0
-1.6585	6.25E-6
-1.657	1.24684E-5
-1.6555	1.86494E-5
-1.654	2.47949E-5
-1.6525	3.09053E-5
-1.651	3.69806E-5
-1.6495	4.3021E-5
-1.648	4.90267E-5
-1.6465	5.49979E-5
-1.645	6.09345E-5
-1.6435	6.68369E-5
-1.642	7.27052E-5
-1.6405	7.85395E-5
-1.639	8.43399E-5
-1.6375	9.01067E-5
-1.636	9.58399E-5
-1.6345	1.0154E-4
-1.633	1.07206E-4
-1.6315	1.1284E-4
-1.63	1.18441E-4
-1.6285	1.24009E-4
-1.627	1.29544E-4
-1.6255	1.35047E-4
-1.624	1.40517E-4
-1.6225	1.45955E-4
-1.621	1.51362E-4
-1.6195	1.56736E-4
-1.618	1.62079E-4
-1.6165	1.6739E-4
-1.615	1.7267E-4
-1.6135	1.77918E-4
-1.612	1.83136E-4
-1.6105	1.88322E-4
-1.609	1.93478E-4
-1.6075	1.98603E-4
-1.606	2.03697E-4
-1.6045	2.08762E-4
-1.603	2.13796E-4
-1.6015	2.188E-4
-1.6	2.23774E-4
-1.5985	2.28718E-4
-1.597	2.33633E-4
-1.5955	2.38518E-4
-1.594	2.43374E-4
-1.5925	2.48201E-4
-1.591	2.52998E-4
-1.5895	2.57768E-4
-1.588	2.62508E-4
-1.5865	2.6722E-4
-1.585	2.71903E-4
-1.5835	2.76558E-4
-1.582	2.81185E-4
-1.5805	2.85785E-4
-1.579	2.90356E-4
-1.5775	2.949E-4
-1.576	2.99416E-4
-1.5745	3.03905E-4
-1.573	3.08367E-4
-1.5715	3.12802E-4
-1.57	3.1721E-4
-1.5685	3.21591E-4
-1.567	3.25946E-4
-1.5655	3.30274E-4
-1.564	3.34576E-4
-1.5625	3.38852E-4
-1.561	3.43102E-4
-1.5595	3.47327E-4
-1.558	3.51525E-4
-1.5565	3.55698E-4
-1.555	3.59846E-4
-1.5535	3.63968E-4
-1.552	3.68066E-4
-1.5505	3.72138E-4
-1.549	3.76186E-4
-1.5475	3.80209E-4
-1.546	3.84208E-4
-1.5445	3.88183E-4
-1.543	3.92133E-4
-1.5415	3.96059E-4
-1.54	3.99962E-4
-1.5385	4.03841E-4
-1.537	4.07696E-4
-1.5355	4.11528E-4
-1.534	4.15337E-4
-1.5325	4.19122E-4
-1.531	4.22885E-4
-1.5295	4.26625E-4
-1.528	4.30342E-4
-1.5265	4.34037E-4
-1.525	4.3771E-4
-1.5235	4.4136E-4
-1.522	4.44988E-4
-1.5205	4.48595E-4
-1.519	4.52179E-4
-1.5175	4.55743E-4
-1.516	4.59284E-4
-1.5145	4.62805E-4
-1.513	4.66304E-4
-1.5115	4.69783E-4
-1.51	4.7324E-4
-1.5085	4.76677E-4
-1.507	4.80094E-4
-1.5055	4.8349E-4
-1.504	4.86866E-4
-1.5025	4.90222E-4
-1.501	4.93558E-4
-1.4995	4.96874E-4
-1.498	5.00171E-4
-1.4965	5.03448E-4
-1.495	5.06706E-4
-1.4935	5.09944E-4
-1.492	5.13164E-4
-1.4905	5.16365E-4
-1.489	5.19547E-4
-1.4875	5.22711E-4
-1.486	5.25856E-4
-1.4845	5.28984E-4
-1.483	5.32093E-4
-1.4815	5.35184E-4
-1.48	5.38257E-4
-1.4785	5.41313E-4
-1.477	5.44351E-4
-1.4755	5.47372E-4
-1.474	5.50376E-4
-1.4725	5.53362E-4
-1.471	5.56332E-4
-1.4695	5.59285E-4
-1.468	5.62222E-4
-1.4665	5.65142E-4
-1.465	5.68046E-4
-1.4635	5.70934E-4
-1.462	5.73805E-4
-1.4605	5.76661E-4
-1.459	5.79502E-4
-1.4575	5.82327E-4
-1.456	5.85136E-4
-1.4545	5.8793E-4
-1.453	5.9071E-4
-1.4515	5.93474E-4
-1.45	5.96223E-4
-1.4485	5.98958E-4
-1.447	6.01679E-4
-1.4455	6.04385E-4
-1.444	6.07077E-4
-1.4425	6.09755E-4
-1.441	6.1242E-4
-1.4395	6.1507E-4
-1.438	6.17707E-4
-1.4365	6.20331E-4
-1.435	6.22941E-4
-1.4335	6.25539E-4
-1.432	6.28123E-4
-1.4305	6.30695E-4
-1.429	6.33254E-4
-1.4275	6.358E-4
-1.426	6.38335E-4
-1.4245	6.40857E-4
-1.423	6.43367E-4
-1.4215	6.45865E-4
-1.42	6.48351E-4
-1.4185	6.50826E-4
-1.417	6.53289E-4
-1.4155	6.55742E-4
-1.414	6.58183E-4
-1.4125	6.60613E-4
-1.411	6.63032E-4
-1.4095	6.65441E-4
-1.408	6.67839E-4
-1.4065	6.70226E-4
-1.405	6.72604E-4
-1.4035	6.74971E-4
-1.402	6.77329E-4
-1.4005	6.79677E-4
-1.399	6.82015E-4
-1.3975	6.84344E-4
-1.396	6.86663E-4
-1.3945	6.88974E-4
-1.393	6.91275E-4
-1.3915	6.93568E-4
-1.39	6.95851E-4
-1.3885	6.98127E-4
-1.387	7.00394E-4
-1.3855	7.02652E-4
-1.384	7.04903E-4
-1.3825	7.07146E-4
-1.381	7.0938E-4
-1.3795	7.11608E-4
-1.378	7.13827E-4
-1.3765	7.1604E-4
-1.375	7.18245E-4
-1.3735	7.20443E-4
-1.372	7.22635E-4
-1.3705	7.24819E-4
-1.369	7.26997E-4
-1.3675	7.29169E-4
-1.366	7.31334E-4
-1.3645	7.33494E-4
-1.363	7.35647E-4
-1.3615	7.37794E-4
-1.36	7.39936E-4
-1.3585	7.42072E-4
-1.357	7.44203E-4
-1.3555	7.46329E-4
-1.354	7.4845E-4
-1.3525	7.50566E-4
-1.351	7.52677E-4
-1.3495	7.54783E-4
-1.348	7.56885E-4
-1.3465	7.58983E-4
-1.345	7.61076E-4
-1.3435	7.63166E-4
-1.342	7.65251E-4
-1.3405	7.67333E-4
-1.339	7.69412E-4
-1.3375	7.71487E-4
-1.336	7.73559E-4
-1.3345	7.75627E-4
-1.333	7.77693E-4
-1.3315	7.79756E-4
-1.33	7.81816E-4
-1.3285	7.83874E-4
-1.327	7.8593E-4
-1.3255	7.87983E-4
-1.324	7.90035E-4
-1.3225	7.92084E-4
-1.321	7.94132E-4
-1.3195	7.96178E-4
-1.318	7.98223E-4
-1.3165	8.00266E-4
-1.315	8.02309E-4
-1.3135	8.0435E-4
-1.312	8.06391E-4
-1.3105	8.08431E-4
-1.309	8.1047E-4
-1.3075	8.12509E-4
-1.306	8.14548E-4
-1.3045	8.16587E-4
-1.303	8.18625E-4
-1.3015	8.20665E-4
-1.3	8.22704E-4
-1.2985	8.24744E-4
-1.297	8.26785E-4
-1.2955	8.28826E-4
-1.294	8.30869E-4
-1.2925	8.32913E-4
-1.291	8.34958E-4
-1.2895	8.37004E-4
-1.288	8.39052E-4
-1.2865	8.41102E-4
-1.285	8.43154E-4
-1.2835	8.45208E-4
-1.282	8.47264E-4
-1.2805	8.49322E-4
-1.279	8.51383E-4
-1.2775	8.53447E-4
-1.276	8.55513E-4
-1.2745	8.57583E-4
-1.273	8.59655E-4
-1.2715	8.61731E-4
-1.27	8.6381E-4
-1.2685	8.65893E-4
-1.267	8.6798E-4
-1.2655	8.7007E-4
-1.264	8.72165E-4
-1.2625	8.74263E-4
-1.261	8.76366E-4
-1.2595	8.78474E-4
-1.258	8.80586E-4
-1.2565	8.82702E-4
-1.255	8.84824E-4
-1.2535	8.86951E-4
-1.252	8.89083E-4
-1.2505	8.91221E-4
-1.249	8.93364E-4
-1.2475	8.95513E-4
-1.246	8.97667E-4
-1.2445	8.99828E-4
-1.243	9.01994E-4
-1.2415	9.04168E-4
-1.24	9.06347E-4
-1.2385	9.08533E-4
-1.237	9.10726E-4
-1.2355	9.12926E-4
-1.234	9.15133E-4
-1.2325	9.17347E-4
-1.231	9.19568E-4
-1.2295	9.21797E-4
-1.228	9.24034E-4
-1.2265	9.26278E-4
-1.225	9.2853E-4
-1.2235	9.30791E-4
-1.222	9.3306E-4
-1.2205	9.35337E-4
-1.219	9.37622E-4
-1.2175	9.39917E-4
-1.216	9.4222E-4
-1.2145	9.44533E-4
-1.213	9.46854E-4
-1.2115	9.49185E-4
-1.21	9.51525E-4
-1.2085	9.53875E-4
-1.207	9.56235E-4
-1.2055	9.58605E-4
-1.204	9.60985E-4
-1.2025	9.63375E-4
-1.201	9.65775E-4
-1.1995	9.68186E-4
-1.198	9.70608E-4
-1.1965	9.7304E-4
-1.195	9.75484E-4
-1.1935	9.77939E-4
-1.192	9.80404E-4
-1.1905	9.82882E-4
-1.189	9.85371E-4
-1.1875	9.87872E-4
-1.186	9.90384E-4
-1.1845	9.92909E-4
-1.183	9.95446E-4
-1.1815	9.97995E-4
-1.18	0.001000557
-1.1785	0.001003132
-1.177	0.001005719
-1.1755	0.001008319
-1.174	0.001010932
-1.1725	0.001013559
-1.171	0.001016199
-1.1695	0.001018853
-1.168	0.00102152
-1.1665	0.001024201
-1.165	0.001026896
-1.1635	0.001029606
-1.162	0.00103233
-1.1605	0.001035068
-1.159	0.001037821
-1.1575	0.001040588
-1.156	0.001043371
-1.1545	0.001046169
-1.153	0.001048981
-1.1515	0.00105181
-1.15	0.001054653
-1.1485	0.001057513
-1.147	0.001060388
-1.1455	0.00106328
-1.144	0.001066187
-1.1425	0.001069111
-1.141	0.001072051
-1.1395	0.001075008
-1.138	0.001077982
-1.1365	0.001080972
-1.135	0.00108398
-1.1335	0.001087004
-1.132	0.001090046
-1.1305	0.001093106
-1.129	0.001096183
-1.1275	0.001099278
-1.126	0.001102391
-1.1245	0.001105523
-1.123	0.001108672
-1.1215	0.00111184
-1.12	0.001115026
-1.1185	0.001118231
-1.117	0.001121455
-1.1155	0.001124698
-1.114	0.001127961
-1.1125	0.001131242
-1.111	0.001134543
-1.1095	0.001137864
-1.108	0.001141204
-1.1065	0.001144564
-1.105	0.001147945
-1.1035	0.001151345
-1.102	0.001154766
-1.1005	0.001158208
-1.099	0.00116167
-1.0975	0.001165153
-1.096	0.001168657
-1.0945	0.001172183
-1.093	0.001175729
-1.0915	0.001179297
-1.09	0.001182887
-1.0885	0.001186498
-1.087	0.001190131
-1.0855	0.001193786
-1.084	0.001197464
-1.0825	0.001201164
-1.081	0.001204886
-1.0795	0.001208631
-1.078	0.001212399
-1.0765	0.00121619
-1.075	0.001220003
-1.0735	0.001223841
-1.072	0.001227701
-1.0705	0.001231585
-1.069	0.001235493
-1.0675	0.001239425
-1.066	0.00124338
-1.0645	0.00124736
-1.063	0.001251365
-1.0615	0.001255393
-1.06	0.001259447
-1.0585	0.001263525
-1.057	0.001267628
-1.0555	0.001271756
-1.054	0.001275909
-1.0525	0.001280088
-1.051	0.001284292
-1.0495	0.001288522
-1.048	0.001292778
-1.0465	0.001297059
-1.045	0.001301367
-1.0435	0.001305701
-1.042	0.001310062
-1.0405	0.001314449
-1.039	0.001318863
-1.0375	0.001323304
-1.036	0.001327772
-1.0345	0.001332267
-1.033	0.00133679
-1.0315	0.001341339
-1.03	0.001345917
-1.0285	0.001350523
-1.027	0.001355156
-1.0255	0.001359817
-1.024	0.001364507
-1.0225	0.001369225
-1.021	0.001373972
-1.0195	0.001378747
-1.018	0.001383552
-1.0165	0.001388385
-1.015	0.001393248
-1.0135	0.001398139
-1.012	0.001403061
-1.0105	0.001408012
-1.009	0.001412992
-1.0075	0.001418003
-1.006	0.001423043
-1.0045	0.001428114
-1.003	0.001433216
-1.0015	0.001438347
-1	0.00144351
-0.9985	0.001448703
-0.997	0.001453928
-0.9955	0.001459194
-0.994	0.001464469
-0.9925	0.001469766
-0.991	0.001475095
-0.9895	0.001480464
-0.988	0.001485842
-0.9865	0.001491245
-0.985	0.001496683
-0.9835	0.001502141
-0.982	0.001507653
-0.9805	0.001513166
-0.979	0.001518708
-0.9775	0.001524284
-0.976	0.001529908
-0.9745	0.001535531
-0.973	0.001541183
-0.9715	0.001546878
-0.97	0.00155261
-0.9685	0.001558359
-0.967	0.001564132
-0.9655	0.001569931
-0.964	0.00157577
-0.9625	0.001581653
-0.961	0.001587545
-0.9595	0.001593461
-0.958	0.001599428
-0.9565	0.001605428
-0.955	0.001611443
-0.9535	0.00161749
-0.952	0.001623567
-0.9505	0.001629692
-0.949	0.001635845
-0.9475	0.001642014
-0.946	0.001648216
-0.9445	0.001654472
-0.943	0.001660759
-0.9415	0.001667062
-0.94	0.001673391
-0.9385	0.001679781
-0.937	0.001686193
-0.9355	0.001692635
-0.934	0.001699103
-0.9325	0.001705606
-0.931	0.001712175
-0.9295	0.001718752
-0.928	0.001725359
-0.9265	0.001732008
-0.925	0.001738715
-0.9235	0.001745432
-0.922	0.001752186
-0.9205	0.001758971
-0.919	0.001765796
-0.9175	0.001772691
-0.916	0.001779591
-0.9145	0.001786521
-0.913	0.001793502
-0.9115	0.001800533
-0.91	0.001807586
-0.9085	0.001814671
-0.907	0.001821799
-0.9055	0.001828994
-0.904	0.001836193
-0.9025	0.001843442
-0.901	0.001850723
-0.8995	0.00185805
-0.898	0.001865442
-0.8965	0.001872844
-0.895	0.001880281
-0.8935	0.001887777
-0.892	0.00189533
-0.8905	0.001902891
-0.889	0.001910504
-0.8875	0.001918156
-0.886	0.001925862
-0.8845	0.001933622
-0.883	0.001941401
-0.8815	0.001949225
-0.88	0.001957102
-0.8785	0.001965041
-0.877	0.001972998
-0.8755	0.001980995
-0.874	0.001989057
-0.8725	0.001997169
-0.871	0.002005306
-0.8695	0.002013492
-0.868	0.002021722
-0.8665	0.002030014
-0.865	0.002038351
-0.8635	0.002046721
-0.862	0.002055143
-0.8605	0.002063635
-0.859	0.00207216
-0.8575	0.002080723
-0.856	0.002089337
-0.8545	0.002097996
-0.853	0.002106735
-0.8515	0.002115512
-0.85	0.002124328
-0.8485	0.002133186
-0.847	0.002142133
-0.8455	0.002151115
-0.844	0.002160129
-0.8425	0.0021692
-0.841	0.002178359
-0.8395	0.002187544
-0.838	0.002196782
-0.8365	0.002206065
-0.835	0.002215406
-0.8335	0.002224838
-0.832	0.002234297
-0.8305	0.002243806
-0.829	0.002253366
-0.8275	0.002263026
-0.826	0.002272711
-0.8245	0.002282447
-0.823	0.002292245
-0.8215	0.002302096
-0.82	0.002312047
-0.8185	0.00232202
-0.817	0.002332044
-0.8155	0.002342138
-0.814	0.002352335
-0.8125	0.002362545
-0.811	0.002372818
-0.8095	0.002383162
-0.808	0.002393598
-0.8065	0.002404065
-0.805	0.002414588
-0.8035	0.002425181
-0.802	0.00243585
-0.8005	0.002446605
-0.799	0.002457394
-0.7975	0.002468243
-0.796	0.002479178
-0.7945	0.002490197
-0.793	0.002501246
-0.7915	0.00251237
-0.79	0.002523565
-0.7885	0.002534852
-0.787	0.002546212
-0.7855	0.002557614
-0.784	0.002569082
-0.7825	0.002580651
-0.781	0.002592299
-0.7795	0.00260399
-0.778	0.002615752
-0.7765	0.002627621
-0.775	0.002639554
-0.7735	0.00265154
-0.772	0.002663606
-0.7705	0.002675747
-0.769	0.002688002
-0.7675	0.002700321
-0.766	0.002712694
-0.7645	0.002725145
-0.763	0.002737714
-0.7615	0.002750347
-0.76	0.00276304
-0.7585	0.002775824
-0.757	0.002788681
-0.7555	0.002801666
-0.754	0.002814709
-0.7525	0.002827815
-0.751	0.00284101
-0.7495	0.00285435
-0.748	0.002867723
-0.7465	0.002881177
-0.745	0.002894725
-0.7435	0.002908411
-0.742	0.002922139
-0.7405	0.002935957
-0.739	0.002949868
-0.7375	0.002963863
-0.736	0.002978016
-0.7345	0.002992196
-0.733	0.003006479
-0.7315	0.00302086
-0.73	0.003035385
-0.7285	0.003049957
-0.727	0.003064622
-0.7255	0.00307938
-0.724	0.003094254
-0.7225	0.003109274
-0.721	0.003124342
-0.7195	0.003139511
-0.718	0.003154795
-0.7165	0.003170225
-0.715	0.003185697
-0.7135	0.003201282
-0.712	0.003216996
-0.7105	0.003232849
-0.709	0.003248752
-0.7075	0.003264769
-0.706	0.003280901
-0.7045	0.00329717
-0.703	0.003313566
-0.7015	0.003330024
-0.7	0.003346603
-0.6985	0.003363339
-0.697	0.003380196
-0.6955	0.003397119
-0.694	0.003414173
-0.6925	0.00343134
-0.691	0.003448672
-0.6895	0.003466123
-0.688	0.003483657
-0.6865	0.003501316
-0.685	0.003519151
-0.6835	0.003537099
-0.682	0.003555141
-0.6805	0.003573305
-0.679	0.00359166
-0.6775	0.003610121
-0.676	0.003628687
-0.6745	0.003647382
-0.673	0.003666213
-0.6715	0.003685249
-0.67	0.003704383
-0.6685	0.003723622
-0.667	0.00374301
-0.6655	0.003762611
-0.664	0.003782297
-0.6625	0.003802113
-0.661	0.003822075
-0.6595	0.003842189
-0.658	0.003862529
-0.6565	0.003882942
-0.655	0.003903502
-0.6535	0.003924217
-0.652	0.003945172
-0.6505	0.003966189
-0.649	0.00398738
-0.6475	0.00400872
-0.646	0.004030307
-0.6445	0.004051972
-0.643	0.004073795
-0.6415	0.004095792
-0.64	0.004117952
-0.6385	0.004140335
-0.637	0.004162855
-0.6355	0.004185545
-0.634	0.004208413
-0.6325	0.004231461
-0.631	0.004259674
-0.6295	0.004289294
-0.628	0.004319065
-0.6265	0.00434898
-0.625	0.004379034
-0.6235	0.004409247
-0.622	0.004439615
-0.6205	0.004470141
-0.619	0.004500822
-0.6175	0.004531661
-0.616	0.00456266
-0.6145	0.004593829
-0.613	0.004625159
-0.6115	0.004656662
-0.61	0.004688334
-0.6085	0.004720172
-0.607	0.00475219
-0.6055	0.004784388
-0.604	0.004816764
-0.6025	0.004849318
-0.601	0.004882057
-0.5995	0.004914995
-0.598	0.004948112
-0.5965	0.004981417
-0.595	0.005014931
-0.5935	0.005048637
-0.592	0.005082533
-0.5905	0.005116632
-0.589	0.005150948
-0.5875	0.005185464
-0.586	0.00522019
-0.5845	0.005255126
-0.583	0.005290287
-0.5815	0.005325659
-0.58	0.005361253
-0.5785	0.005397077
-0.577	0.005433129
-0.5755	0.0054694
-0.574	0.005505906
-0.5725	0.005542664
-0.571	0.00557965
-0.5695	0.005616874
-0.568	0.005654347
-0.5665	0.005692084
-0.565	0.005730058
-0.5635	0.005768282
-0.562	0.005806781
-0.5605	0.005845537
-0.559	0.005884554
-0.5575	0.005923835
-0.556	0.005963409
-0.5545	0.006003242
-0.553	0.006043348
-0.5515	0.006083749
-0.55	0.006124446
-0.5485	0.006165421
-0.547	0.006206694
-0.5455	0.006248271
-0.544	0.00629014
-0.5425	0.006332315
-0.541	0.006374807
-0.5395	0.006417617
-0.538	0.00646074
-0.5365	0.006504185
-0.535	0.006547957
-0.5335	0.006592073
-0.532	0.006636507
-0.5305	0.006681279
-0.529	0.006726414
-0.5275	0.006771899
-0.526	0.006817722
-0.5245	0.006863913
-0.523	0.006910469
-0.5215	0.006957382
-0.52	0.007004668
-0.5185	0.007052345
-0.517	0.007100406
-0.5155	0.007148839
-0.514	0.00719767
-0.5125	0.007246913
-0.511	0.007296554
-0.5095	0.007346596
-0.508	0.007397064
-0.5065	0.007447951
-0.505	0.007499255
-0.5035	0.007550987
-0.502	0.007603175
-0.5005	0.007655805
-0.499	0.007708874
-0.4975	0.007762393
-0.496	0.007816392
-0.4945	0.007870851
-0.493	0.007925778
-0.4915	0.0079812
-0.49	0.008037099
-0.4885	0.008093491
-0.487	0.008150387
-0.4855	0.008207801
-0.484	0.008265721
-0.4825	0.008324157
-0.481	0.00838312
-0.4795	0.008442643
-0.478	0.008502692
-0.4765	0.00856329
-0.475	0.008624471
-0.4735	0.008686198
-0.472	0.008748495
-0.4705	0.008811385
-0.469	0.008874879
-0.4675	0.008938959
-0.466	0.009003634
-0.4645	0.009068945
-0.463	0.009134889
-0.4615	0.009201443
-0.46	0.00926865
-0.4585	0.009336531
-0.457	0.009405049
-0.4555	0.009474231
-0.454	0.009544114
-0.4525	0.009614694
-0.451	0.009685954
-0.4495	0.009757919
-0.448	0.009830625
-0.4465	0.009904071
-0.445	0.009978237
-0.4435	0.010053156
-0.442	0.010128851
-0.4405	0.010205332
-0.439	0.01028258
-0.4375	0.010360642
-0.436	0.010439512
-0.4345	0.01051919
-0.433	0.0105997
-0.4315	0.010681063
-0.43	0.01076332
-0.4285	0.010846414
-0.427	0.010930372
-0.4255	0.011015276
-0.424	0.01110109
-0.4225	0.011187801
-0.421	0.01127545
-0.4195	0.011364079
-0.418	0.011453643
-0.4165	0.011544189
-0.415	0.01163579
-0.4135	0.011728395
-0.412	0.011822009
-0.4105	0.011916637
-0.409	0.012012406
-0.4075	0.012109189
-0.406	0.012207153
-0.4045	0.012306216
-0.403	0.012406354
-0.4015	0.012507608
-0.4	0.012610081
-0.3985	0.01271373
-0.397	0.012818562
-0.3955	0.012924621
-0.394	0.013031907
-0.3925	0.013140565
-0.391	0.013250417
-0.3895	0.013361598
-0.388	0.013474056
-0.3865	0.013587905
-0.385	0.01370309
-0.3835	0.013819719
-0.382	0.013937817
-0.3805	0.01405722
-0.379	0.014178158
-0.3775	0.014300554
-0.376	0.014424513
-0.3745	0.014549892
-0.373	0.014676919
-0.3715	0.014805536
-0.37	0.014935757
-0.3685	0.015067625
-0.367	0.015201151
-0.3655	0.015336378
-0.364	0.015473314
-0.3625	0.015611995
-0.361	0.015752481
-0.3595	0.015894848
-0.358	0.016039024
-0.3565	0.016185049
-0.355	0.01633299
-0.3535	0.016482961
-0.352	0.016634851
-0.3505	0.016788764
-0.349	0.016944766
-0.3475	0.017102768
-0.346	0.017262947
-0.3445	0.017425327
-0.343	0.017589924
-0.3415	0.017756758
-0.34	0.017925861
-0.3385	0.018097269
-0.337	0.018271064
-0.3355	0.018447231
-0.334	0.018625967
-0.3325	0.018807122
-0.331	0.018990819
-0.3295	0.019177138
-0.328	0.019366169
-0.3265	0.019557856
-0.325	0.019752188
-0.3235	0.01994936
-0.322	0.020149503
-0.3205	0.020352487
-0.319	0.020558419
-0.3175	0.020767428
-0.316	0.02097946
-0.3145	0.021194571
-0.313	0.021412963
-0.3115	0.021634658
-0.31	0.02185957
-0.3085	0.022087974
-0.307	0.022319697
-0.3055	0.022555112
-0.304	0.02279406
-0.3025	0.023036623
-0.301	0.023283106
-0.2995	0.023533217
-0.298	0.023787261
-0.2965	0.024045346
-0.295	0.024307554
-0.2935	0.024573719
-0.292	0.024844223
-0.2905	0.025118989
-0.289	0.025398216
-0.2875	0.025681885
-0.286	0.025970173
-0.2845	0.026263278
-0.283	0.026560991
-0.2815	0.02686365
-0.28	0.02717128
-0.2785	0.027484128
-0.277	0.027802013
-0.2755	0.028125287
-0.274	0.028454054
-0.2725	0.028788469
-0.271	0.029128382
-0.2695	0.029474107
-0.268	0.029825866
-0.2665	0.030183666
-0.265	0.030547616
-0.2635	0.030918015
-0.262	0.031294888
-0.2605	0.031678268
-0.259	0.032068485
-0.2575	0.032465731
-0.256	0.032870066
-0.2545	0.033281548
-0.253	0.033700436
-0.2515	0.034127067
-0.25	0.034561439
-0.2485	0.035003707
-0.247	0.035454259
-0.2455	0.035913053
-0.244	0.036380357
-0.2425	0.036856424
-0.241	0.037341589
-0.2395	0.037835817
-0.238	0.038339328
-0.2365	0.038852484
-0.235	0.039375716
-0.2335	0.039908917
-0.232	0.040452441
-0.2305	0.04100671
-0.229	0.041571723
-0.2275	0.042147835
-0.226	0.042735388
-0.2245	0.043334842
-0.223	0.043946165
-0.2215	0.044569756
-0.22	0.045205947
-0.2185	0.045855417
-0.217	0.046517885
-0.2155	0.047193992
-0.214	0.04788435
-0.2125	0.048588723
-0.211	0.049307903
-0.2095	0.050042234
-0.208	0.050792389
-0.2065	0.051558213
-0.205	0.052340334
-0.2035	0.05313932
-0.202	0.05395581
-0.2005	0.05478977
-0.199	0.055641998
-0.1975	0.056512943
-0.196	0.057403377
-0.1945	0.058313252
-0.193	0.059243562
-0.1915	0.060194932
-0.19	0.061167465
-0.1885	0.062162085
-0.187	0.063179548
-0.1855	0.064220524
-0.184	0.065285145
-0.1825	0.066374479
-0.181	0.067489375
-0.1795	0.068630549
-0.178	0.069798253
-0.1765	0.070993871
-0.175	0.072218008
-0.1735	0.073471183
-0.172	0.074754492
-0.1705	0.076069173
-0.169	0.077415833
-0.1675	0.078795103
-0.166	0.080208305
-0.1645	0.081656796
-0.163	0.083141124
-0.1615	0.084662224
-0.16	0.086221965
-0.1585	0.08782087
-0.157	0.089459996
-0.1555	0.091140877
-0.154	0.092865331
-0.1525	0.094633855
-0.151	0.096447816
-0.1495	0.098308867
-0.148	0.100219206
-0.1465	0.102178943
-0.145	0.104190715
-0.1435	0.106256061
-0.142	0.108375208
-0.1405	0.110551705
-0.139	0.112786145
-0.1375	0.11508116
-0.136	0.117438264
-0.1345	0.119858354
-0.133	0.122344378
-0.1315	0.124900618
-0.13	0.127525238
-0.1285	0.130222145
-0.127	0.132994672
-0.1255	0.1358427
-0.124	0.138770451
-0.1225	0.141780107
-0.121	0.144874901
-0.1195	0.148055562
-0.118	0.151325499
-0.1165	0.154687973
-0.115	0.158146076
-0.1135	0.161700588
-0.112	0.165355978
-0.1105	0.169115803
-0.109	0.172983613
-0.1075	0.176959477
-0.106	0.181049217
-0.1045	0.185255718
-0.103	0.189580682
-0.1015	0.194028272
-0.1	0.198602007
-0.0985	0.203306958
-0.097	0.208143875
-0.0955	0.213116598
-0.094	0.218229932
-0.0925	0.22348562
-0.091	0.228887387
-0.0895	0.234439121
-0.088	0.240143623
-0.0865	0.2460044
-0.085	0.2520235
-0.0835	0.258203763
-0.082	0.264549364
-0.0805	0.271061722
-0.079	0.277742194
-0.0775	0.284594177
-0.076	0.291618405
-0.0745	0.298816387
-0.073	0.306189245
-0.0715	0.313736289
-0.07	0.32145881
-0.0685	0.329355275
-0.067	0.337424315
-0.0655	0.345664233
-0.064	0.354072594
-0.0625	0.362645338
-0.061	0.371378726
-0.0595	0.38026771
-0.058	0.389306113
-0.0565	0.398486389
-0.055	0.407801776
-0.0535	0.417243948
-0.052	0.426802195
-0.0505	0.436466616
-0.049	0.446226501
-0.0475	0.456069377
-0.046	0.46598228
-0.0445	0.475952128
-0.043	0.485964992
-0.0415	0.496007215
-0.04	0.506063081
-0.0385	0.516119872
-0.037	0.526161867
-0.0355	0.536175349
-0.034	0.546145556
-0.0325	0.556058096
-0.031	0.565900761
-0.0295	0.57566066
-0.028	0.585324962
-0.0265	0.594882967
-0.025	0.604324959
-0.0235	0.613641103
-0.022	0.622821924
-0.0205	0.631859652
-0.019	0.640748862
-0.0175	0.649481809
-0.016	0.658054988
-0.0145	0.666463735
-0.013	0.674703796
-0.0115	0.682772576
-0.01	0.690669262
-0.0085	0.698392271
-0.007	0.705939373
-0.0055	0.713312075
-0.004	0.720510734
-0.0025	0.727535286
-9.99999999999996E-4	0.734387433
5.00000000000006E-4	0.741068107
0.00200000000000001	0.747580291
0.00349999999999998	0.753925742
0.00499999999999998	0.760106674
0.00649999999999998	0.766125812
0.00799999999999998	0.771986369
0.00949999999999999	0.777691181
0.011	0.783243186
0.0125	0.7886455
0.014	0.793901147
0.0155	0.799013963
0.017	0.803987947
0.0185	0.808824895
0.02	0.81352921
0.0215	0.818103724
0.023	0.822551806
0.0245	0.826876972
0.026	0.831083834
0.0275	0.835173994
0.029	0.83915044
0.0305	0.843018071
0.032	0.846777504
0.0335	0.850433554
0.035	0.853989015
0.0365	0.857447211
0.038	0.860809707
0.0395	0.864079771
0.041	0.867260641
0.0425	0.870355739
0.044	0.87336575
0.0455	0.876292969
0.047	0.879143644
0.0485	0.881914646
0.05	0.88461225
0.0515	0.887237577
0.053	0.889792681
0.0545	0.892279652
0.056	0.894700651
0.0575	0.897057785
0.059	0.899352904
0.0605	0.901587531
0.062	0.903764259
0.0635	0.905883768
0.065	0.9079493
0.0665	0.909960674
0.068	0.911920866
0.0695	0.913831328
0.071	0.91569286
0.0725	0.91750707
0.074	0.919275639
0.0755	0.921000414
0.077	0.922681503
0.0785	0.924320992
0.08	0.92592052
0.0815	0.927480109
0.083	0.929001274
0.0845	0.930486276
0.086	0.931934957
0.0875	0.933348024
0.089	0.934727552
0.0905	0.936074313
0.092	0.937388968
0.0935	0.938672969
0.095	0.939926402
0.0965	0.941150874
0.098	0.942346249
0.0995	0.943513557
0.101	0.944655191
0.1025	0.9457701
0.104	0.946860007
0.1055	0.947924739
0.107	0.948966068
0.1085	0.949983852
0.11	0.950978394
0.1115	0.951951002
0.113	0.952902226
0.1145	0.953832302
0.116	0.954742468
0.1175	0.955633377
0.119	0.956504374
0.1205	0.957356504
0.122	0.958191031
0.1235	0.959007347
0.125	0.959806668
0.1265	0.96058848
0.128	0.961354653
0.1295	0.962104717
0.131	0.962838926
0.1325	0.963558642
0.134	0.964263201
0.1355	0.964953069
0.137	0.965629452
0.1385	0.966291503
0.14	0.966941383
0.1415	0.967577555
0.143	0.968200541
0.1445	0.968812122
0.146	0.96941164
0.1475	0.969999432
0.149	0.970575187
0.1505	0.971140577
0.152	0.971694657
0.1535	0.972237652
0.155	0.972771347
0.1565	0.973294781
0.158	0.973807688
0.1595	0.974310534
0.161	0.974804596
0.1625	0.975290265
0.164	0.975766429
0.1655	0.976233232
0.167	0.97669172
0.1685	0.9771423
0.17	0.977584192
0.1715	0.978018705
0.173	0.978444824
0.1745	0.978863668
0.176	0.979275464
0.1775	0.979679484
0.179	0.980076368
0.1805	0.980465926
0.182	0.980848854
0.1835	0.981225826
0.185	0.981595961
0.1865	0.981959343
0.188	0.982317488
0.1895	0.982669154
0.191	0.983014061
0.1925	0.983353554
0.194	0.983688178
0.1955	0.984016891
0.197	0.984339227
0.1985	0.984657039
0.2	0.984969333
0.2015	0.985277006
0.203	0.985578891
0.2045	0.98587638
0.206	0.986168877
0.2075	0.98645715
0.209	0.986740461
0.2105	0.987018657
0.212	0.987293546
0.2135	0.987563577
0.215	0.987829367
0.2165	0.988091207
0.218	0.988347874
0.2195	0.988601451
0.221	0.988852063
0.2225	0.989097495
0.224	0.989339871
0.2255	0.989578166
0.227	0.98981256
0.2285	0.99004382
0.23	0.990271937
0.2315	0.990496094
0.233	0.990717187
0.2345	0.990934367
0.236	0.991149297
0.2375	0.991360235
0.239	0.9915685
0.2405	0.991774316
0.242	0.991976137
0.2435	0.992175297
0.245	0.992372202
0.2465	0.992566051
0.248	0.992756811
0.2495	0.992944928
0.251	0.993130742
0.2525	0.993313427
0.254	0.993493446
0.2555	0.993671614
0.257	0.993847328
0.2585	0.994019961
0.26	0.994190024
0.2615	0.994358081
0.263	0.994524209
0.2645	0.994687854
0.266	0.994848931
0.2675	0.995008015
0.269	0.995165117
0.2705	0.995320268
0.272	0.995473455
0.2735	0.995624683
0.275	0.995773182
0.2765	0.995919951
0.278	0.996065301
0.2795	0.996207779
0.281	0.996348616
0.2825	0.996488707
0.284	0.996626337
0.2855	0.996761538
0.287	0.996895661
0.2885	0.997028064
0.29	0.997158374
0.2915	0.997287689
0.293	0.997415171
0.2945	0.99754059
0.296	0.997664952
0.2975	0.997787598
0.299	0.997908142
0.3005	0.998027629
0.302	0.998146213
0.3035	0.998262942
0.305	0.998377705
0.3065	0.998491435
0.308	0.99860424
0.3095	0.998715115
0.311	0.998824108
0.3125	0.998933071
0.314	0.99904007
0.3155	0.999145238
0.317	0.999250445
0.3185	0.999353542
0.32	0.999454981
0.3215	0.999556282
0.323	0.999655738
0.3245	0.999754136
0.326	0.999850923
0.3275	0.999947457
0.329	1.00004219
0.3305	1.000136114
0.332	1.000229024
0.3335	1.000321073
0.335	1.000411834
0.3365	1.000501338
0.338	1.000590385
0.3395	1.000677654
0.341	1.000764087
0.3425	1.000849654
0.344	1.00093425
0.3455	1.001018443
0.347	1.00110195
0.3485	1.001183293
0.35	1.001263719
0.3515	1.00134388
0.353	1.001423013
0.3545	1.001501885
0.356	1.001579846
0.3575	1.001656331
0.359	1.001731929
0.3605	1.001806556
0.362	1.001881124
0.3635	1.001954441
0.365	1.002027133
0.3665	1.002098589
0.368	1.002169501
0.3695	1.002240001
0.371	1.002309516
0.3725	1.002378065
0.374	1.002446631
0.3755	1.002513772
0.377	1.002580522
0.3785	1.002646684
0.38	1.002711914
0.3815	1.002776349
0.383	1.002839812
0.3845	1.002903328
0.386	1.002966117
0.3875	1.003028004
0.389	1.003089083
0.3905	1.003149269
0.392	1.003209561
0.3935	1.003269044
0.395	1.00332767
0.3965	1.003390193
0.398	1.003453338
0.3995	1.003516658
0.401	1.003580019
0.4025	1.003641545
0.404	1.003703174
0.4055	1.003764033
0.407	1.003824821
0.4085	1.003883876
0.41	1.003943218
0.4115	1.004002331
0.413	1.004059862
0.4145	1.004117402
0.416	1.004174285
0.4175	1.004231166
0.419	1.004287111
0.4205	1.004342159
0.422	1.004396686
0.4235	1.004451103
0.425	1.004504968
0.4265	1.004558736
0.428	1.004611553
0.4295	1.00466396
0.431	1.004716204
0.4325	1.004767506
0.434	1.004818466
0.4355	1.004869218
0.437	1.004919011
0.4385	1.004968541
0.44	1.00501783
0.4415	1.005066159
0.443	1.005114278
0.4445	1.005162051
0.446	1.005209594
0.4475	1.005256805
0.449	1.005303095
0.4505	1.005349283
0.452	1.005395019
0.4535	1.00544064
0.455	1.005485868
0.4565	1.005530184
0.458	1.005574491
0.4595	1.005618338
0.461	1.005661316
0.4625	1.005704343
0.464	1.005746796
0.4655	1.005789323
0.467	1.005831302
0.4685	1.005872432
0.47	1.005913704
0.4715	1.005954367
0.473	1.005995174
0.4745	1.006035346
0.476	1.006074734
0.4775	1.006114361
0.479	1.006153293
0.4805	1.00619247
0.482	1.006230959
0.4835	1.006268703
0.485	1.006306727
0.4865	1.006344069
0.488	1.006381689
0.4895	1.00641856
0.491	1.006454815
0.4925	1.006491318
0.494	1.006527084
0.4955	1.00656229
0.497	1.00659769
0.4985	1.006632567
0.5	1.006667663
0.5015	1.006701982
0.503	1.006735878
0.5045	1.006769922
0.506	1.006803526
0.5075	1.00683729
0.509	1.006870301
0.5105	1.006903015
0.512	1.006935844
0.5135	1.006967917
0.515	1.006999775
0.5165	1.007031719
0.518	1.007062912
0.5195	1.007093959
0.521	1.007125059
0.5225	1.007155421
0.524	1.007185706
0.5255	1.007215947
0.527	1.00724611
0.5285	1.007276251
0.53	1.007305742
0.5315	1.007334602
0.533	1.007363543
0.5345	1.007392346
0.536	1.007421288
0.5375	1.007449365
0.539	1.007477071
0.5405	1.007505512
0.542	1.007532945
0.5435	1.007560212
0.545	1.0075873
0.5465	1.007614696
0.548	1.007641033
0.5495	1.007667332
0.551	1.007694356
0.5525	1.007720205
0.554	1.007746203
0.5555	1.007771975
0.557	1.007797232
0.5585	1.00782297
0.56	1.007848474
0.5615	1.007873351
0.563	1.007897954
0.5645	1.007922162
0.566	1.007946929
0.5675	1.007971363
0.569	1.007995259
0.5705	1.008018931
0.572	1.00804225
0.5735	1.008066189
0.575	1.008088665
0.5765	1.008111975
0.578	1.008134929
0.5795	1.008157568
0.581	1.008180044
0.5825	1.008202804
0.584	1.008224709
0.5855	1.008247084
0.587	1.008268431
0.5885	1.008290291
0.59	1.008312076
0.5915	1.008333684
0.593	1.008354649
0.5945	1.008374774
0.596	1.008395775
0.5975	1.008416517
0.599	1.00843751
0.6005	1.008458621
0.602	1.008478285
0.6035	1.00849781
0.605	1.00851796
0.6065	1.008537799
0.608	1.008557527
0.6095	1.008577426
0.611	1.008596644
0.6125	1.008615894
0.614	1.008635035
0.6155	1.008653506
0.617	1.008672203
0.6185	1.00869098
0.62	1.008709618
0.6215	1.008727674
0.623	1.008746276
0.6245	1.008764723
0.626	1.008782555
0.6275	1.008799914
0.629	1.008818004
0.6305	1.008835931
0.632	1.008852818
0.6335	1.008870159
0.635	1.008887589
0.6365	1.008904111
0.638	1.008921574
0.6395	1.008938409
0.641	1.008954681
0.6425	1.008971177
0.644	1.008988116
0.6455	1.00900464
0.647	1.009019939
0.6485	1.009035943
0.65	1.009052461
0.6515	1.009068579
0.653	1.009083558
0.6545	1.009099509
0.656	1.009115052
0.6575	1.009130119
0.659	1.009145312
0.6605	1.009160545
0.662	1.009175462
0.6635	1.009191019
0.665	1.009206085
0.6665	1.009219541
0.668	1.009234452
0.6695	1.009249859
0.671	1.00926396
0.6725	1.009277735
0.674	1.009292668
0.6755	1.009306537
0.677	1.00932035
0.6785	1.009334083
0.68	1.009347368
0.6815	1.009361269
0.683	1.009375331
0.6845	1.009388968
0.686	1.009401727
0.6875	1.009415248
0.689	1.009429011
0.6905	1.009442746
0.692	1.009455314
0.6935	1.009467542
0.695	1.009480808
0.6965	1.00949402
0.698	1.009506244
0.6995	1.009518532
0.701	1.009531465
0.7025	1.009543866
0.704	1.0095554
0.7055	1.009567478
0.707	1.009580337
0.7085	1.009592175
0.71	1.009604231
0.7115	1.009616191
0.713	1.009627489
0.7145	1.009639686
0.716	1.009651806
0.7175	1.00966297
0.719	1.009674098
0.7205	1.00968547
0.722	1.009697422
0.7235	1.009709124
0.725	1.009719336
0.7265	1.009730772
0.728	1.009741307
0.7295	1.009752193
0.731	1.0097632
0.7325	1.009774167
0.734	1.00978494
0.7355	1.009795943
0.737	1.009805032
0.7385	1.009816242
0.74	1.009826983
0.7415	1.009837062
0.743	1.009847856
0.7445	1.00985689
0.746	1.009867859
0.7475	1.009877579
0.749	1.009888293
0.7505	1.009896744
0.752	1.00990755
0.7535	1.00991749
0.755	1.009927062
0.7565	1.009936767
0.758	1.009945899
0.7595	1.009955873
0.761	1.00996498
0.7625	1.009974595
0.764	1.009983186
0.7655	1.009992538
0.767	1.010002212
0.7685	1.010011691
0.77	1.010020103
0.7715	1.010029733
0.773	1.010038748
0.7745	1.010047633
0.776	1.010056656
0.7775	1.010064481
0.779	1.01007365
0.7805	1.01008295
0.782	1.010091085
0.7835	1.01009934
0.785	1.010108178
0.7865	1.010116556
0.788	1.010125435
0.7895	1.010133559
0.791	1.01014143
0.7925	1.010150097
0.794	1.010158407
0.7955	1.010165749
0.797	1.01017372
0.7985	1.010182005
0.8	1.010190738
0.8015	1.010197311
0.803	1.010204746
0.8045	1.010212977
0.806	1.010221662
0.8075	1.010230226
0.809	1.010236125
0.8105	1.010243882
0.812	1.010251927
0.8135	1.010260518
0.815	1.010266362
0.8165	1.010273324
0.818	1.01028136
0.8195	1.010289797
0.821	1.010297544
0.8225	1.010302838
0.824	1.010310047
0.8255	1.010318495
0.827	1.010325874
0.8285	1.010330389
0.83	1.010338076
0.8315	1.01034577
0.833	1.010353096
0.8345	1.010357348
0.836	1.010365646
0.8375	1.010373203
0.839	1.010381058
0.8405	1.010388166
0.842	1.010391739
0.8435	1.010399606
0.845	1.010406485
0.8465	1.010413547
0.848	1.01041691
0.8495	1.010424862
0.851	1.010432939
0.8525	1.010440775
0.854	1.010446652
0.8555	1.010449447
0.857	1.010457047
0.8585	1.010465523
0.86	1.010470446
0.8615	1.01047401
0.863	1.010481795
0.8645	1.010489547
0.866	1.010493886
0.8675	1.01049778
0.869	1.010505476
0.8705	1.010512419
0.872	1.010520141
0.8735	1.010523959
0.875	1.01052766
0.8765	1.010535358
0.878	1.010542847
0.8795	1.0105459
0.881	1.010549513
0.8825	1.010557511
0.884	1.010565672
0.8855	1.010573811
0.887	1.010574937
0.8885	1.010578702
0.89	1.010587302
0.8915	1.010595912
0.893	1.010595261
0.8945	1.010598602
0.896	1.010608307
0.8975	1.010616706
0.899	1.010614427
0.9005	1.010620757
0.902	1.010627863
0.9035	1.010635899
0.905	1.010644172
0.9065	1.010641645
0.908	1.01064771
0.9095	1.0106558
0.911	1.010664211
0.9125	1.010660417
0.914	1.010666749
0.9155	1.010674204
0.917	1.010682785
0.9185	1.01069322
0.92	1.010685217
0.9215	1.010693288
0.923	1.010703264
0.9245	1.010710577
0.926	1.010701867
0.9275	1.010710008
0.929	1.010720675
0.9305	1.010728029
0.932	1.0107178
0.9335	1.010728466
0.935	1.010738231
0.9365	1.010748406
0.938	1.010752824
0.9395	1.010743376
0.941	1.010754596
0.9425	1.010766445
0.944	1.010768097
0.9455	1.010758874
0.947	1.010771095
0.9485	1.010781769
0.95	1.010793904
0.9515	1.010793199
0.953	1.010783939
0.9545	1.010796838
0.956	1.010810253
0.9575	1.01080605
0.959	1.010797871
0.9605	1.010811636
0.962	1.010825901
0.9635	1.010818229
0.965	1.010811287
0.9665	1.010825677
0.968	1.010838274
0.9695	1.010853627
0.971	1.010841464
0.9725	1.010836968
0.974	1.010851927
0.9755	1.010867514
0.977	1.010851884
0.9785	1.010850904
0.98	1.010865778
0.9815	1.010879383
0.983	1.010894793
0.9845	1.010874309
0.986	1.010877026
0.9875	1.010890935
0.989	1.01090666
0.9905	1.010884197
0.992	1.010890359
0.9935	1.010905012
0.995	1.010918869
0.9965	1.010894587
0.998	1.010903379
0.9995	1.010916766
1.001	1.01092886
1.0025	1.010941434
1.004	1.010917302
1.0055	1.010929579
1.007	1.010940936
1.0085	1.01095226
1.01	1.010928781
1.0115	1.010941215
1.013	1.010953111
1.0145	1.010965058
1.016	1.010971577
1.0175	1.010952919
1.019	1.01096539
1.0205	1.010976898
1.022	1.010980812
1.0235	1.010966138
1.025	1.010978144
1.0265	1.010988749
1.028	1.010991415
1.0295	1.010979251
1.031	1.010990047
1.0325	1.010999409
1.034	1.011009858
1.0355	1.011009194
1.037	1.011001051
1.0385	1.011011287
1.04	1.011021196
1.0415	1.011019828
1.043	1.011013453
1.0445	1.011023584
1.046	1.011031775
1.0475	1.011039772
1.049	1.011037662
1.0505	1.011034734
1.052	1.011042577
1.0535	1.011051391
1.055	1.011048675
1.0565	1.011047457
1.058	1.011055676
1.0595	1.01106283
1.061	1.011058832
1.0625	1.011059765
1.064	1.011067668
1.0655	1.011073795
1.067	1.011080067
1.0685	1.011075573
1.07	1.011078414
1.0715	1.011085005
1.073	1.011090214
1.0745	1.011087792
1.076	1.011090543
1.0775	1.011096339
1.079	1.011102067
1.0805	1.011107132
1.082	1.011103385
1.0835	1.011107847
1.085	1.011112781
1.0865	1.011118465
1.088	1.011114476
1.0895	1.011118717
1.091	1.011123466
1.0925	1.01112902
1.094	1.011124618
1.0955	1.011129465
1.097	1.011134477
1.0985	1.011139088
1.1	1.011142875
1.1015	1.01114011
1.103	1.01114528
1.1045	1.011149547
1.106	1.011152615
1.1075	1.011151393
1.109	1.011156102
1.1105	1.011159557
1.112	1.011164374
1.1135	1.011167195
1.115	1.011166042
1.1165	1.011169857
1.118	1.011174256
1.1195	1.01117605
1.121	1.011176272
1.1225	1.011180309
1.124	1.011184195
1.1255	1.011188073
1.127	1.011188809
1.1285	1.011189434
1.13	1.011193529
1.1315	1.011197245
1.133	1.011198639
1.1345	1.011199599
1.136	1.011203725
1.1375	1.011207002
1.139	1.011207801
1.1405	1.011209001
1.142	1.011212219
1.1435	1.011215353
1.145	1.011219267
1.1465	1.011220149
1.148	1.011221464
1.1495	1.011224998
1.151	1.011228327
1.1525	1.011229104
1.154	1.011230677
1.1555	1.011233841
1.157	1.011236923
1.1585	1.011239766
1.16	1.011240543
1.1615	1.011242878
1.163	1.011245529
1.1645	1.011248584
1.166	1.011248538
1.1675	1.011251311
1.169	1.011254216
1.1705	1.011256295
1.172	1.011256789
1.1735	1.011259459
1.175	1.011262468
1.1765	1.011264615
1.178	1.011267555
1.1795	1.011268128
1.181	1.011269945
1.1825	1.01127296
1.184	1.011275863
1.1855	1.011276231
1.187	1.011278131
1.1885	1.011280263
1.19	1.011283471
1.1915	1.011285853
1.193	1.011286225
1.1945	1.011288209
1.196	1.011291111
1.1975	1.0112926
1.199	1.011293735
1.2005	1.011296023
1.202	1.011298113
1.2035	1.011300542
1.205	1.011301342
1.2065	1.011303637
1.208	1.011305388
1.2095	1.011307247
1.211	1.011309088
1.2125	1.01131037
1.214	1.011312183
1.2155	1.011314769
1.217	1.011316723
1.2185	1.011317339
1.22	1.011319195
1.2215	1.011321688
1.223	1.011324227
1.2245	1.011324995
1.226	1.011326224
1.2275	1.011328351
1.229	1.011330592
1.2305	1.011331595
1.232	1.011332854
1.2335	1.011334827
1.235	1.011337031
1.2365	1.011338278
1.238	1.011339225
1.2395	1.011341466
1.241	1.011343442
1.2425	1.011345316
1.244	1.011346512
1.2455	1.011347241
1.247	1.011348803
1.2485	1.011351535
1.25	1.011352245
1.2515	1.011353962
1.253	1.01135572
1.2545	1.011357045
1.256	1.011358759
1.2575	1.011359928
1.259	1.011361329
1.2605	1.011363199
1.262	1.011364132
1.2635	1.011365419
1.265	1.01136664
1.2665	1.011368019
1.268	1.011370315
1.2695	1.011370715
1.271	1.011371923
1.2725	1.011373896
1.274	1.011375762
1.2755	1.011377146
1.277	1.01137773
1.2785	1.01137958
1.28	1.011380966
1.2815	1.011381954
1.283	1.01138296
1.2845	1.011384944
1.286	1.011386218
1.2875	1.011387217
1.289	1.011388243
1.2905	1.011389223
1.292	1.011390799
1.2935	1.011391871
1.295	1.011392846
1.2965	1.011393758
1.298	1.011395322
1.2995	1.011396962
1.301	1.011398418
1.3025	1.011399133
1.304	1.011400173
1.3055	1.011401885
1.307	1.011402853
1.3085	1.011403226
1.31	1.011404744
1.3115	1.011406395
1.313	1.011407122
1.3145	1.011407968
1.316	1.011409105
1.3175	1.011410055
1.319	1.011411409
1.3205	1.011412908
1.322	1.011413471
1.3235	1.011414559
1.325	1.011415903
1.3265	1.01141664
1.328	1.011417176
1.3295	1.011418609
1.331	1.011419959
1.3325	1.011420693
1.334	1.011421267
1.3355	1.011422605
1.337	1.011423766
1.3385	1.011424144
1.34	1.011425648
1.3415	1.011426428
1.343	1.011426748
1.3445	1.011428393
1.346	1.011429499
1.3475	1.011429436
1.349	1.011430859
1.3505	1.011431703
1.352	1.01143278
1.3535	1.011433027
1.355	1.011433973
1.3565	1.011434616
1.358	1.011435482
1.3595	1.011436431
1.361	1.011437183
1.3625	1.011438304
1.364	1.011438755
1.3655	1.011440141
1.367	1.011440324
1.3685	1.011440921
1.37	1.011441653
1.3715	1.011442398
1.373	1.011443305
1.3745	1.01144468
1.376	1.011445166
1.3775	1.011445208
1.379	1.011445908
1.3805	1.011446382
1.382	1.011447461
1.3835	1.011448891
1.385	1.011449515
1.3865	1.011449936
1.388	1.011450105
1.3895	1.011450999
1.391	1.011451946
1.3925	1.011452396
1.394	1.01145281
1.3955	1.011453166
1.397	1.011454101
1.3985	1.01145464
1.4	1.011454913
1.4015	1.01145589
1.403	1.011456556
1.4045	1.011457122
1.406	1.011457831
1.4075	1.011458329
1.409	1.01145882
1.4105	1.011459018
1.412	1.011459518
1.4135	1.011460258
1.415	1.011460818
1.4165	1.011461167
1.418	1.01146124
1.4195	1.011461658
1.421	1.011462226
1.4225	1.011462527
1.424	1.011463481
1.4255	1.011463226
1.427	1.01146348
1.4285	1.011464683
1.43	1.011464741
1.4315	1.011465073
1.433	1.011465391
1.4345	1.011466433
1.436	1.01146622
1.4375	1.011466598
1.439	1.0114675
1.4405	1.011467318
1.442	1.011467787
1.4435	1.01146794
1.445	1.011468585
1.4465	1.011469052
1.448	1.01146916
1.4495	1.01146901
1.451	1.011469442
1.4525	1.011469451
1.454	1.011470219
1.4555	1.011470555
1.457	1.011470703
1.4585	1.011471208
1.46	1.011471449
1.4615	1.011471576
1.463	1.011472093
1.4645	1.011472038
1.466	1.011472072
1.4675	1.01147252
1.469	1.011472464
1.4705	1.011472325
1.472	1.011472427
1.4735	1.01147263
1.475	1.011473133
1.4765	1.011473042
1.478	1.011472988
1.4795	1.011473248
1.481	1.011473542
1.4825	1.011474067
1.484	1.01147397
1.4855	1.011474019
1.487	1.011474319
1.4885	1.011474101
1.49	1.011473997
1.4915	1.011473923
1.493	1.011474146
1.4945	1.011474424
1.496	1.011474048
1.4975	1.011474012
1.499	1.011473992
1.5005	1.011474251
1.502	1.011474458
1.5035	1.011474029
1.505	1.011474067
1.5065	1.01147399
1.508	1.011474293
1.5095	1.011474326
1.511	1.011473939
1.5125	1.011474065
1.514	1.011473934
1.5155	1.011474287
1.517	1.011474262
1.5185	1.01147388
1.52	1.011474052
1.5215	1.011473938
1.523	1.011473252
1.5245	1.011473255
1.526	1.011472908
1.5275	1.011473181
1.529	1.011473041
1.5305	1.011472412
1.532	1.011472508
1.5335	1.011472251
1.535	1.011472566
1.5365	1.011472358
1.538	1.011472
1.5395	1.011472194
1.541	1.011471924
1.5425	1.011471367
1.544	1.011471445
1.5455	1.011471064
1.547	1.011470554
1.5485	1.011470503
1.55	1.01146993
1.5515	1.011469378
1.553	1.011469246
1.5545	1.011469006
1.556	1.01146914
1.5575	1.011468947
1.559	1.011468356
1.5605	1.011467843
1.562	1.011467603
1.5635	1.011467449
1.565	1.011467197
1.5665	1.011466321
1.568	1.011466352
1.5695	1.011466025
1.571	1.011465341
1.5725	1.011464932
1.574	1.011464757
1.5755	1.011464167
1.577	1.011463318
1.5785	1.011463456
1.58	1.01146303
1.5815	1.011462422
1.583	1.011462059
1.5845	1.011461371
1.586	1.011461174
1.5875	1.011461091
1.589	1.011460615
1.5905	1.011460004
1.592	1.011459189
1.5935	1.011458957
1.595	1.011458724
1.5965	1.011458169
1.598	1.011457527
1.5995	1.011456691
1.601	1.011456547
1.6025	1.011455354
1.604	1.011454879
1.6055	1.01145444
1.607	1.011453752
1.6085	1.011452998
1.61	1.011452892
1.6115	1.011451919
1.613	1.011451789
1.6145	1.011450542
1.616	1.011450016
1.6175	1.01144965
1.619	1.011449227
1.6205	1.011448558
1.622	1.011446798
1.6235	1.011446218
1.625	1.011445587
1.6265	1.011445095
1.628	1.011445249
1.6295	1.011444161
1.631	1.011442679
1.6325	1.011442111
1.634	1.011441415
1.6355	1.011440684
1.637	1.011440307
1.6385	1.011439606
1.64	1.011438558
1.6415	1.01143813
1.643	1.011436805
1.6445	1.011435911
1.646	1.011435164
1.6475	1.011434482
1.649	1.01143345
1.6505	1.011432738
1.652	1.011432422
1.6535	1.011431422
1.655	1.011430181
1.6565	1.011429431
1.658	1.011429111
1.6595	1.011427781
1.661	1.011426671
1.6625	1.011426095
1.664	1.011424804
1.6655	1.01142408
1.667	1.011423415
1.6685	1.011422078
1.67	1.011420972
1.6715	1.011420395
1.673	1.011419754
1.6745	1.01141807
1.676	1.011416767
1.6775	1.011416275
1.679	1.011415627
1.6805	1.011413992
1.682	1.011413073
1.6835	1.011412217
1.685	1.011410852
1.6865	1.011409651
1.688	1.011408666
1.6895	1.01140744
1.691	1.011406861
1.6925	1.011406209
1.694	1.011403877
1.6955	1.011402743
1.697	1.011402606
1.6985	1.011401359
1.7	1.011399434
1.7015	1.011399093
1.703	1.011397783
1.7045	1.011396317
1.706	1.011395118
1.7075	1.011393294
1.709	1.011392243
1.7105	1.01139139
1.712	1.011390566
1.7135	1.011388556
1.715	1.011387459
1.7165	1.01138665
1.718	1.011386044
1.7195	1.011384629
1.721	1.011382392
1.7225	1.011381434
1.724	1.011380627
1.7255	1.011379118
1.727	1.0113772
1.7285	1.011376395
1.73	1.011375099
1.7315	1.011373156
1.733	1.011371282
1.7345	1.011370675
1.736	1.011369298
1.7375	1.011367718
1.739	1.01136658
1.7405	1.01136469
1.742	1.01136347
1.7435	1.011362683
1.745	1.011360962
1.7465	1.011359087
1.748	1.011357544
1.7495	1.011356546
1.751	1.011355647
1.7525	1.011353466
1.754	1.011351926
1.7555	1.011350273
1.757	1.011348455
1.7585	1.011347084
1.76	1.011345721
1.7615	1.011344258
1.763	1.011343027
1.7645	1.011340275
1.766	1.011338898
1.7675	1.01133785
1.769	1.011335992
1.7705	1.011334796
1.772	1.011332239
1.7735	1.011331092
1.775	1.011329259
1.7765	1.011328278
1.778	1.011325258
1.7795	1.011324205
1.781	1.011322839
1.7825	1.011320919
1.784	1.011319334
1.7855	1.011317006
1.787	1.011315811
1.7885	1.011313572
1.79	1.011312194
1.7915	1.011309574
1.793	1.011307807
1.7945	1.011306284
1.796	1.011305138
1.7975	1.01130241
1.799	1.011301116
1.8005	1.01129954
1.802	1.011297307
1.8035	1.01129604
1.805	1.011293012
1.8065	1.011291322
1.808	1.011290187
1.8095	1.011287977
1.811	1.011285462
1.8125	1.011283933
1.814	1.011281926
1.8155	1.011280221
1.817	1.011278453
1.8185	1.011275729
1.82	1.011274187
1.8215	1.011272354
1.823	1.011269759
1.8245	1.011267252
1.826	1.01126561
1.8275	1.011264079
1.829	1.011261363
1.8305	1.011258161
1.832	1.011256622
1.8335	1.011255196
1.835	1.011254094
1.8365	1.011250733
1.838	1.011247987
1.8395	1.01124652
1.841	1.011245248
1.8425	1.011242081
1.844	1.011238876
1.8455	1.011237228
1.847	1.011236044
1.8485	1.011234499
1.85	1.01123069
1.8515	1.011227855
1.853	1.01122679
1.8545	1.011225112
1.856	1.011220611
1.8575	1.011218239
1.859	1.011216762
1.8605	1.011215031
1.862	1.011210266
1.8635	1.011208673
1.865	1.011207214
1.8665	1.011205788
1.868	1.011204356
1.8695	1.011198701
1.871	1.011197149
1.8725	1.011194821
1.874	1.011193663
1.8755	1.011187542
1.877	1.01118614
1.8785	1.011185297
1.88	1.011184099
1.8815	1.011182257
1.883	1.011175535
1.8845	1.011173616
1.886	1.011173498
1.8875	1.011170654
1.889	1.011164582
1.8905	1.011163287
1.892	1.01116241
1.8935	1.011159195
1.895	1.011153166
1.8965	1.011152331
1.898	1.011150483
1.8995	1.011149429
1.901	1.011146124
1.9025	1.011139811
1.904	1.011138982
1.9055	1.011137794
1.907	1.011133813
1.9085	1.01112747
1.91	1.011126735
1.9115	1.011126394
1.913	1.011126129
1.9145	1.011120756
1.916	1.011114035
1.9175	1.011114076
1.919	1.011114451
1.9205	1.01110768
1.922	1.011100292
1.9235	1.011101145
1.925	1.011101953
1.9265	1.011093414
1.928	1.011088434
1.9295	1.011088111
1.931	1.011087299
1.9325	1.011087738
1.934	1.011078941
1.9355	1.011074107
1.937	1.011074206
1.9385	1.01107472
1.94	1.011064757
1.9415	1.011060194
1.943	1.011059687
1.9445	1.011059721
1.946	1.011062543
1.9475	1.011048884
1.949	1.011045311
1.9505	1.011047233
1.952	1.011048412
1.9535	1.011032326
1.955	1.011029544
1.9565	1.011031612
1.958	1.011034459
1.9595	1.011014904
1.961	1.011015555
1.9625	1.011017456
1.964	1.011018788
1.9655	1.011020157
1.967	1.010999409
1.9685	1.011001296
1.97	1.011004644
1.9715	1.011003976
1.973	1.010982426
1.9745	1.010985794
1.976	1.01098863
1.9775	1.010991791
1.979	1.010989959
1.9805	1.010967317
1.982	1.010971536
1.9835	1.01097635
1.985	1.010971616
1.9865	1.01094908
1.988	1.010954445
1.9895	1.010960258
1.991	1.010952663
1.9925	1.01093051
1.994	1.010936648
1.9955	1.010941529
1.997	1.010948323
1.9985	1.010937077
2	1.01091616
2.0015	1.010923343
2.003	1.010931007
2.0045	1.010916028
2.006	1.010898095
2.0075	1.010905706
2.009	1.010911295
2.0105	1.010919319
2.012	1.010899308
2.0135	1.010884452
2.015	1.010891628
2.0165	1.010899758
2.018	1.010877456
2.0195	1.010866029
2.021	1.010873982
2.0225	1.010881243
2.024	1.010855867
2.0255	1.010847578
2.027	1.010854354
2.0285	1.010858687
2.03	1.010864851
2.0315	1.010838244
2.033	1.010834403
2.0345	1.010839237
2.036	1.010844994
2.0375	1.01081678
2.039	1.010814936
2.0405	1.010819744
2.042	1.01082346
2.0435	1.01082668
2.045	1.010798944
2.0465	1.010800132
2.048	1.010803495
2.0495	1.010805178
2.051	1.010778771
2.0525	1.010781644
2.054	1.010783384
2.0555	1.010784164
2.057	1.010759819
2.0585	1.010761784
2.06	1.01076288
2.0615	1.010765103
2.063	1.01076168
2.0645	1.010741266
2.066	1.01074292
2.0675	1.010744265
2.069	1.010740018
2.0705	1.01072141
2.072	1.010722723
2.0735	1.010723514
2.075	1.01072277
2.0765	1.010716817
2.078	1.010702029
2.0795	1.010701742
2.081	1.010701816
2.0825	1.010695074
2.084	1.01068197
2.0855	1.010681986
2.087	1.010681194
2.0885	1.010672003
2.09	1.010661315
2.0915	1.010661112
2.093	1.010659307
2.0945	1.010657343
2.096	1.010647276
2.0975	1.010638549
2.099	1.010637435
2.1005	1.01063461
2.102	1.010625496
2.1035	1.010617924
2.105	1.010615392
2.1065	1.0106128
2.108	1.010609925
2.1095	1.010599359
2.111	1.010593134
2.1125	1.010590117
2.114	1.010587509
2.1155	1.010576716
2.117	1.01057042
2.1185	1.01056696
2.12	1.010564323
2.1215	1.010552772
2.123	1.010547158
2.1245	1.010543902
2.126	1.010539941
2.1275	1.010536026
2.129	1.010524712
2.1305	1.010520284
2.132	1.010516021
2.1335	1.010511449
2.135	1.010500956
2.1365	1.010496774
2.138	1.01049136
2.1395	1.010487209
2.141	1.010482626
2.1425	1.01047204
2.144	1.01046656
2.1455	1.010462186
2.147	1.010456159
2.1485	1.010446671
2.15	1.010441745
2.1515	1.010436572
2.153	1.010431667
2.1545	1.010424502
2.156	1.010414942
2.1575	1.010410257
2.159	1.010404558
2.1605	1.010398182
2.162	1.010388862
2.1635	1.010384056
2.165	1.010378172
2.1665	1.010370636
2.168	1.010361779
2.1695	1.010355861
2.171	1.010349607
2.1725	1.010344108
2.174	1.010336646
2.1755	1.010327821
2.177	1.010321851
2.1785	1.01031589
2.18	1.010307844
2.1815	1.010299358
2.183	1.010292904
2.1845	1.010286499
2.186	1.010279831
2.1875	1.010271456
2.189	1.010263571
2.1905	1.01025666
2.192	1.010249948
2.1935	1.010240802
2.195	1.010232933
2.1965	1.010226275
2.198	1.01021865
2.1995	1.010209456
2.201	1.010201652
2.2025	1.01019479
2.204	1.010187033
2.2055	1.010179833
2.207	1.010170748
2.2085	1.010162049
2.21	1.0101547
2.2115	1.010147624
2.213	1.010138023
2.2145	1.010129345
2.216	1.01012101
2.2175	1.010113709
2.219	1.010106071
2.2205	1.01009604
2.222	1.010087104
2.2235	1.010079549
2.225	1.010070713
2.2265	1.01006093
2.228	1.010052639
2.2295	1.010043663
2.231	1.010035788
2.2325	1.010025465
2.234	1.01001689
2.2355	1.010007777
2.237	1.009998485
2.2385	1.009989503
2.24	1.009979609
2.2415	1.009970248
2.243	1.0099613
2.2445	1.009952619
2.246	1.009941716
2.2475	1.009932107
2.249	1.009923033
2.2505	1.009914202
2.252	1.009903944
2.2535	1.009893039
2.255	1.009883736
2.2565	1.009874034
2.258	1.009863863
2.2595	1.00985282
2.261	1.009843084
2.2625	1.009833185
2.264	1.009822817
2.2655	1.009811555
2.267	1.009801463
2.2685	1.009791444
2.27	1.009781014
2.2715	1.009770148
2.273	1.009758521
2.2745	1.009747412
2.276	1.009737502
2.2775	1.009726178
2.279	1.00971486
2.2805	1.009704084
2.282	1.009692673
2.2835	1.009681472
2.285	1.009669893
2.2865	1.009658237
2.288	1.009647014
2.2895	1.009635028
2.291	1.009623046
2.2925	1.009611044
2.294	1.009599029
2.2955	1.009587841
2.297	1.009575086
2.2985	1.009562511
2.3	1.009550788
2.3015	1.009538972
2.303	1.009526762
2.3045	1.009513438
2.306	1.00950125
2.3075	1.009488694
2.309	1.009475692
2.3105	1.009462327
2.312	1.009450092
2.3135	1.009437146
2.315	1.009423657
2.3165	1.00941028
2.318	1.009396491
2.3195	1.009383484
2.321	1.009369748
2.3225	1.00935599
2.324	1.009341817
2.3255	1.009328332
2.327	1.009314797
2.3285	1.009301156
2.33	1.009286672
2.3315	1.009272133
2.333	1.009258323
2.3345	1.009243933
2.336	1.009228596
2.3375	1.009214022
2.339	1.009200035
2.3405	1.009184826
2.342	1.009169548
2.3435	1.00915448
2.345	1.00913925
2.3465	1.009124034
2.348	1.009109124
2.3495	1.009093324
2.351	1.009077464
2.3525	1.009062104
2.354	1.009046024
2.3555	1.009029553
2.357	1.009013659
2.3585	1.008997951
2.36	1.008981418
2.3615	1.00896451
2.363	1.008948124
2.3645	1.008931764
2.366	1.008914425
2.3675	1.008897744
2.369	1.00888079
2.3705	1.008862964
2.372	1.00884605
2.3735	1.008829
2.375	1.008810596
2.3765	1.008793086
2.378	1.008775376
2.3795	1.008757504
2.381	1.008738894
2.3825	1.008720603
2.384	1.008702065
2.3855	1.008683448
2.387	1.008664909
2.3885	1.008646017
2.39	1.008627424
2.3915	1.008607916
2.393	1.008589262
2.3945	1.008569357
2.396	1.008549585
2.3975	1.00852985
2.399	1.00850997
2.4005	1.008489987
2.402	1.008470564
2.4035	1.008450265
2.405	1.008428932
2.4065	1.008408353
2.408	1.008387354
2.4095	1.008366604
2.411	1.008346432
2.4125	1.008325111
2.414	1.008303561
2.4155	1.008281504
2.417	1.008259748
2.4185	1.008238349
2.42	1.008215973
2.4215	1.008193722
2.423	1.008170867
2.4245	1.008148585
2.426	1.008125819
2.4275	1.008102565
2.429	1.008079648
2.4305	1.00805667
2.432	1.00803297
2.4335	1.008009574
2.435	1.007985672
2.4365	1.00796158
2.438	1.00793704
2.4395	1.007912496
2.441	1.007888131
2.4425	1.00786345
2.444	1.007838329
2.4455	1.007812735
2.447	1.007787163
2.4485	1.007761674
2.45	1.007735743
2.4515	1.007710098
2.453	1.007683507
2.4545	1.00765664
2.456	1.007630677
2.4575	1.007603752
2.459	1.007576478
2.4605	1.007549123
2.462	1.007522169
2.4635	1.007494112
2.465	1.007465972
2.4665	1.007438325
2.468	1.007409578
2.4695	1.007380936
2.471	1.007351938
2.4725	1.007323078
2.474	1.007293965
2.4755	1.007264285
2.477	1.00723398
2.4785	1.007204065
2.48	1.007173442
2.4815	1.007143354
2.483	1.007112735
2.4845	1.007081506
2.486	1.007050471
2.4875	1.007019004
2.489	1.006986952
2.4905	1.006955242
2.492	1.006922715
2.4935	1.006889797
2.495	1.006857205
2.4965	1.006823907
2.498	1.00679007
2.4995	1.006756338
2.501	1.00672225
2.5025	1.006688383
2.504	1.006653724
2.5055	1.006618508
2.507	1.00658358
2.5085	1.006548188
2.51	1.006512926
2.5115	1.006476813
2.513	1.006440256
2.5145	1.006403898
2.516	1.00636672
2.5175	1.00632916
2.519	1.006291495
2.5205	1.006253607
2.522	1.006215679
2.5235	1.006176817
2.525	1.006137687
2.5265	1.006098499
2.528	1.006059032
2.5295	1.006019426
2.531	1.005978854
2.5325	1.005938118
2.534	1.00589719
2.5355	1.005856077
2.537	1.005814593
2.5385	1.005772242
2.54	1.005729889
2.5415	1.005687125
2.543	1.005644259
2.5445	1.005600906
2.546	1.005556705
2.5475	1.00551255
2.549	1.005467937
2.5505	1.005422321
2.552	1.005376807
2.5535	1.00533075
2.555	1.005284708
2.5565	1.005238102
2.558	1.005190499
2.5595	1.005143064
2.561	1.005094987
2.5625	1.005046991
2.564	1.004998205
2.5655	1.004948635
2.567	1.004899228
2.5685	1.004849078
2.57	1.004797954
2.5715	1.00474709
2.573	1.00469543
2.5745	1.004642948
2.576	1.004590608
2.5775	1.004537315
2.579	1.004483347
2.5805	1.004429494
2.582	1.004374853
2.5835	1.004320227
2.585	1.004264816
2.5865	1.004208522
2.588	1.004151529
2.5895	1.00409454
2.591	1.004036811
2.5925	1.003978915
2.594	1.003919458
2.5955	1.003860308
2.597	1.003800667
2.5985	1.003739676
2.6	1.003678621
2.6015	1.003616996
2.603	1.003554787
2.6045	1.00349129
2.606	1.003428174
2.6075	1.003364331
2.609	1.003304271
2.6105	1.00324533
2.612	1.003185476
2.6135	1.003125269
2.615	1.003064803
2.6165	1.003003333
2.618	1.00294104
2.6195	1.002877909
2.621	1.002814522
2.6225	1.002750738
2.624	1.002685913
2.6255	1.002620285
2.627	1.002553815
2.6285	1.002487181
2.63	1.00241917
2.6315	1.002350674
2.633	1.002281816
2.6345	1.002211948
2.636	1.002141179
2.6375	1.002070249
2.639	1.001997957
2.6405	1.001925419
2.642	1.001851319
2.6435	1.00177676
2.645	1.001701742
2.6465	1.001625842
2.648	1.001549018
2.6495	1.001470158
2.651	1.001391412
2.6525	1.001311936
2.654	1.001231518
2.6555	1.001151129
2.657	1.001068741
2.6585	1.000984626
2.66	1.000900594
2.6615	1.000815606
2.663	1.000729509
2.6645	1.000642785
2.666	1.000555073
2.6675	1.000465502
2.669	1.000375952
2.6705	1.000284244
2.672	1.000191946
2.6735	1.000098723
2.675	1.000004485
2.6765	0.999908949
2.678	0.999812142
2.6795	0.999715095
2.681	0.999616103
2.6825	0.999515791
2.684	0.99941435
2.6855	0.999312583
2.687	0.99920864
2.6885	0.999103269
2.69	0.998997391
2.6915	0.998889617
2.693	0.998780684
2.6945	0.998671011
2.696	0.998559146
2.6975	0.998446011
2.699	0.998332014
2.7005	0.99821665
2.702	0.998098992
2.7035	0.997979829
2.705	0.997860125
2.7065	0.997738921
2.708	0.997615327
2.7095	0.997490469
2.711	0.997364399
2.7125	0.997236195
2.714	0.997106367
2.7155	0.996975158
2.717	0.996842072
2.7185	0.996707736
2.72	0.996571861
2.7215	0.996432718
2.723	0.996292233
2.7245	0.996151199
2.726	0.996007573
2.7275	0.995861138
2.729	0.995714009
2.7305	0.99556441
2.732	0.99541251
2.7335	0.99525872
2.735	0.995102398
2.7365	0.994944534
2.738	0.994784777
2.7395	0.994623029
2.741	0.994457759
2.7425	0.994290958
2.744	0.994122228
2.7455	0.993951468
2.747	0.993777759
2.7485	0.993600368
2.75	0.993421645
2.7515	0.993240908
2.753	0.993057032
2.7545	0.992869612
2.756	0.992680829
2.7575	0.992488988
2.759	0.992293947
2.7605	0.992095493
2.762	0.991895666
2.7635	0.991692513
2.765	0.99148564
2.7665	0.991276524
2.768	0.991063541
2.7695	0.990847712
2.771	0.990629435
2.7725	0.990406961
2.774	0.99018081
2.7755	0.989951553
2.777	0.989719306
2.7785	0.989483722
2.78	0.989243553
2.7815	0.988999527
2.783	0.988752335
2.7845	0.988500714
2.786	0.988245756
2.7875	0.987986686
2.789	0.987723535
2.7905	0.987456414
2.792	0.987183912
2.7935	0.986907475
2.795	0.986627668
2.7965	0.986342475
2.798	0.986052908
2.7995	0.985757836
2.801	0.985458585
2.8025	0.985154485
2.804	0.984845566
2.8055	0.984530225
2.807	0.984210615
2.8085	0.983886103
2.81	0.98355521
2.8115	0.983219019
2.813	0.982876654
2.8145	0.98252916
2.816	0.98217499
2.8175	0.981815288
2.819	0.981448426
2.8205	0.981075486
2.822	0.980696515
2.8235	0.980311442
2.825	0.979917846
2.8265	0.9795183
2.828	0.979111795
2.8295	0.978697061
2.831	0.978276129
2.8325	0.977845392
2.834	0.977408034
2.8355	0.976963523
2.837	0.976509728
2.8385	0.976046951
2.84	0.975576718
2.8415	0.975097202
2.843	0.974608535
2.8445	0.974111372
2.846	0.973603159
2.8475	0.973086556
2.849	0.972559623
2.8505	0.972022135
2.852	0.971473604
2.8535	0.97091562
2.855	0.970346569
2.8565	0.969766061
2.858	0.969172103
2.8595	0.968568596
2.861	0.96795292
2.8625	0.967325493
2.864	0.966683455
2.8655	0.966027489
2.867	0.965360521
2.8685	0.964679423
2.87	0.963983227
2.8715	0.963271473
2.873	0.962546719
2.8745	0.961807021
2.876	0.961051469
2.8775	0.960278094
2.879	0.959488141
2.8805	0.95868315
2.882	0.957860596
2.8835	0.957017641
2.885	0.956157141
2.8865	0.955279269
2.888	0.954381785
2.8895	0.953461938
2.891	0.952522945
2.8925	0.951564301
2.894	0.950583797
2.8955	0.949581251
2.897	0.948551682
2.8985	0.947501166
2.9	0.946427047
2.9015	0.945328793
2.903	0.944200339
2.9045	0.943048569
2.906	0.941871488
2.9075	0.94066567
2.909	0.939431173
2.9105	0.938162042
2.912	0.936865932
2.9135	0.935540662
2.915	0.934181713
2.9165	0.932785056
2.918	0.93135852
2.9195	0.929897251
2.921	0.928398862
2.9225	0.926858091
2.924	0.925284214
2.9255	0.923670073
2.927	0.922015659
2.9285	0.920318297
2.93	0.918571284
2.9315	0.916786471
2.933	0.914955054
2.9345	0.913074712
2.936	0.911139644
2.9375	0.909161054
2.939	0.907130165
2.9405	0.905045709
2.942	0.902903438
2.9435	0.900697962
2.945	0.898442042
2.9465	0.896125342
2.948	0.893741685
2.9495	0.891288936
2.951	0.888777909
2.9525	0.886198389
2.954	0.883542076
2.9555	0.880809981
2.957	0.878010718
2.9585	0.875132674
2.96	0.872175924
2.9615	0.869128938
2.963	0.865995476
2.9645	0.862782592
2.966	0.859479492
2.9675	0.85607448
2.969	0.852573842
2.9705	0.848982
2.972	0.845288142
2.9735	0.841490786
2.975	0.837573303
2.9765	0.833548024
2.978	0.82941665
2.9795	0.825168338
2.981	0.820784651
2.9825	0.816283746
2.984	0.811662768
2.9855	0.806912004
2.987	0.80200875
2.9885	0.796978833
2.99	0.791814577
2.9915	0.786505726
2.993	0.781050022
2.9945	0.775422533
2.996	0.769656616
2.9975	0.763739485
2.999	0.757662213
3.0005	0.751398143
3.002	0.744989028
3.0035	0.738416484
3.005	0.731673502
3.0065	0.72475942
3.008	0.717643946
3.0095	0.710381698
3.011	0.702946348
3.0125	0.695335245
3.014	0.687518757
3.0155	0.679560779
3.017	0.671431402
3.0185	0.663127657
3.02	0.654628556
3.0215	0.645999622
3.023	0.63721192
3.0245	0.628271587
3.026	0.619176943
3.0275	0.609917323
3.029	0.600560185
3.0305	0.591080885
3.032	0.581476905
3.0335	0.571750624
3.035	0.561967211
3.0365	0.552104013
3.038	0.542178178
3.0395	0.532182756
3.041	0.522136263
3.0425	0.51209841
3.044	0.502051796
3.0455	0.491990264
3.047	0.481941018
3.0485	0.471955576
3.05	0.46201837
3.0515	0.452119475
3.053	0.442294782
3.0545	0.432583374
3.056	0.422968992
3.0575	0.413466873
3.059	0.40405906
3.0605	0.394787463
3.062	0.38567359
3.0635	0.376704711
3.065	0.3678604
3.0665	0.359184865
3.068	0.350687036
3.0695	0.342353527
3.071	0.33419068
3.0725	0.326172479
3.074	0.318343075
3.0755	0.310699465
3.077	0.303230119
3.0785	0.295908749
3.08	0.288781225
3.0815	0.281832949
3.083	0.275057194
3.0845	0.268426443
3.086	0.261983193
3.0875	0.2557105
3.089	0.249600885
3.0905	0.243651142
3.092	0.237835697
3.0935	0.23219717
3.095	0.226710824
3.0965	0.221373112
3.098	0.216158383
3.0995	0.211106474
3.101	0.206193625
3.1025	0.201414141
3.104	0.19676496
3.1055	0.192228976
3.107	0.187834742
3.1085	0.183561882
3.11	0.17940424
3.1115	0.175349137
3.113	0.171421501
3.1145	0.167601626
3.116	0.163883591
3.1175	0.160259606
3.119	0.156748299
3.1205	0.153332441
3.122	0.150010563
3.1235	0.146774874
3.125	0.1436222
3.1265	0.140565888
3.128	0.137592269
3.1295	0.13469421
3.131	0.131871616
3.1325	0.129133296
3.134	0.126467811
3.1355	0.123873776
3.137	0.12134321
3.1385	0.118879978
3.14	0.116487854
3.1415	0.114158664
3.143	0.111885125
3.1445	0.109671045
3.146	0.107520154
3.1475	0.105425435
3.149	0.103378147
3.1505	0.101385605
3.152	0.099448248
3.1535	0.0975597
3.155	0.095719515
3.1565	0.093919947
3.158	0.092168612
3.1595	0.090463752
3.161	0.088801388
3.1625	0.087174523
3.164	0.085591445
3.1655	0.084049015
3.167	0.082544042
3.1685	0.081075908
3.17	0.079637847
3.1715	0.078238525
3.173	0.076873772
3.1745	0.0755415
3.176	0.07423578
3.1775	0.072965189
3.179	0.071724913
3.1805	0.070513551
3.182	0.069330251
3.1835	0.068169618
3.185	0.067040237
3.1865	0.065936693
3.188	0.064857915
3.1895	0.063799709
3.191	0.062769382
3.1925	0.061762113
3.194	0.060776678
3.1955	0.059810001
3.197	0.058868293
3.1985	0.057947021
3.2	0.057045912
3.2015	0.056163488
3.203	0.055297856
3.2045	0.054453838
3.206	0.053627836
3.2075	0.052818298
3.209	0.052024241
3.2105	0.051249524
3.212	0.050490736
3.2135	0.049747874
3.215	0.049019088
3.2165	0.048304408
3.218	0.047606561
3.2195	0.046922802
3.221	0.046251463
3.2225	0.045593184
3.224	0.044949917
3.2255	0.044319462
3.227	0.043699947
3.2285	0.043092647
3.23	0.042498763
3.2315	0.041916286
3.233	0.041345248
3.2345	0.04078368
3.236	0.040233258
3.2375	0.039694473
3.239	0.03916594
3.2405	0.038645785
3.242	0.038136146
3.2435	0.037636908
3.245	0.037146823
3.2465	0.036665897
3.248	0.036192189
3.2495	0.0357282
3.251	0.035273267
3.2525	0.034826548
3.254	0.034386315
3.2555	0.033955159
3.257	0.033532089
3.2585	0.033116593
3.26	0.032706812
3.2615	0.032305582
3.263	0.031911539
3.2645	0.031524388
3.266	0.031143996
3.2675	0.030768643
3.269	0.030401125
3.2705	0.030039967
3.272	0.029684987
3.2735	0.029334536
3.275	0.028991481
3.2765	0.028654084
3.278	0.028322284
3.2795	0.0279959
3.281	0.027673818
3.2825	0.02735833
3.284	0.027047901
3.2855	0.026742353
3.287	0.026440823
3.2885	0.026145331
3.29	0.025854482
3.2915	0.02556802
3.293	0.025285459
3.2945	0.025008401
3.296	0.024735574
3.2975	0.024467065
3.299	0.024202391
3.3005	0.023941322
3.302	0.023685136
3.3035	0.023432938
3.305	0.023184097
3.3065	0.022938781
3.308	0.022697939
3.3095	0.022460633
3.311	0.022227012
3.3125	0.02199631
3.314	0.021768964
3.3155	0.021545635
3.317	0.021325532
3.3185	0.021108113
3.32	0.020893986
3.3215	0.020683435
3.323	0.020475918
3.3245	0.020270788
3.326	0.020068803
3.3275	0.019870089
3.329	0.019674231
3.3305	0.019481166
3.332	0.019290147
3.3335	0.019102157
3.335	0.018917045
3.3365	0.018734605
3.338	0.018553969
3.3395	0.018376291
3.341	0.018201226
3.3425	0.018028592
3.344	0.01785829
3.3455	0.017689619
3.347	0.017523725
3.3485	0.017360213
3.35	0.017198876
3.3515	0.017039082
3.353	0.016882016
3.3545	0.016726967
3.356	0.016574069
3.3575	0.016422434
3.359	0.016273452
3.3605	0.016126425
3.362	0.015981253
3.3635	0.015837894
3.365	0.015695883
3.3665	0.015556273
3.368	0.015418404
3.3695	0.015282203
3.371	0.015147323
3.3725	0.015014595
3.374	0.014883489
3.3755	0.014754045
3.377	0.014626091
3.3785	0.014499395
3.38	0.014374749
3.3815	0.01425155
3.383	0.014129698
3.3845	0.014009092
3.386	0.013890369
3.3875	0.013772992
3.389	0.013656861
3.3905	0.013541982
3.392	0.013428831
3.3935	0.013317007
3.395	0.01320647
3.3965	0.013096989
3.398	0.012988725
3.3995	0.012882048
3.401	0.012776589
3.4025	0.012672107
3.404	0.012568805
3.4055	0.012466931
3.407	0.012366208
3.4085	0.012266633
3.41	0.01216783
3.4115	0.012070263
3.413	0.011973994
3.4145	0.011878807
3.416	0.011784388
3.4175	0.011691121
3.419	0.011599026
3.4205	0.011507953
3.422	0.011417603
3.4235	0.011328373
3.425	0.011240253
3.4265	0.01115306
3.428	0.011066794
3.4295	0.010981138
3.431	0.010896626
3.4325	0.010813105
3.434	0.010730407
3.4355	0.010648305
3.437	0.010567327
3.4385	0.010487211
3.44	0.01040793
3.4415	0.010329466
3.443	0.010251502
3.4445	0.01017462
3.446	0.010098534
3.4475	0.010023209
3.449	0.009948365
3.4505	0.009874558
3.452	0.009801486
3.4535	0.009729112
3.455	0.009657228
3.4565	0.00958631
3.458	0.009516085
3.4595	0.009446544
3.461	0.009377635
3.4625	0.0093092
3.464	0.009241672
3.4655	0.009174791
3.467	0.009108473
3.4685	0.009042644
3.47	0.008977654
3.4715	0.00891327
3.473	0.008849492
3.4745	0.008786217
3.476	0.008723437
3.4775	0.008661432
3.479	0.008599993
3.4805	0.008539004
3.482	0.008478521
3.4835	0.008418753
3.485	0.008359527
3.4865	0.008300704
3.488	0.008242389
3.4895	0.008184742
3.491	0.008127591
3.4925	0.008070953
3.494	0.00801467
3.4955	0.007958913
3.497	0.007903754
3.4985	0.007849069
3.5	0.007794704
3.5015	0.007740867
3.503	0.00768758
3.5045	0.007634727
3.506	0.007582335
3.5075	0.007530227
3.509	0.007478645
3.5105	0.007427555
3.512	0.007376896
3.5135	0.007326485
3.515	0.0072766
3.5165	0.007227175
3.518	0.007178144
3.5195	0.00712935
3.521	0.007081076
3.5225	0.00703322
3.524	0.00698574
3.5255	0.006938642
3.527	0.006891745
3.5285	0.00684537
3.53	0.006799365
3.5315	0.006753717
3.533	0.006708249
3.5345	0.006663295
3.536	0.006618696
3.5375	0.006574425
3.539	0.006530476
3.5405	0.006486722
3.542	0.006443439
3.5435	0.00640048
3.545	0.006357818
3.5465	0.006315346
3.548	0.006273331
3.5495	0.006231619
3.551	0.00619017
3.5525	0.006148922
3.554	0.006108101
3.5555	0.006067562
3.557	0.006027314
3.5585	0.005987301
3.56	0.005947496
3.5615	0.005908084
3.563	0.005868946
3.5645	0.005830005
3.566	0.005791289
3.5675	0.005752946
3.569	0.00571485
3.5705	0.00567701
3.572	0.005639347
3.5735	0.00560192
3.575	0.005564827
3.5765	0.005527971
3.578	0.005491272
3.5795	0.005454821
3.581	0.00541867
3.5825	0.005382741
3.584	0.005347047
3.5855	0.005311485
3.587	0.005276176
3.5885	0.005241143
3.59	0.00520632
3.5915	0.005171615
3.593	0.005137168
3.5945	0.005102973
3.596	0.005068986
3.5975	0.005035097
3.599	0.005001466
3.6005	0.004968065
3.602	0.004934864
3.6035	0.004901848
3.605	0.00486892
3.6065	0.004836257
3.608	0.0048038
3.6095	0.004771528
3.611	0.004739328
3.6125	0.00470739
3.614	0.004675647
3.6155	0.004644067
3.617	0.00461266
3.6185	0.004581313
3.62	0.004550239
3.6215	0.004519329
3.623	0.004488567
3.6245	0.004457873
3.626	0.00442744
3.6275	0.004397157
3.629	0.004367014
3.6305	0.004336952
3.632	0.004307122
3.6335	0.004277431
3.635	0.004247893
3.6365	0.004222249
3.638	0.004199216
3.6395	0.004176443
3.641	0.004153845
3.6425	0.004131392
3.644	0.004109059
3.6455	0.004086975
3.647	0.004065046
3.6485	0.00404329
3.65	0.004021655
3.6515	0.004000158
3.653	0.003978885
3.6545	0.003957768
3.656	0.003936772
3.6575	0.003915907
3.659	0.003895259
3.6605	0.003874765
3.662	0.003854373
3.6635	0.003834121
3.665	0.003814072
3.6665	0.003794168
3.668	0.003774414
3.6695	0.003754749
3.671	0.003735234
3.6725	0.00371591
3.674	0.003696722
3.6755	0.003677611
3.677	0.003658662
3.6785	0.003639889
3.68	0.003621243
3.6815	0.003602732
3.683	0.003584292
3.6845	0.003566024
3.686	0.003547908
3.6875	0.003529916
3.689	0.00351199
3.6905	0.003494238
3.692	0.003476627
3.6935	0.00345914
3.695	0.003441711
3.6965	0.003424461
3.698	0.003407336
3.6995	0.003390333
3.701	0.003373455
3.7025	0.003356615
3.704	0.003339961
3.7055	0.003323424
3.707	0.00330701
3.7085	0.003290635
3.71	0.003274439
3.7115	0.003258346
3.713	0.003242378
3.7145	0.003226506
3.716	0.003210684
3.7175	0.003195037
3.719	0.003179494
3.7205	0.003164051
3.722	0.003148658
3.7235	0.003133434
3.725	0.003118303
3.7265	0.00310326
3.728	0.003088284
3.7295	0.003073466
3.731	0.003058745
3.7325	0.003044119
3.734	0.003029566
3.7355	0.003015091
3.737	0.003000755
3.7385	0.002986516
3.74	0.002972345
3.7415	0.00295825
3.743	0.002944293
3.7445	0.002930419
3.746	0.002916641
3.7475	0.002902925
3.749	0.002889293
3.7505	0.002875784
3.752	0.002862369
3.7535	0.002849001
3.755	0.002835719
3.7565	0.002822563
3.758	0.002809487
3.7595	0.002796457
3.761	0.002783528
3.7625	0.002770699
3.764	0.002757954
3.7655	0.00274529
3.767	0.002732672
3.7685	0.002720154
3.77	0.002707735
3.7715	0.002695391
3.773	0.002683084
3.7745	0.00267088
3.776	0.002658771
3.7775	0.002646734
3.779	0.002634781
3.7805	0.002622856
3.782	0.002611039
3.7835	0.002599304
3.785	0.00258764
3.7865	0.002576004
3.788	0.00256449
3.7895	0.002553043
3.791	0.002541669
3.7925	0.002530321
3.794	0.00251908
3.7955	0.002507912
3.797	0.002496816
3.7985	0.00248579
3.8	0.002474786
3.8015	0.002463898
3.803	0.002453071
3.8045	0.002442301
3.806	0.002431568
3.8075	0.002420938
3.809	0.00241037
3.8105	0.002399873
3.812	0.00238942
3.8135	0.002379011
3.815	0.002368702
3.8165	0.002358455
3.818	0.002348253
3.8195	0.002338087
3.821	0.002328028
3.8225	0.002318026
3.824	0.002308061
3.8255	0.002298145
3.827	0.002288319
3.8285	0.002278546
3.83	0.002268833
3.8315	0.002259154
3.833	0.002249533
3.8345	0.002239996
3.836	0.00223051
3.8375	0.002221057
3.839	0.002211661
3.8405	0.002202347
3.842	0.00219308
3.8435	0.002183868
3.845	0.002174686
3.8465	0.002165563
3.848	0.002156517
3.8495	0.002147521
3.851	0.002138543
3.8525	0.002129637
3.854	0.002120795
3.8555	0.002112001
3.857	0.002103229
3.8585	0.002094526
3.86	0.002085887
3.8615	0.002077289
3.863	0.002068751
3.8645	0.002060228
3.866	0.002051768
3.8675	0.002043366
3.869	0.002035016
3.8705	0.002026686
3.872	0.002018426
3.8735	0.002010211
3.875	0.002002046
3.8765	0.001993924
3.878	0.001985821
3.8795	0.00197779
3.881	0.001969812
3.8825	0.001961865
3.884	0.001953938
3.8855	0.001946094
3.887	0.001938282
3.8885	0.001930518
3.89	0.001922769
3.8915	0.001915091
3.893	0.001907454
3.8945	0.001899861
3.896	0.00189231
3.8975	0.001884769
3.899	0.001877301
3.9005	0.00186988
3.902	0.001862483
3.9035	0.001855111
3.905	0.001847806
3.9065	0.001840538
3.908	0.001833308
3.9095	0.001826113
3.911	0.00181894
3.9125	0.001811833
3.914	0.001804761
3.9155	0.001797716
3.917	0.001790703
3.9185	0.001783744
3.92	0.001776829
3.9215	0.001769928
3.923	0.00176306
3.9245	0.001756253
3.926	0.00174948
3.9275	0.001742744
3.929	0.001736027
3.9305	0.001729343
3.932	0.001722711
3.9335	0.001716122
3.935	0.001709541
3.9365	0.001702999
3.938	0.001696514
3.9395	0.001690053
3.941	0.001683629
3.9425	0.001677217
3.944	0.001670856
3.9455	0.001664538
3.947	0.001658243
3.9485	0.001651962
3.95	0.00164573
3.9515	0.001639544
3.953	0.001633383
3.9545	0.001627236
3.956	0.001621131
3.9575	0.00161507
3.959	0.00160903
3.9605	0.001603031
3.962	0.001597031
3.9635	0.001591091
3.965	0.001585186
3.9665	0.001579301
3.968	0.001573423
3.9695	0.00156761
3.971	0.001561818
3.9725	0.001556057
3.974	0.001550316
3.9755	0.001544594
3.977	0.001538917
3.9785	0.00153328
3.98	0.001527659
3.9815	0.001522044
3.983	0.00151649
3.9845	0.001510957
3.986	0.001505448
3.9875	0.00149995
3.989	0.001494507
3.9905	0.001489079
3.992	0.001483689
3.9935	0.001478315
3.995	0.001472959
3.9965	0.001467644
3.998	0.001462357
3.9995	0.001457085
4.001	0.001451834
4.0025	0.001446623
4.004	0.001441441
4.0055	0.001436291
4.007	0.001431172
4.0085	0.001426082
4.01	0.001421024
4.0115	0.001415995
4.013	0.001410996
4.0145	0.001406028
4.016	0.001401089
4.0175	0.001396179
4.019	0.001391299
4.0205	0.001386448
4.022	0.001381627
4.0235	0.001376834
4.025	0.00137207
4.0265	0.001367335
4.028	0.001362628
4.0295	0.001357949
4.031	0.001353299
4.0325	0.001348677
4.034	0.001344083
4.0355	0.001339516
4.037	0.001334977
4.0385	0.001330466
4.04	0.001325982
4.0415	0.001321524
4.043	0.001317094
4.0445	0.001312691
4.046	0.001308315
4.0475	0.001303965
4.049	0.001299641
4.0505	0.001295344
4.052	0.001291072
4.0535	0.001286827
4.055	0.001282607
4.0565	0.001278413
4.058	0.001274245
4.0595	0.001270101
4.061	0.001265983
4.0625	0.00126189
4.064	0.001257822
4.0655	0.001253779
4.067	0.00124976
4.0685	0.001245765
4.07	0.001241795
4.0715	0.001237849
4.073	0.001233927
4.0745	0.001230029
4.076	0.001226154
4.0775	0.001222303
4.079	0.001218475
4.0805	0.001214671
4.082	0.001210889
4.0835	0.00120713
4.085	0.001203394
4.0865	0.001199681
4.088	0.00119599
4.0895	0.001192322
4.091	0.001188675
4.0925	0.001185051
4.094	0.001181448
4.0955	0.001177867
4.097	0.001174308
4.0985	0.00117077
4.1	0.001167253
4.1015	0.001163758
4.103	0.001160283
4.1045	0.001156829
4.106	0.001153396
4.1075	0.001149983
4.109	0.00114659
4.1105	0.001143218
4.112	0.001139865
4.1135	0.001136533
4.115	0.00113322
4.1165	0.001129927
4.118	0.001126653
4.1195	0.001123399
4.121	0.001120163
4.1225	0.001116947
4.124	0.001113749
4.1255	0.00111057
4.127	0.00110741
4.1285	0.001104268
4.13	0.001101144
4.1315	0.001098038
4.133	0.00109495
4.1345	0.00109188
4.136	0.001088827
4.1375	0.001085792
4.139	0.001082775
4.1405	0.001079774
4.142	0.00107679
4.1435	0.001073823
4.145	0.001070873
4.1465	0.001067939
4.148	0.001065022
4.1495	0.001062121
4.151	0.001059236
4.1525	0.001056367
4.154	0.001053514
4.1555	0.001050677
4.157	0.001047854
4.1585	0.001045048
4.16	0.001042256
4.1615	0.001039479
4.163	0.001036718
4.1645	0.001033971
4.166	0.001031238
4.1675	0.00102852
4.169	0.001025817
4.1705	0.001023127
4.172	0.001020451
4.1735	0.00101779
4.175	0.001015141
4.1765	0.001012507
4.178	0.001009885
4.1795	0.001007277
4.181	0.001004682
4.1825	0.0010021
4.184	9.99531E-4
4.1855	9.96974E-4
4.187	9.9443E-4
4.1885	9.91898E-4
4.19	9.89378E-4
4.1915	9.8687E-4
4.193	9.84374E-4
4.1945	9.8189E-4
4.196	9.79417E-4
4.1975	9.76955E-4
4.199	9.74505E-4
4.2005	9.72066E-4
4.202	9.69638E-4
4.2035	9.6722E-4
4.205	9.64814E-4
4.2065	9.62417E-4
4.208	9.60032E-4
4.2095	9.57656E-4
4.211	9.5529E-4
4.2125	9.52934E-4
4.214	9.50588E-4
4.2155	9.48252E-4
4.217	9.45924E-4
4.2185	9.43607E-4
4.22	9.41298E-4
4.2215	9.38998E-4
4.223	9.36707E-4
4.2245	9.34425E-4
4.226	9.32151E-4
4.2275	9.29886E-4
4.229	9.27628E-4
4.2305	9.25379E-4
4.232	9.23138E-4
4.2335	9.20904E-4
4.235	9.18679E-4
4.2365	9.1646E-4
4.238	9.14249E-4
4.2395	9.12045E-4
4.241	9.09848E-4
4.2425	9.07658E-4
4.244	9.05474E-4
4.2455	9.03298E-4
4.247	9.01127E-4
4.2485	8.98963E-4
4.25	8.96805E-4
4.2515	8.94652E-4
4.253	8.92506E-4
4.2545	8.90365E-4
4.256	8.8823E-4
4.2575	8.861E-4
4.259	8.83975E-4
4.2605	8.81855E-4
4.262	8.7974E-4
4.2635	8.7763E-4
4.265	8.75524E-4
4.2665	8.73423E-4
4.268	8.71326E-4
4.2695	8.69233E-4
4.271	8.67145E-4
4.2725	8.6506E-4
4.274	8.62978E-4
4.2755	8.609E-4
4.277	8.58826E-4
4.2785	8.56755E-4
4.28	8.54687E-4
4.2815	8.52621E-4
4.283	8.50559E-4
4.2845	8.48499E-4
4.286	8.46441E-4
4.2875	8.44386E-4
4.289	8.42333E-4
4.2905	8.40282E-4
4.292	8.38233E-4
4.2935	8.36186E-4
4.295	8.3414E-4
4.2965	8.32095E-4
4.298	8.30052E-4
4.2995	8.2801E-4
4.301	8.25968E-4
4.3025	8.23928E-4
4.304	8.21888E-4
4.3055	8.19849E-4
4.307	8.1781E-4
4.3085	8.15771E-4
4.31	8.13732E-4
4.3115	8.11693E-4
4.313	8.09654E-4
4.3145	8.07615E-4
4.316	8.05574E-4
4.3175	8.03534E-4
4.319	8.01492E-4
4.3205	7.99449E-4
4.322	7.97405E-4
4.3235	7.9536E-4
4.325	7.93313E-4
4.3265	7.91265E-4
4.328	7.89214E-4
4.3295	7.87162E-4
4.331	7.85108E-4
4.3325	7.83051E-4
4.334	7.80993E-4
4.3355	7.78931E-4
4.337	7.76867E-4
4.3385	7.748E-4
4.34	7.7273E-4
4.3415	7.70657E-4
4.343	7.68581E-4
4.3445	7.66501E-4
4.346	7.64417E-4
4.3475	7.6233E-4
4.349	7.60239E-4
4.3505	7.58144E-4
4.352	7.56045E-4
4.3535	7.53941E-4
4.355	7.51833E-4
4.3565	7.4972E-4
4.358	7.47602E-4
4.3595	7.45479E-4
4.361	7.43352E-4
4.3625	7.41219E-4
4.364	7.3908E-4
4.3655	7.36936E-4
4.367	7.34786E-4
4.3685	7.32631E-4
4.37	7.30469E-4
4.3715	7.28301E-4
4.373	7.26127E-4
4.3745	7.23946E-4
4.376	7.21759E-4
4.3775	7.19565E-4
4.379	7.17364E-4
4.3805	7.15156E-4
4.382	7.1294E-4
4.3835	7.10718E-4
4.385	7.08487E-4
4.3865	7.06249E-4
4.388	7.04004E-4
4.3895	7.0175E-4
4.391	6.99488E-4
4.3925	6.97218E-4
4.394	6.94939E-4
4.3955	6.92652E-4
4.397	6.90356E-4
4.3985	6.88051E-4
4.4	6.85737E-4
4.4015	6.83414E-4
4.403	6.81081E-4
4.4045	6.78739E-4
4.406	6.76387E-4
4.4075	6.74026E-4
4.409	6.71654E-4
4.4105	6.69273E-4
4.412	6.66881E-4
4.4135	6.64478E-4
4.415	6.62066E-4
4.4165	6.59642E-4
4.418	6.57207E-4
4.4195	6.54762E-4
4.421	6.52305E-4
4.4225	6.49837E-4
4.424	6.47358E-4
4.4255	6.44867E-4
4.427	6.42364E-4
4.4285	6.39849E-4
4.43	6.37322E-4
4.4315	6.34783E-4
4.433	6.32232E-4
4.4345	6.29668E-4
4.436	6.27091E-4
4.4375	6.24501E-4
4.439	6.21899E-4
4.4405	6.19283E-4
4.442	6.16654E-4
4.4435	6.14012E-4
4.445	6.11356E-4
4.4465	6.08686E-4
4.448	6.06002E-4
4.4495	6.03304E-4
4.451	6.00592E-4
4.4525	5.97866E-4
4.454	5.95125E-4
4.4555	5.9237E-4
4.457	5.896E-4
4.4585	5.86814E-4
4.46	5.84014E-4
4.4615	5.81198E-4
4.463	5.78367E-4
4.4645	5.75521E-4
4.466	5.72659E-4
4.4675	5.6978E-4
4.469	5.66886E-4
4.4705	5.63976E-4
4.472	5.61049E-4
4.4735	5.58106E-4
4.475	5.55146E-4
4.4765	5.5217E-4
4.478	5.49176E-4
4.4795	5.46166E-4
4.481	5.43138E-4
4.4825	5.40093E-4
4.484	5.3703E-4
4.4855	5.33949E-4
4.487	5.30851E-4
4.4885	5.27735E-4
4.49	5.24601E-4
4.4915	5.21448E-4
4.493	5.18277E-4
4.4945	5.15087E-4
4.496	5.11879E-4
4.4975	5.08651E-4
4.499	5.05405E-4
4.5005	5.02139E-4
4.502	4.98854E-4
4.5035	4.9555E-4
4.505	4.92226E-4
4.5065	4.88882E-4
4.508	4.85518E-4
4.5095	4.82134E-4
4.511	4.7873E-4
4.5125	4.75305E-4
4.514	4.7186E-4
4.5155	4.68394E-4
4.517	4.64907E-4
4.5185	4.61399E-4
4.52	4.5787E-4
4.5215	4.5432E-4
4.523	4.50748E-4
4.5245	4.47155E-4
4.526	4.4354E-4
4.5275	4.39902E-4
4.529	4.36243E-4
4.5305	4.32562E-4
4.532	4.28858E-4
4.5335	4.25132E-4
4.535	4.21383E-4
4.5365	4.17611E-4
4.538	4.13816E-4
4.5395	4.09998E-4
4.541	4.06157E-4
4.5425	4.02292E-4
4.544	3.98404E-4
4.5455	3.94492E-4
4.547	3.90556E-4
4.5485	3.86596E-4
4.55	3.82612E-4
4.5515	3.78603E-4
4.553	3.7457E-4
4.5545	3.70512E-4
4.556	3.6643E-4
4.5575	3.62322E-4
4.559	3.5819E-4
4.5605	3.54032E-4
4.562	3.49849E-4
4.5635	3.4564E-4
4.565	3.41406E-4
4.5665	3.37145E-4
4.568	3.32859E-4
4.5695	3.28546E-4
4.571	3.24207E-4
4.5725	3.19842E-4
4.574	3.1545E-4
4.5755	3.11031E-4
4.577	3.06586E-4
4.5785	3.02113E-4
4.58	2.97613E-4
4.5815	2.93086E-4
4.583	2.88531E-4
4.5845	2.83948E-4
4.586	2.79338E-4
4.5875	2.747E-4
4.589	2.70033E-4
4.5905	2.65338E-4
4.592	2.60615E-4
4.5935	2.55863E-4
4.595	2.51083E-4
4.5965	2.46273E-4
4.598	2.41435E-4
4.5995	2.36567E-4
4.601	2.3167E-4
4.6025	2.26744E-4
4.604	2.21788E-4
4.6055	2.16802E-4
4.607	2.11786E-4
4.6085	2.0674E-4
4.61	2.01663E-4
4.6115	1.96557E-4
4.613	1.91419E-4
4.6145	1.86251E-4
4.616	1.81053E-4
4.6175	1.75823E-4
4.619	1.70562E-4
4.6205	1.65269E-4
4.622	1.59946E-4
4.6235	1.5459E-4
4.625	1.49203E-4
4.6265	1.43784E-4
4.628	1.38333E-4
4.6295	1.32849E-4
4.631	1.27334E-4
4.6325	1.21785E-4
4.634	1.16204E-4
4.6355	1.10591E-4
4.637	1.04944E-4
4.6385	9.92638E-5
4.64	9.35506E-5
4.6415	8.7804E-5
4.643	8.20238E-5
4.6445	7.62098E-5
4.646	7.0362E-5
4.6475	6.44801E-5
4.649	5.8564E-5
4.6505	5.26136E-5
4.652	4.66286E-5
4.6535	4.0609E-5
4.655	3.45547E-5
4.6565	2.84653E-5
4.658	2.23409E-5
4.6595	1.61812E-5
4.661	9.99E-6
4.6625	3.76E-6
4.664	0
4.6655	0
4.667	0
4.6685	0
4.67	0
4.6715	0
4.673	0
4.6745	0
4.676	0
4.6775	0
4.679	0
4.6805	0
4.682	0
4.6835	0
4.685	0
4.6865	0
4.688	0
4.6895	0
4.691	0
4.6925	0
4.694	0
4.6955	0
4.697	0
4.6985	0
4.7	0
4.7015	0
4.703	0
4.7045	0
4.706	0
4.7075	0
4.709	0
4.7105	0
4.712	0
4.7135	0
4.715	0
4.7165	0
4.718	0
4.7195	0
4.721	0
4.7225	0
4.724	0
4.7255	0
4.727	0
4.7285	0
4.73	0
4.7315	0
4.733	0
4.7345	0
4.736	0
4.7375	0
4.739	0
4.7405	0
4.742	0
4.7435	0
4.745	0
4.7465	0
4.748	0
4.7495	0
4.751	0
4.7525	0
4.754	0
4.7555	0
4.757	0
4.7585	0
4.76	0
4.7615	0
4.763	0
4.7645	0
4.766	0
4.7675	0
4.769	0
4.7705	0
4.772	0
4.7735	0
4.775	0
4.7765	0
4.778	0
4.7795	0
4.781	0
4.7825	0
4.784	0
4.7855	0
4.787	0
4.7885	0
4.79	0
4.7915	0
4.793	0
4.7945	0
4.796	0
4.7975	0
4.799	0
4.8005	0
4.802	0
4.8035	0
4.805	0
4.8065	0
4.808	0
4.8095	0
4.811	0
4.8125	0
4.814	0
4.8155	0
4.817	0
4.8185	0
4.82	0
4.8215	0
4.823	0
4.8245	0
4.826	0
4.8275	0
4.829	0
4.8305	0
4.832	0
4.8335	0
4.835	0
4.8365	0
4.838	0
4.8395	0
4.841	0
4.8425	0
4.844	0
4.8455	0
4.847	0
4.8485	0
4.85	0
4.8515	0
4.853	0
4.8545	0
4.856	0
4.8575	0
4.859	0
4.8605	0
4.862	0
4.8635	0
4.865	0
4.8665	0
4.868	0
4.8695	0
4.871	0
4.8725	0
4.874	0
4.8755	0
4.877	0
4.8785	0
4.88	0
