  1.0140E-08  1.0196E-03  5.0893E-05  2.4993E-01  0.0000E+00  9.9999E-01  9.9997E-01  5.8168E-04  5.8167E-04
  7.8870E-08  2.0196E-03  1.9973E-04  5.3106E-01  0.0000E+00  9.9999E-01  9.9997E-01 -1.9006E-02 -1.9006E-02
  2.6365E-07  3.0196E-03  4.4651E-04  8.4448E-01  0.0000E+00  9.9999E-01  9.9997E-01 -9.0061E-02 -9.0059E-02
  6.2193E-07  4.0196E-03  7.9120E-04  1.1651E+00  0.0000E+00  9.9999E-01  9.9997E-01 -2.4385E-01 -2.4385E-01
  1.2111E-06  5.0196E-03  1.2338E-03  1.4883E+00  0.0000E+00  9.9999E-01  9.9997E-01 -5.1160E-01 -5.1159E-01
  2.0887E-06  6.0196E-03  1.7743E-03  1.8126E+00  0.0000E+00  9.9999E-01  9.9997E-01 -9.2449E-01 -9.2447E-01
  3.3121E-06  7.0196E-03  2.4125E-03  2.1374E+00  0.0000E+00  9.9999E-01  9.9997E-01 -1.5136E+00 -1.5136E+00
  4.9386E-06  8.0196E-03  3.1486E-03  2.4625E+00  0.0000E+00  9.9999E-01  9.9997E-01 -2.3100E+00 -2.3100E+00
  7.0255E-06  9.0196E-03  3.9824E-03  2.7877E+00  0.0000E+00  9.9998E-01  9.9997E-01 -3.3445E+00 -3.3445E+00
  9.6303E-06  1.0020E-02  4.9139E-03  3.1128E+00  0.0000E+00  9.9998E-01  9.9996E-01 -4.6481E+00 -4.6480E+00
  1.2810E-05  1.1020E-02  5.9430E-03  3.4379E+00  0.0000E+00  9.9998E-01  9.9996E-01 -6.2512E+00 -6.2511E+00
  1.6622E-05  1.2020E-02  7.0697E-03  3.7629E+00  0.0000E+00  9.9998E-01  9.9996E-01 -8.1846E+00 -8.1844E+00
  2.1124E-05  1.3020E-02  8.2939E-03  4.0876E+00  0.0000E+00  9.9997E-01  9.9995E-01 -1.0478E+01 -1.0478E+01
  2.6371E-05  1.4020E-02  9.6154E-03  4.4122E+00  0.0000E+00  9.9996E-01  9.9994E-01 -1.3163E+01 -1.3163E+01
  3.2423E-05  1.5020E-02  1.1034E-02  4.7365E+00  0.0000E+00  9.9995E-01  9.9993E-01 -1.6268E+01 -1.6268E+01
  3.9334E-05  1.6020E-02  1.2550E-02  5.0605E+00  0.0000E+00  9.9994E-01  9.9992E-01 -1.9824E+01 -1.9823E+01
  4.7163E-05  1.7020E-02  1.4163E-02  5.3842E+00  0.0000E+00  9.9993E-01  9.9991E-01 -2.3859E+01 -2.3859E+01
  5.5966E-05  1.8020E-02  1.5874E-02  5.7076E+00  0.0000E+00  9.9992E-01  9.9990E-01 -2.8404E+01 -2.8403E+01
  6.5798E-05  1.9020E-02  1.7681E-02  6.0306E+00  0.0000E+00  9.9990E-01  9.9988E-01 -3.3487E+01 -3.3486E+01
  7.6717E-05  2.0020E-02  1.9584E-02  6.3532E+00  0.0000E+00  9.9988E-01  9.9986E-01 -3.9137E+01 -3.9136E+01
  8.8779E-05  2.1020E-02  2.1585E-02  6.6754E+00  0.0000E+00  9.9985E-01  9.9983E-01 -4.5382E+01 -4.5381E+01
  1.0204E-04  2.2020E-02  2.3682E-02  6.9972E+00  0.0000E+00  9.9982E-01  9.9980E-01 -5.2250E+01 -5.2249E+01
  1.1656E-04  2.3020E-02  2.5875E-02  7.3185E+00  0.0000E+00  9.9979E-01  9.9977E-01 -5.9769E+01 -5.9767E+01
  1.3238E-04  2.4020E-02  2.8165E-02  7.6394E+00  0.0000E+00  9.9975E-01  9.9973E-01 -6.7965E+01 -6.7964E+01
  1.4957E-04  2.5020E-02  3.0550E-02  7.9597E+00  0.0000E+00  9.9971E-01  9.9969E-01 -7.6867E+01 -7.6866E+01
  1.6818E-04  2.6020E-02  3.3032E-02  8.2795E+00  0.0000E+00  9.9966E-01  9.9964E-01 -8.6500E+01 -8.6498E+01
  1.8827E-04  2.7020E-02  3.5609E-02  8.5987E+00  0.0000E+00  9.9961E-01  9.9959E-01 -9.6890E+01 -9.6888E+01
  2.0988E-04  2.8020E-02  3.8282E-02  8.9174E+00  0.0000E+00  9.9955E-01  9.9953E-01 -1.0806E+02 -1.0806E+02
  2.3308E-04  2.9020E-02  4.1050E-02  9.2355E+00  0.0000E+00  9.9948E-01  9.9946E-01 -1.2004E+02 -1.2004E+02
  2.5791E-04  3.0020E-02  4.3913E-02  9.5530E+00  0.0000E+00  9.9941E-01  9.9939E-01 -1.3285E+02 -1.3285E+02
  2.8443E-04  3.1020E-02  4.6871E-02  9.8698E+00  0.0000E+00  9.9933E-01  9.9931E-01 -1.4652E+02 -1.4652E+02
  3.1269E-04  3.2020E-02  4.9924E-02  1.0186E+01  0.0000E+00  9.9924E-01  9.9922E-01 -1.6106E+02 -1.6106E+02
  3.4275E-04  3.3020E-02  5.3072E-02  1.0501E+01  0.0000E+00  9.9914E-01  9.9912E-01 -1.7651E+02 -1.7651E+02
  3.7465E-04  3.4020E-02  5.6314E-02  1.0816E+01  0.0000E+00  9.9903E-01  9.9901E-01 -1.9288E+02 -1.9287E+02
  4.0844E-04  3.5020E-02  5.9650E-02  1.1130E+01  0.0000E+00  9.9891E-01  9.9889E-01 -2.1019E+02 -2.1018E+02
  4.4418E-04  3.6020E-02  6.3081E-02  1.1444E+01  0.0000E+00  9.9879E-01  9.9877E-01 -2.2846E+02 -2.2846E+02
  4.8192E-04  3.7020E-02  6.6604E-02  1.1756E+01  0.0000E+00  9.9865E-01  9.9863E-01 -2.4772E+02 -2.4771E+02
  5.2169E-04  3.8020E-02  7.0222E-02  1.2068E+01  0.0000E+00  9.9850E-01  9.9848E-01 -2.6798E+02 -2.6797E+02
  5.6356E-04  3.9020E-02  7.3932E-02  1.2379E+01  0.0000E+00  9.9834E-01  9.9832E-01 -2.8925E+02 -2.8925E+02
  6.0756E-04  4.0020E-02  7.7736E-02  1.2689E+01  0.0000E+00  9.9816E-01  9.9814E-01 -3.1157E+02 -3.1156E+02
  6.5375E-04  4.1020E-02  8.1632E-02  1.2998E+01  0.0000E+00  9.9797E-01  9.9795E-01 -3.3493E+02 -3.3493E+02
  7.0216E-04  4.2020E-02  8.5621E-02  1.3307E+01  0.0000E+00  9.9777E-01  9.9775E-01 -3.5936E+02 -3.5936E+02
  7.5284E-04  4.3020E-02  8.9702E-02  1.3614E+01  0.0000E+00  9.9756E-01  9.9754E-01 -3.8487E+02 -3.8487E+02
  8.0584E-04  4.4020E-02  9.3874E-02  1.3921E+01  0.0000E+00  9.9733E-01  9.9731E-01 -4.1148E+02 -4.1147E+02
  8.6119E-04  4.5020E-02  9.8139E-02  1.4226E+01  0.0000E+00  9.9708E-01  9.9706E-01 -4.3919E+02 -4.3918E+02
  9.1894E-04  4.6020E-02  1.0249E-01  1.4531E+01  0.0000E+00  9.9682E-01  9.9680E-01 -4.6801E+02 -4.6801E+02
  9.7912E-04  4.7020E-02  1.0694E-01  1.4835E+01  0.0000E+00  9.9654E-01  9.9652E-01 -4.9797E+02 -4.9796E+02
  1.0418E-03  4.8020E-02  1.1148E-01  1.5137E+01  0.0000E+00  9.9625E-01  9.9623E-01 -5.2905E+02 -5.2904E+02
  1.1069E-03  4.9020E-02  1.1611E-01  1.5439E+01  0.0000E+00  9.9594E-01  9.9592E-01 -5.6127E+02 -5.6126E+02
  1.1746E-03  5.0020E-02  1.2082E-01  1.5740E+01  0.0000E+00  9.9561E-01  9.9559E-01 -5.9465E+02 -5.9463E+02
  1.2449E-03  5.1020E-02  1.2563E-01  1.6039E+01  0.0000E+00  9.9526E-01  9.9524E-01 -6.2917E+02 -6.2916E+02
  1.3178E-03  5.2020E-02  1.3053E-01  1.6338E+01  0.0000E+00  9.9489E-01  9.9487E-01 -6.6484E+02 -6.6483E+02
  1.3933E-03  5.3020E-02  1.3552E-01  1.6635E+01  0.0000E+00  9.9450E-01  9.9448E-01 -7.0164E+02 -7.0163E+02
  1.4715E-03  5.4020E-02  1.4059E-01  1.6931E+01  0.0000E+00  9.9409E-01  9.9407E-01 -7.3958E+02 -7.3956E+02
  1.5524E-03  5.5020E-02  1.4576E-01  1.7227E+01  0.0000E+00  9.9367E-01  9.9365E-01 -7.7864E+02 -7.7863E+02
  1.6360E-03  5.6020E-02  1.5101E-01  1.7521E+01  0.0000E+00  9.9322E-01  9.9320E-01 -8.1884E+02 -8.1882E+02
  1.7223E-03  5.7020E-02  1.5635E-01  1.7813E+01  0.0000E+00  9.9274E-01  9.9272E-01 -8.6015E+02 -8.6013E+02
  1.8114E-03  5.8020E-02  1.6177E-01  1.8105E+01  0.0000E+00  9.9225E-01  9.9223E-01 -9.0258E+02 -9.0256E+02
  1.9033E-03  5.9020E-02  1.6729E-01  1.8395E+01  0.0000E+00  9.9173E-01  9.9171E-01 -9.4612E+02 -9.4610E+02
  1.9979E-03  6.0020E-02  1.7289E-01  1.8684E+01  0.0000E+00  9.9120E-01  9.9118E-01 -9.9076E+02 -9.9074E+02
  2.0954E-03  6.1020E-02  1.7858E-01  1.8972E+01  0.0000E+00  9.9063E-01  9.9061E-01 -1.0365E+03 -1.0365E+03
  2.1957E-03  6.2020E-02  1.8435E-01  1.9259E+01  0.0000E+00  9.9005E-01  9.9003E-01 -1.0833E+03 -1.0833E+03
  2.2989E-03  6.3020E-02  1.9021E-01  1.9544E+01  0.0000E+00  9.8944E-01  9.8942E-01 -1.1312E+03 -1.1311E+03
  2.4049E-03  6.4020E-02  1.9615E-01  1.9828E+01  0.0000E+00  9.8880E-01  9.8878E-01 -1.1801E+03 -1.1801E+03
  2.5138E-03  6.5020E-02  2.0218E-01  2.0110E+01  0.0000E+00  9.8814E-01  9.8812E-01 -1.2300E+03 -1.2300E+03
  2.6255E-03  6.6020E-02  2.0829E-01  2.0391E+01  0.0000E+00  9.8746E-01  9.8744E-01 -1.2810E+03 -1.2810E+03
  2.7401E-03  6.7020E-02  2.1449E-01  2.0671E+01  0.0000E+00  9.8675E-01  9.8673E-01 -1.3329E+03 -1.3328E+03
  2.8575E-03  6.8020E-02  2.2077E-01  2.0949E+01  0.0000E+00  9.8602E-01  9.8600E-01 -1.3857E+03 -1.3857E+03
  2.9779E-03  6.9020E-02  2.2713E-01  2.1226E+01  0.0000E+00  9.8526E-01  9.8524E-01 -1.4394E+03 -1.4394E+03
  3.1011E-03  7.0020E-02  2.3357E-01  2.1501E+01  0.0000E+00  9.8448E-01  9.8446E-01 -1.4941E+03 -1.4940E+03
  3.2271E-03  7.1020E-02  2.4010E-01  2.1774E+01  0.0000E+00  9.8367E-01  9.8365E-01 -1.5495E+03 -1.5495E+03
  3.3560E-03  7.2020E-02  2.4671E-01  2.2047E+01  0.0000E+00  9.8283E-01  9.8281E-01 -1.6058E+03 -1.6058E+03
  3.4878E-03  7.3020E-02  2.5340E-01  2.2317E+01  0.0000E+00  9.8197E-01  9.8195E-01 -1.6629E+03 -1.6629E+03
  3.6224E-03  7.4020E-02  2.6017E-01  2.2586E+01  0.0000E+00  9.8108E-01  9.8106E-01 -1.7208E+03 -1.7208E+03
  3.7598E-03  7.5020E-02  2.6702E-01  2.2854E+01  0.0000E+00  9.8017E-01  9.8015E-01 -1.7794E+03 -1.7794E+03
  3.9001E-03  7.6020E-02  2.7395E-01  2.3120E+01  0.0000E+00  9.7923E-01  9.7921E-01 -1.8388E+03 -1.8387E+03
  4.0431E-03  7.7020E-02  2.8096E-01  2.3383E+01  0.0000E+00  9.7827E-01  9.7825E-01 -1.8987E+03 -1.8987E+03
  4.1890E-03  7.8020E-02  2.8805E-01  2.3645E+01  0.0000E+00  9.7728E-01  9.7726E-01 -1.9593E+03 -1.9593E+03
  4.3376E-03  7.9020E-02  2.9521E-01  2.3905E+01  0.0000E+00  9.7627E-01  9.7625E-01 -2.0205E+03 -2.0204E+03
  4.4889E-03  8.0020E-02  3.0246E-01  2.4163E+01  0.0000E+00  9.7523E-01  9.7521E-01 -2.0822E+03 -2.0821E+03
  4.6429E-03  8.1020E-02  3.0977E-01  2.4420E+01  0.0000E+00  9.7416E-01  9.7414E-01 -2.1444E+03 -2.1443E+03
  4.7997E-03  8.2020E-02  3.1717E-01  2.4675E+01  0.0000E+00  9.7307E-01  9.7306E-01 -2.2071E+03 -2.2070E+03
  4.9591E-03  8.3020E-02  3.2464E-01  2.4928E+01  0.0000E+00  9.7196E-01  9.7194E-01 -2.2702E+03 -2.2701E+03
  5.1212E-03  8.4020E-02  3.3219E-01  2.5179E+01  0.0000E+00  9.7083E-01  9.7081E-01 -2.3337E+03 -2.3336E+03
  5.2859E-03  8.5020E-02  3.3981E-01  2.5427E+01  0.0000E+00  9.6967E-01  9.6965E-01 -2.3976E+03 -2.3976E+03
  5.4532E-03  8.6020E-02  3.4751E-01  2.5674E+01  0.0000E+00  9.6848E-01  9.6847E-01 -2.4620E+03 -2.4620E+03
  5.6231E-03  8.7020E-02  3.5528E-01  2.5918E+01  0.0000E+00  9.6728E-01  9.6726E-01 -2.5267E+03 -2.5267E+03
  5.7955E-03  8.8020E-02  3.6312E-01  2.6161E+01  0.0000E+00  9.6605E-01  9.6603E-01 -2.5918E+03 -2.5917E+03
  5.9703E-03  8.9020E-02  3.7103E-01  2.6402E+01  0.0000E+00  9.6480E-01  9.6478E-01 -2.6571E+03 -2.6570E+03
  6.1477E-03  9.0020E-02  3.7902E-01  2.6641E+01  0.0000E+00  9.6353E-01  9.6351E-01 -2.7226E+03 -2.7226E+03
  6.3275E-03  9.1020E-02  3.8708E-01  2.6878E+01  0.0000E+00  9.6223E-01  9.6222E-01 -2.7884E+03 -2.7884E+03
  6.5097E-03  9.2020E-02  3.9520E-01  2.7113E+01  0.0000E+00  9.6092E-01  9.6090E-01 -2.8544E+03 -2.8544E+03
  6.6943E-03  9.3020E-02  4.0340E-01  2.7346E+01  0.0000E+00  9.5958E-01  9.5957E-01 -2.9206E+03 -2.9206E+03
  6.8812E-03  9.4020E-02  4.1167E-01  2.7577E+01  0.0000E+00  9.5823E-01  9.5821E-01 -2.9870E+03 -2.9869E+03
  7.0704E-03  9.5020E-02  4.2000E-01  2.7807E+01  0.0000E+00  9.5686E-01  9.5684E-01 -3.0534E+03 -3.0534E+03
  7.2619E-03  9.6020E-02  4.2841E-01  2.8034E+01  0.0000E+00  9.5546E-01  9.5544E-01 -3.1200E+03 -3.1199E+03
  7.4556E-03  9.7020E-02  4.3688E-01  2.8259E+01  0.0000E+00  9.5405E-01  9.5403E-01 -3.1866E+03 -3.1865E+03
  7.6515E-03  9.8020E-02  4.4541E-01  2.8482E+01  0.0000E+00  9.5262E-01  9.5260E-01 -3.2531E+03 -3.2531E+03
  7.8496E-03  9.9020E-02  4.5402E-01  2.8702E+01  0.0000E+00  9.5117E-01  9.5115E-01 -3.3197E+03 -3.3196E+03
  8.0498E-03  1.0002E-01  4.6269E-01  2.8920E+01  0.0000E+00  9.4971E-01  9.4969E-01 -3.3861E+03 -3.3860E+03
  8.2520E-03  1.0102E-01  4.7142E-01  2.9136E+01  0.0000E+00  9.4823E-01  9.4821E-01 -3.4523E+03 -3.4522E+03
  8.4563E-03  1.0202E-01  4.8022E-01  2.9350E+01  0.0000E+00  9.4673E-01  9.4671E-01 -3.5184E+03 -3.5183E+03
  8.6626E-03  1.0302E-01  4.8908E-01  2.9562E+01  0.0000E+00  9.4522E-01  9.4520E-01 -3.5842E+03 -3.5842E+03
  8.8708E-03  1.0402E-01  4.9800E-01  2.9771E+01  0.0000E+00  9.4369E-01  9.4368E-01 -3.6499E+03 -3.6498E+03
  9.0810E-03  1.0502E-01  5.0699E-01  2.9978E+01  0.0000E+00  9.4215E-01  9.4214E-01 -3.7152E+03 -3.7151E+03
  9.2931E-03  1.0602E-01  5.1604E-01  3.0182E+01  0.0000E+00  9.4060E-01  9.4058E-01 -3.7802E+03 -3.7801E+03
  9.5071E-03  1.0702E-01  5.2515E-01  3.0384E+01  0.0000E+00  9.3903E-01  9.3901E-01 -3.8449E+03 -3.8448E+03
  9.7228E-03  1.0802E-01  5.3431E-01  3.0584E+01  0.0000E+00  9.3745E-01  9.3744E-01 -3.9092E+03 -3.9091E+03
  9.9403E-03  1.0902E-01  5.4354E-01  3.0782E+01  0.0000E+00  9.3586E-01  9.3584E-01 -3.9731E+03 -3.9730E+03
  1.0160E-02  1.1002E-01  5.5283E-01  3.0977E+01  0.0000E+00  9.3426E-01  9.3424E-01 -4.0365E+03 -4.0364E+03
  1.0381E-02  1.1102E-01  5.6217E-01  3.1169E+01  0.0000E+00  9.3265E-01  9.3263E-01 -4.0994E+03 -4.0994E+03
  1.0603E-02  1.1202E-01  5.7157E-01  3.1359E+01  0.0000E+00  9.3103E-01  9.3101E-01 -4.1618E+03 -4.1617E+03
  1.0828E-02  1.1302E-01  5.8103E-01  3.1546E+01  0.0000E+00  9.2939E-01  9.2938E-01 -4.2236E+03 -4.2235E+03
  1.1053E-02  1.1402E-01  5.9054E-01  3.1731E+01  0.0000E+00  9.2775E-01  9.2774E-01 -4.2847E+03 -4.2846E+03
  1.1281E-02  1.1502E-01  6.0010E-01  3.1914E+01  0.0000E+00  9.2610E-01  9.2609E-01 -4.3452E+03 -4.3451E+03
  1.1510E-02  1.1602E-01  6.0972E-01  3.2093E+01  0.0000E+00  9.2445E-01  9.2443E-01 -4.4050E+03 -4.4049E+03
  1.1740E-02  1.1702E-01  6.1940E-01  3.2269E+01  0.0000E+00  9.2279E-01  9.2277E-01 -4.4640E+03 -4.4640E+03
  1.1972E-02  1.1802E-01  6.2912E-01  3.2442E+01  0.0000E+00  9.2112E-01  9.2110E-01 -4.5223E+03 -4.5222E+03
  1.2206E-02  1.1902E-01  6.3890E-01  3.2613E+01  0.0000E+00  9.1944E-01  9.1942E-01 -4.5797E+03 -4.5796E+03
  1.2441E-02  1.2002E-01  6.4873E-01  3.2782E+01  0.0000E+00  9.1776E-01  9.1774E-01 -4.6363E+03 -4.6362E+03
  1.2677E-02  1.2102E-01  6.5860E-01  3.2947E+01  0.0000E+00  9.1607E-01  9.1606E-01 -4.6920E+03 -4.6919E+03
  1.2914E-02  1.2202E-01  6.6853E-01  3.3108E+01  0.0000E+00  9.1438E-01  9.1437E-01 -4.7469E+03 -4.7468E+03
  1.3153E-02  1.2302E-01  6.7850E-01  3.3267E+01  0.0000E+00  9.1269E-01  9.1267E-01 -4.8010E+03 -4.8009E+03
  1.3393E-02  1.2402E-01  6.8852E-01  3.3423E+01  0.0000E+00  9.1100E-01  9.1098E-01 -4.8542E+03 -4.8541E+03
  1.3635E-02  1.2502E-01  6.9858E-01  3.3577E+01  0.0000E+00  9.0930E-01  9.0928E-01 -4.9065E+03 -4.9064E+03
  1.3877E-02  1.2602E-01  7.0869E-01  3.3728E+01  0.0000E+00  9.0760E-01  9.0758E-01 -4.9579E+03 -4.9578E+03
  1.4121E-02  1.2702E-01  7.1885E-01  3.3875E+01  0.0000E+00  9.0590E-01  9.0588E-01 -5.0083E+03 -5.0082E+03
  1.4366E-02  1.2802E-01  7.2905E-01  3.4020E+01  0.0000E+00  9.0419E-01  9.0418E-01 -5.0578E+03 -5.0577E+03
  1.4612E-02  1.2902E-01  7.3929E-01  3.4162E+01  0.0000E+00  9.0249E-01  9.0247E-01 -5.1064E+03 -5.1063E+03
  1.4859E-02  1.3002E-01  7.4957E-01  3.4302E+01  0.0000E+00  9.0079E-01  9.0077E-01 -5.1540E+03 -5.1539E+03
  1.5107E-02  1.3102E-01  7.5990E-01  3.4439E+01  0.0000E+00  8.9908E-01  8.9907E-01 -5.2006E+03 -5.2005E+03
  1.5357E-02  1.3202E-01  7.7026E-01  3.4571E+01  0.0000E+00  8.9738E-01  8.9736E-01 -5.2462E+03 -5.2461E+03
  1.5607E-02  1.3302E-01  7.8066E-01  3.4701E+01  0.0000E+00  8.9568E-01  8.9566E-01 -5.2909E+03 -5.2908E+03
  1.5858E-02  1.3402E-01  7.9110E-01  3.4827E+01  0.0000E+00  8.9398E-01  8.9396E-01 -5.3346E+03 -5.3345E+03
  1.6111E-02  1.3502E-01  8.0158E-01  3.4951E+01  0.0000E+00  8.9228E-01  8.9227E-01 -5.3773E+03 -5.3772E+03
  1.6364E-02  1.3602E-01  8.1209E-01  3.5073E+01  0.0000E+00  8.9059E-01  8.9057E-01 -5.4190E+03 -5.4189E+03
  1.6618E-02  1.3702E-01  8.2264E-01  3.5192E+01  0.0000E+00  8.8890E-01  8.8888E-01 -5.4596E+03 -5.4595E+03
  1.6873E-02  1.3802E-01  8.3323E-01  3.5308E+01  0.0000E+00  8.8721E-01  8.8719E-01 -5.4990E+03 -5.4989E+03
  1.7129E-02  1.3902E-01  8.4385E-01  3.5421E+01  0.0000E+00  8.8553E-01  8.8551E-01 -5.5372E+03 -5.5371E+03
  1.7386E-02  1.4002E-01  8.5450E-01  3.5532E+01  0.0000E+00  8.8385E-01  8.8383E-01 -5.5743E+03 -5.5742E+03
  1.7644E-02  1.4102E-01  8.6518E-01  3.5640E+01  0.0000E+00  8.8217E-01  8.8215E-01 -5.6101E+03 -5.6099E+03
  1.7902E-02  1.4202E-01  8.7590E-01  3.5740E+01  0.0000E+00  8.8050E-01  8.8048E-01 -5.6445E+03 -5.6444E+03
  1.8162E-02  1.4302E-01  8.8664E-01  3.5837E+01  0.0000E+00  8.7883E-01  8.7881E-01 -5.6775E+03 -5.6774E+03
  1.8422E-02  1.4402E-01  8.9741E-01  3.5931E+01  0.0000E+00  8.7717E-01  8.7715E-01 -5.7091E+03 -5.7090E+03
  1.8683E-02  1.4502E-01  9.0821E-01  3.6023E+01  0.0000E+00  8.7552E-01  8.7550E-01 -5.7393E+03 -5.7392E+03
  1.8944E-02  1.4602E-01  9.1903E-01  3.6110E+01  0.0000E+00  8.7387E-01  8.7385E-01 -5.7682E+03 -5.7681E+03
  1.9207E-02  1.4702E-01  9.2988E-01  3.6194E+01  0.0000E+00  8.7223E-01  8.7221E-01 -5.7958E+03 -5.7957E+03
  1.9470E-02  1.4802E-01  9.4076E-01  3.6274E+01  0.0000E+00  8.7059E-01  8.7058E-01 -5.8223E+03 -5.8222E+03
  1.9733E-02  1.4902E-01  9.5166E-01  3.6351E+01  0.0000E+00  8.6897E-01  8.6895E-01 -5.8475E+03 -5.8474E+03
  1.9998E-02  1.5002E-01  9.6258E-01  3.6426E+01  0.0000E+00  8.6735E-01  8.6733E-01 -5.8716E+03 -5.8715E+03
  2.0263E-02  1.5102E-01  9.7352E-01  3.6497E+01  0.0000E+00  8.6574E-01  8.6572E-01 -5.8944E+03 -5.8943E+03
  2.0529E-02  1.5202E-01  9.8448E-01  3.6565E+01  0.0000E+00  8.6413E-01  8.6412E-01 -5.9159E+03 -5.9157E+03
  2.0795E-02  1.5302E-01  9.9546E-01  3.6630E+01  0.0000E+00  8.6254E-01  8.6252E-01 -5.9360E+03 -5.9359E+03
  2.1062E-02  1.5402E-01  1.0065E+00  3.6693E+01  0.0000E+00  8.6095E-01  8.6094E-01 -5.9549E+03 -5.9548E+03
  2.1330E-02  1.5502E-01  1.0175E+00  3.6752E+01  0.0000E+00  8.5938E-01  8.5936E-01 -5.9725E+03 -5.9723E+03
  2.1598E-02  1.5602E-01  1.0285E+00  3.6805E+01  0.0000E+00  8.5781E-01  8.5779E-01 -5.9887E+03 -5.9886E+03
  2.1867E-02  1.5702E-01  1.0396E+00  3.6854E+01  0.0000E+00  8.5625E-01  8.5623E-01 -6.0036E+03 -6.0035E+03
  2.2136E-02  1.5802E-01  1.0506E+00  3.6901E+01  0.0000E+00  8.5470E-01  8.5469E-01 -6.0172E+03 -6.0171E+03
  2.2406E-02  1.5902E-01  1.0617E+00  3.6944E+01  0.0000E+00  8.5316E-01  8.5315E-01 -6.0294E+03 -6.0293E+03
  2.2676E-02  1.6002E-01  1.0728E+00  3.6985E+01  0.0000E+00  8.5163E-01  8.5162E-01 -6.0403E+03 -6.0402E+03
  2.2947E-02  1.6102E-01  1.0839E+00  3.7021E+01  0.0000E+00  8.5012E-01  8.5010E-01 -6.0499E+03 -6.0498E+03
  2.3219E-02  1.6202E-01  1.0950E+00  3.7055E+01  0.0000E+00  8.4861E-01  8.4859E-01 -6.0582E+03 -6.0581E+03
  2.3490E-02  1.6302E-01  1.1061E+00  3.7086E+01  0.0000E+00  8.4711E-01  8.4709E-01 -6.0651E+03 -6.0650E+03
  2.3763E-02  1.6402E-01  1.1172E+00  3.7114E+01  0.0000E+00  8.4562E-01  8.4561E-01 -6.0707E+03 -6.0705E+03
  2.4036E-02  1.6502E-01  1.1284E+00  3.7137E+01  0.0000E+00  8.4415E-01  8.4413E-01 -6.0748E+03 -6.0746E+03
  2.4309E-02  1.6602E-01  1.1395E+00  3.7154E+01  0.0000E+00  8.4268E-01  8.4267E-01 -6.0773E+03 -6.0771E+03
  2.4583E-02  1.6702E-01  1.1507E+00  3.7169E+01  0.0000E+00  8.4123E-01  8.4121E-01 -6.0782E+03 -6.0781E+03
  2.4857E-02  1.6802E-01  1.1618E+00  3.7181E+01  0.0000E+00  8.3979E-01  8.3977E-01 -6.0775E+03 -6.0774E+03
  2.5132E-02  1.6902E-01  1.1729E+00  3.7190E+01  0.0000E+00  8.3836E-01  8.3834E-01 -6.0752E+03 -6.0751E+03
  2.5407E-02  1.7002E-01  1.1841E+00  3.7191E+01  0.0000E+00  8.3694E-01  8.3692E-01 -6.0712E+03 -6.0711E+03
  2.5682E-02  1.7102E-01  1.1952E+00  3.7188E+01  0.0000E+00  8.3554E-01  8.3552E-01 -6.0656E+03 -6.0655E+03
  2.5958E-02  1.7202E-01  1.2064E+00  3.7182E+01  0.0000E+00  8.3414E-01  8.3413E-01 -6.0582E+03 -6.0581E+03
  2.6234E-02  1.7302E-01  1.2175E+00  3.7174E+01  0.0000E+00  8.3276E-01  8.3275E-01 -6.0492E+03 -6.0491E+03
  2.6511E-02  1.7402E-01  1.2287E+00  3.7159E+01  0.0000E+00  8.3140E-01  8.3138E-01 -6.0386E+03 -6.0385E+03
  2.6788E-02  1.7502E-01  1.2398E+00  3.7138E+01  0.0000E+00  8.3004E-01  8.3003E-01 -6.0265E+03 -6.0264E+03
  2.7065E-02  1.7602E-01  1.2509E+00  3.7115E+01  0.0000E+00  8.2870E-01  8.2869E-01 -6.0129E+03 -6.0128E+03
  2.7343E-02  1.7702E-01  1.2621E+00  3.7088E+01  0.0000E+00  8.2737E-01  8.2736E-01 -5.9978E+03 -5.9977E+03
  2.7621E-02  1.7802E-01  1.2732E+00  3.7059E+01  0.0000E+00  8.2606E-01  8.2604E-01 -5.9812E+03 -5.9811E+03
  2.7899E-02  1.7902E-01  1.2843E+00  3.7024E+01  0.0000E+00  8.2476E-01  8.2474E-01 -5.9632E+03 -5.9630E+03
  2.8178E-02  1.8002E-01  1.2954E+00  3.6986E+01  0.0000E+00  8.2347E-01  8.2346E-01 -5.9436E+03 -5.9435E+03
  2.8457E-02  1.8102E-01  1.3064E+00  3.6946E+01  0.0000E+00  8.2220E-01  8.2219E-01 -5.9226E+03 -5.9225E+03
  2.8736E-02  1.8202E-01  1.3175E+00  3.6902E+01  0.0000E+00  8.2094E-01  8.2093E-01 -5.9001E+03 -5.9000E+03
  2.9016E-02  1.8302E-01  1.3285E+00  3.6853E+01  0.0000E+00  8.1970E-01  8.1968E-01 -5.8761E+03 -5.8760E+03
  2.9296E-02  1.8402E-01  1.3396E+00  3.6798E+01  0.0000E+00  8.1847E-01  8.1845E-01 -5.8504E+03 -5.8503E+03
  2.9576E-02  1.8502E-01  1.3506E+00  3.6739E+01  0.0000E+00  8.1725E-01  8.1724E-01 -5.8231E+03 -5.8230E+03
  2.9857E-02  1.8602E-01  1.3616E+00  3.6678E+01  0.0000E+00  8.1605E-01  8.1603E-01 -5.7942E+03 -5.7941E+03
  3.0137E-02  1.8702E-01  1.3726E+00  3.6614E+01  0.0000E+00  8.1486E-01  8.1485E-01 -5.7636E+03 -5.7635E+03
  3.0419E-02  1.8802E-01  1.3835E+00  3.6542E+01  0.0000E+00  8.1369E-01  8.1367E-01 -5.7315E+03 -5.7314E+03
  3.0700E-02  1.8902E-01  1.3945E+00  3.6466E+01  0.0000E+00  8.1253E-01  8.1252E-01 -5.6978E+03 -5.6977E+03
  3.0982E-02  1.9002E-01  1.4054E+00  3.6387E+01  0.0000E+00  8.1139E-01  8.1137E-01 -5.6624E+03 -5.6623E+03
  3.1263E-02  1.9102E-01  1.4162E+00  3.6306E+01  0.0000E+00  8.1026E-01  8.1025E-01 -5.6255E+03 -5.6254E+03
  3.1546E-02  1.9202E-01  1.4271E+00  3.6219E+01  0.0000E+00  8.0915E-01  8.0913E-01 -5.5869E+03 -5.5868E+03
  3.1828E-02  1.9302E-01  1.4379E+00  3.6125E+01  0.0000E+00  8.0805E-01  8.0804E-01 -5.5464E+03 -5.5463E+03
  3.2110E-02  1.9402E-01  1.4487E+00  3.6030E+01  0.0000E+00  8.0697E-01  8.0695E-01 -5.5041E+03 -5.5040E+03
  3.2393E-02  1.9502E-01  1.4595E+00  3.5932E+01  0.0000E+00  8.0590E-01  8.0589E-01 -5.4600E+03 -5.4599E+03
  3.2676E-02  1.9602E-01  1.4702E+00  3.5829E+01  0.0000E+00  8.0485E-01  8.0484E-01 -5.4141E+03 -5.4140E+03
  3.2960E-02  1.9702E-01  1.4810E+00  3.5714E+01  0.0000E+00  8.0382E-01  8.0380E-01 -5.3663E+03 -5.3662E+03
  3.3243E-02  1.9802E-01  1.4916E+00  3.5595E+01  0.0000E+00  8.0280E-01  8.0278E-01 -5.3166E+03 -5.3165E+03
  3.3527E-02  1.9902E-01  1.5023E+00  3.5475E+01  0.0000E+00  8.0180E-01  8.0178E-01 -5.2651E+03 -5.2650E+03
  3.3811E-02  2.0002E-01  1.5129E+00  3.5352E+01  0.0000E+00  8.0081E-01  8.0079E-01 -5.2118E+03 -5.2117E+03
  3.4095E-02  2.0102E-01  1.5234E+00  3.5220E+01  0.0000E+00  7.9984E-01  7.9982E-01 -5.1568E+03 -5.1567E+03
  3.4379E-02  2.0202E-01  1.5339E+00  3.5084E+01  0.0000E+00  7.9889E-01  7.9887E-01 -5.1002E+03 -5.1001E+03
  3.4664E-02  2.0302E-01  1.5444E+00  3.4945E+01  0.0000E+00  7.9795E-01  7.9793E-01 -5.0421E+03 -5.0420E+03
  3.4948E-02  2.0402E-01  1.5549E+00  3.4804E+01  0.0000E+00  7.9703E-01  7.9701E-01 -4.9825E+03 -4.9824E+03
  3.5233E-02  2.0502E-01  1.5652E+00  3.4658E+01  0.0000E+00  7.9612E-01  7.9611E-01 -4.9213E+03 -4.9212E+03
  3.5518E-02  2.0602E-01  1.5756E+00  3.4505E+01  0.0000E+00  7.9524E-01  7.9522E-01 -4.8584E+03 -4.8583E+03
  3.5804E-02  2.0702E-01  1.5859E+00  3.4350E+01  0.0000E+00  7.9437E-01  7.9435E-01 -4.7938E+03 -4.7937E+03
  3.6089E-02  2.0802E-01  1.5961E+00  3.4193E+01  0.0000E+00  7.9351E-01  7.9350E-01 -4.7276E+03 -4.7275E+03
  3.6375E-02  2.0902E-01  1.6063E+00  3.4033E+01  0.0000E+00  7.9267E-01  7.9266E-01 -4.6597E+03 -4.6596E+03
  3.6660E-02  2.1002E-01  1.6165E+00  3.3861E+01  0.0000E+00  7.9185E-01  7.9184E-01 -4.5900E+03 -4.5899E+03
  3.6946E-02  2.1102E-01  1.6266E+00  3.3685E+01  0.0000E+00  7.9105E-01  7.9104E-01 -4.5184E+03 -4.5183E+03
  3.7233E-02  2.1202E-01  1.6366E+00  3.3507E+01  0.0000E+00  7.9026E-01  7.9025E-01 -4.4450E+03 -4.4449E+03
  3.7519E-02  2.1302E-01  1.6466E+00  3.3327E+01  0.0000E+00  7.8950E-01  7.8948E-01 -4.3697E+03 -4.3697E+03
  3.7805E-02  2.1402E-01  1.6566E+00  3.3138E+01  0.0000E+00  7.8875E-01  7.8873E-01 -4.2927E+03 -4.2926E+03
  3.8092E-02  2.1502E-01  1.6664E+00  3.2942E+01  0.0000E+00  7.8801E-01  7.8800E-01 -4.2138E+03 -4.2137E+03
  3.8378E-02  2.1602E-01  1.6763E+00  3.2744E+01  0.0000E+00  7.8730E-01  7.8728E-01 -4.1332E+03 -4.1331E+03
  3.8665E-02  2.1702E-01  1.6860E+00  3.2544E+01  0.0000E+00  7.8660E-01  7.8658E-01 -4.0508E+03 -4.0507E+03
  3.8952E-02  2.1802E-01  1.6957E+00  3.2339E+01  0.0000E+00  7.8592E-01  7.8590E-01 -3.9666E+03 -3.9665E+03
  3.9239E-02  2.1902E-01  1.7053E+00  3.2123E+01  0.0000E+00  7.8525E-01  7.8524E-01 -3.8803E+03 -3.8802E+03
  3.9527E-02  2.2002E-01  1.7149E+00  3.1906E+01  0.0000E+00  7.8461E-01  7.8459E-01 -3.7920E+03 -3.7919E+03
  3.9814E-02  2.2102E-01  1.7244E+00  3.1686E+01  0.0000E+00  7.8398E-01  7.8397E-01 -3.7017E+03 -3.7016E+03
  4.0101E-02  2.2202E-01  1.7338E+00  3.1464E+01  0.0000E+00  7.8338E-01  7.8336E-01 -3.6094E+03 -3.6093E+03
  4.0389E-02  2.2302E-01  1.7432E+00  3.1226E+01  0.0000E+00  7.8279E-01  7.8277E-01 -3.5152E+03 -3.5151E+03
  4.0677E-02  2.2402E-01  1.7525E+00  3.0983E+01  0.0000E+00  7.8222E-01  7.8220E-01 -3.4192E+03 -3.4191E+03
  4.0965E-02  2.2502E-01  1.7617E+00  3.0738E+01  0.0000E+00  7.8166E-01  7.8165E-01 -3.3213E+03 -3.3212E+03
  4.1253E-02  2.2602E-01  1.7708E+00  3.0492E+01  0.0000E+00  7.8113E-01  7.8112E-01 -3.2216E+03 -3.2215E+03
  4.1541E-02  2.2702E-01  1.7799E+00  3.0239E+01  0.0000E+00  7.8062E-01  7.8060E-01 -3.1202E+03 -3.1201E+03
  4.1829E-02  2.2802E-01  1.7889E+00  2.9980E+01  0.0000E+00  7.8012E-01  7.8010E-01 -3.0172E+03 -3.0172E+03
  4.2117E-02  2.2902E-01  1.7978E+00  2.9719E+01  0.0000E+00  7.7964E-01  7.7963E-01 -2.9127E+03 -2.9126E+03
  4.2406E-02  2.3002E-01  1.8066E+00  2.9458E+01  0.0000E+00  7.7919E-01  7.7917E-01 -2.8065E+03 -2.8065E+03
  4.2694E-02  2.3102E-01  1.8154E+00  2.9191E+01  0.0000E+00  7.7875E-01  7.7873E-01 -2.6988E+03 -2.6988E+03
  4.2983E-02  2.3202E-01  1.8241E+00  2.8913E+01  0.0000E+00  7.7833E-01  7.7831E-01 -2.5893E+03 -2.5893E+03
  4.3272E-02  2.3302E-01  1.8326E+00  2.8632E+01  0.0000E+00  7.7793E-01  7.7791E-01 -2.4780E+03 -2.4780E+03
  4.3560E-02  2.3402E-01  1.8411E+00  2.8351E+01  0.0000E+00  7.7755E-01  7.7753E-01 -2.3649E+03 -2.3649E+03
  4.3849E-02  2.3502E-01  1.8496E+00  2.8068E+01  0.0000E+00  7.7719E-01  7.7717E-01 -2.2501E+03 -2.2500E+03
  4.4138E-02  2.3602E-01  1.8579E+00  2.7772E+01  0.0000E+00  7.7684E-01  7.7683E-01 -2.1334E+03 -2.1334E+03
  4.4427E-02  2.3702E-01  1.8661E+00  2.7471E+01  0.0000E+00  7.7652E-01  7.7651E-01 -2.0149E+03 -2.0149E+03
  4.4717E-02  2.3802E-01  1.8743E+00  2.7170E+01  0.0000E+00  7.7622E-01  7.7620E-01 -1.8946E+03 -1.8946E+03
  4.5006E-02  2.3902E-01  1.8823E+00  2.6868E+01  0.0000E+00  7.7594E-01  7.7592E-01 -1.7725E+03 -1.7725E+03
  4.5295E-02  2.4002E-01  1.8903E+00  2.6556E+01  0.0000E+00  7.7567E-01  7.7566E-01 -1.6486E+03 -1.6486E+03
  4.5585E-02  2.4102E-01  1.8981E+00  2.6234E+01  0.0000E+00  7.7543E-01  7.7542E-01 -1.5230E+03 -1.5230E+03
  4.5874E-02  2.4202E-01  1.9059E+00  2.5912E+01  0.0000E+00  7.7521E-01  7.7519E-01 -1.3956E+03 -1.3956E+03
  4.6164E-02  2.4302E-01  1.9136E+00  2.5590E+01  0.0000E+00  7.7501E-01  7.7499E-01 -1.2664E+03 -1.2664E+03
  4.6453E-02  2.4402E-01  1.9212E+00  2.5264E+01  0.0000E+00  7.7483E-01  7.7481E-01 -1.1356E+03 -1.1355E+03
  4.6743E-02  2.4502E-01  1.9286E+00  2.4924E+01  0.0000E+00  7.7467E-01  7.7465E-01 -1.0027E+03 -1.0027E+03
  4.7033E-02  2.4602E-01  1.9360E+00  2.4583E+01  0.0000E+00  7.7453E-01  7.7451E-01 -8.6797E+02 -8.6796E+02
  4.7323E-02  2.4702E-01  1.9433E+00  2.4243E+01  0.0000E+00  7.7441E-01  7.7439E-01 -7.3134E+02 -7.3133E+02
  4.7613E-02  2.4802E-01  1.9504E+00  2.3901E+01  0.0000E+00  7.7431E-01  7.7429E-01 -5.9289E+02 -5.9288E+02
  4.7903E-02  2.4902E-01  1.9575E+00  2.3541E+01  0.0000E+00  7.7423E-01  7.7421E-01 -4.5297E+02 -4.5296E+02
  4.8193E-02  2.5002E-01  1.9644E+00  2.3176E+01  0.0000E+00  7.7417E-01  7.7416E-01 -3.1169E+02 -3.1168E+02
  4.8483E-02  2.5102E-01  1.9713E+00  2.2813E+01  0.0000E+00  7.7414E-01  7.7412E-01 -1.6908E+02 -1.6908E+02
  4.8773E-02  2.5202E-01  1.9780E+00  2.2449E+01  0.0000E+00  7.7412E-01  7.7411E-01 -2.5183E+01 -2.5182E+01
  4.9064E-02  2.5302E-01  1.9846E+00  2.2082E+01  0.0000E+00  7.7413E-01  7.7412E-01  1.1988E+02  1.1988E+02
  4.9354E-02  2.5402E-01  1.9911E+00  2.1710E+01  0.0000E+00  7.7416E-01  7.7414E-01  2.6601E+02  2.6601E+02
  4.9645E-02  2.5502E-01  1.9975E+00  2.1340E+01  0.0000E+00  7.7421E-01  7.7419E-01  4.1317E+02  4.1316E+02
  4.9935E-02  2.5602E-01  2.0038E+00  2.0971E+01  0.0000E+00  7.7428E-01  7.7426E-01  5.6132E+02  5.6131E+02
  5.0226E-02  2.5702E-01  2.0100E+00  2.0596E+01  0.0000E+00  7.7437E-01  7.7436E-01  7.1059E+02  7.1058E+02
  5.0516E-02  2.5802E-01  2.0161E+00  2.0209E+01  0.0000E+00  7.7448E-01  7.7447E-01  8.6126E+02  8.6124E+02
  5.0807E-02  2.5902E-01  2.0220E+00  1.9822E+01  0.0000E+00  7.7462E-01  7.7460E-01  1.0133E+03  1.0133E+03
  5.1097E-02  2.6002E-01  2.0278E+00  1.9437E+01  0.0000E+00  7.7478E-01  7.7476E-01  1.1667E+03  1.1667E+03
  5.1388E-02  2.6102E-01  2.0335E+00  1.9052E+01  0.0000E+00  7.7495E-01  7.7494E-01  1.3214E+03  1.3213E+03
  5.1679E-02  2.6202E-01  2.0391E+00  1.8652E+01  0.0000E+00  7.7515E-01  7.7514E-01  1.4772E+03  1.4772E+03
  5.1970E-02  2.6302E-01  2.0446E+00  1.8251E+01  0.0000E+00  7.7537E-01  7.7536E-01  1.6341E+03  1.6341E+03
  5.2261E-02  2.6402E-01  2.0500E+00  1.7853E+01  0.0000E+00  7.7562E-01  7.7560E-01  1.7921E+03  1.7921E+03
  5.2552E-02  2.6502E-01  2.0552E+00  1.7456E+01  0.0000E+00  7.7588E-01  7.7587E-01  1.9511E+03  1.9511E+03
  5.2842E-02  2.6602E-01  2.0603E+00  1.7049E+01  0.0000E+00  7.7617E-01  7.7616E-01  2.1111E+03  2.1111E+03
  5.3133E-02  2.6702E-01  2.0653E+00  1.6639E+01  0.0000E+00  7.7648E-01  7.7646E-01  2.2720E+03  2.2720E+03
  5.3425E-02  2.6802E-01  2.0701E+00  1.6231E+01  0.0000E+00  7.7681E-01  7.7680E-01  2.4338E+03  2.4337E+03
  5.3716E-02  2.6902E-01  2.0749E+00  1.5825E+01  0.0000E+00  7.7716E-01  7.7715E-01  2.5964E+03  2.5963E+03
  5.4007E-02  2.7002E-01  2.0795E+00  1.5414E+01  0.0000E+00  7.7754E-01  7.7752E-01  2.7597E+03  2.7597E+03
  5.4298E-02  2.7102E-01  2.0840E+00  1.4994E+01  0.0000E+00  7.7794E-01  7.7792E-01  2.9237E+03  2.9237E+03
  5.4589E-02  2.7202E-01  2.0884E+00  1.4577E+01  0.0000E+00  7.7836E-01  7.7834E-01  3.0884E+03  3.0884E+03
  5.4880E-02  2.7302E-01  2.0926E+00  1.4163E+01  0.0000E+00  7.7880E-01  7.7878E-01  3.2537E+03  3.2537E+03
  5.5172E-02  2.7402E-01  2.0967E+00  1.3750E+01  0.0000E+00  7.7926E-01  7.7925E-01  3.4195E+03  3.4194E+03
  5.5463E-02  2.7502E-01  2.1007E+00  1.3326E+01  0.0000E+00  7.7975E-01  7.7973E-01  3.5852E+03  3.5852E+03
  5.5754E-02  2.7602E-01  2.1046E+00  1.2904E+01  0.0000E+00  7.8026E-01  7.8024E-01  3.7509E+03  3.7508E+03
  5.6045E-02  2.7702E-01  2.1083E+00  1.2485E+01  0.0000E+00  7.8079E-01  7.8077E-01  3.9164E+03  3.9163E+03
  5.6337E-02  2.7802E-01  2.1120E+00  1.2070E+01  0.0000E+00  7.8134E-01  7.8132E-01  4.0816E+03  4.0816E+03
  5.6628E-02  2.7902E-01  2.1155E+00  1.1654E+01  0.0000E+00  7.8191E-01  7.8190E-01  4.2467E+03  4.2466E+03
  5.6920E-02  2.8002E-01  2.1188E+00  1.1240E+01  0.0000E+00  7.8251E-01  7.8249E-01  4.4115E+03  4.4114E+03
  5.7211E-02  2.8102E-01  2.1221E+00  1.0829E+01  0.0000E+00  7.8313E-01  7.8311E-01  4.5759E+03  4.5758E+03
  5.7503E-02  2.8202E-01  2.1252E+00  1.0423E+01  0.0000E+00  7.8377E-01  7.8375E-01  4.7400E+03  4.7399E+03
  5.7794E-02  2.8302E-01  2.1282E+00  1.0012E+01  0.0000E+00  7.8443E-01  7.8441E-01  4.9037E+03  4.9036E+03
  5.8086E-02  2.8402E-01  2.1311E+00  9.5978E+00  0.0000E+00  7.8511E-01  7.8509E-01  5.0671E+03  5.0670E+03
  5.8377E-02  2.8502E-01  2.1338E+00  9.1877E+00  0.0000E+00  7.8581E-01  7.8580E-01  5.2300E+03  5.2299E+03
  5.8669E-02  2.8602E-01  2.1365E+00  8.7822E+00  0.0000E+00  7.8654E-01  7.8652E-01  5.3925E+03  5.3924E+03
  5.8960E-02  2.8702E-01  2.1390E+00  8.3787E+00  0.0000E+00  7.8728E-01  7.8727E-01  5.5544E+03  5.5543E+03
  5.9252E-02  2.8802E-01  2.1414E+00  7.9736E+00  0.0000E+00  7.8805E-01  7.8804E-01  5.7154E+03  5.7153E+03
  5.9543E-02  2.8902E-01  2.1436E+00  7.5729E+00  0.0000E+00  7.8884E-01  7.8883E-01  5.8755E+03  5.8754E+03
  5.9835E-02  2.9002E-01  2.1458E+00  7.1772E+00  0.0000E+00  7.8965E-01  7.8964E-01  6.0346E+03  6.0344E+03
  6.0127E-02  2.9102E-01  2.1478E+00  6.7860E+00  0.0000E+00  7.9048E-01  7.9047E-01  6.1926E+03  6.1925E+03
  6.0418E-02  2.9202E-01  2.1497E+00  6.3932E+00  0.0000E+00  7.9133E-01  7.9132E-01  6.3496E+03  6.3495E+03
  6.0710E-02  2.9302E-01  2.1515E+00  6.0045E+00  0.0000E+00  7.9220E-01  7.9219E-01  6.5054E+03  6.5053E+03
  6.1002E-02  2.9402E-01  2.1532E+00  5.6212E+00  0.0000E+00  7.9310E-01  7.9308E-01  6.6601E+03  6.6600E+03
  6.1293E-02  2.9502E-01  2.1548E+00  5.2432E+00  0.0000E+00  7.9401E-01  7.9399E-01  6.8136E+03  6.8135E+03
  6.1585E-02  2.9602E-01  2.1562E+00  4.8654E+00  0.0000E+00  7.9494E-01  7.9493E-01  6.9656E+03  6.9654E+03
  6.1877E-02  2.9702E-01  2.1576E+00  4.4899E+00  0.0000E+00  7.9589E-01  7.9588E-01  7.1158E+03  7.1157E+03
  6.2169E-02  2.9802E-01  2.1588E+00  4.1204E+00  0.0000E+00  7.9687E-01  7.9685E-01  7.2644E+03  7.2642E+03
  6.2460E-02  2.9902E-01  2.1599E+00  3.7567E+00  0.0000E+00  7.9786E-01  7.9784E-01  7.4111E+03  7.4110E+03
  6.2752E-02  3.0002E-01  2.1610E+00  3.3989E+00  0.0000E+00  7.9887E-01  7.9885E-01  7.5560E+03  7.5558E+03
  6.3044E-02  3.0102E-01  2.1619E+00  3.0471E+00  0.0000E+00  7.9990E-01  7.9988E-01  7.6986E+03  7.6984E+03
  6.3336E-02  3.0202E-01  2.1627E+00  2.7014E+00  0.0000E+00  8.0095E-01  8.0093E-01  7.8389E+03  7.8388E+03
  6.3627E-02  3.0302E-01  2.1634E+00  2.3619E+00  0.0000E+00  8.0201E-01  8.0200E-01  7.9770E+03  7.9769E+03
  6.3919E-02  3.0402E-01  2.1640E+00  2.0285E+00  0.0000E+00  8.0310E-01  8.0308E-01  8.1128E+03  8.1127E+03
  6.4211E-02  3.0502E-01  2.1645E+00  1.7011E+00  0.0000E+00  8.0420E-01  8.0418E-01  8.2464E+03  8.2462E+03
  6.4503E-02  3.0602E-01  2.1649E+00  1.3800E+00  0.0000E+00  8.0532E-01  8.0530E-01  8.3778E+03  8.3776E+03
  6.4794E-02  3.0702E-01  2.1652E+00  1.0654E+00  0.0000E+00  8.0646E-01  8.0644E-01  8.5068E+03  8.5067E+03
  6.5086E-02  3.0802E-01  2.1655E+00  7.5714E-01  0.0000E+00  8.0761E-01  8.0760E-01  8.6336E+03  8.6334E+03
  6.5378E-02  3.0902E-01  2.1656E+00  4.5345E-01  0.0000E+00  8.0878E-01  8.0877E-01  8.7578E+03  8.7576E+03
  6.5670E-02  3.1002E-01  2.1656E+00  1.5572E-01  0.0000E+00  8.0997E-01  8.0996E-01  8.8794E+03  8.8792E+03
  6.5961E-02  3.1102E-01  2.1656E+00 -1.3524E-01  0.0000E+00  8.1118E-01  8.1116E-01  8.9983E+03  8.9981E+03
  6.6253E-02  3.1202E-01  2.1655E+00 -4.1935E-01  0.0000E+00  8.1240E-01  8.1238E-01  9.1145E+03  9.1143E+03
  6.6545E-02  3.1302E-01  2.1653E+00 -6.9415E-01  0.0000E+00  8.1363E-01  8.1362E-01  9.2278E+03  9.2276E+03
  6.6837E-02  3.1402E-01  2.1650E+00 -9.5975E-01  0.0000E+00  8.1488E-01  8.1487E-01  9.3380E+03  9.3379E+03
  6.7129E-02  3.1502E-01  2.1646E+00 -1.2185E+00  0.0000E+00  8.1615E-01  8.1613E-01  9.4452E+03  9.4450E+03
  6.7420E-02  3.1602E-01  2.1642E+00 -1.4702E+00  0.0000E+00  8.1743E-01  8.1741E-01  9.5491E+03  9.5490E+03
  6.7712E-02  3.1702E-01  2.1637E+00 -1.7138E+00  0.0000E+00  8.1872E-01  8.1871E-01  9.6500E+03  9.6498E+03
  6.8004E-02  3.1802E-01  2.1631E+00 -1.9472E+00  0.0000E+00  8.2003E-01  8.2002E-01  9.7477E+03  9.7475E+03
  6.8296E-02  3.1902E-01  2.1624E+00 -2.1735E+00  0.0000E+00  8.2135E-01  8.2134E-01  9.8423E+03  9.8421E+03
  6.8587E-02  3.2002E-01  2.1617E+00 -2.3928E+00  0.0000E+00  8.2269E-01  8.2267E-01  9.9337E+03  9.9335E+03
  6.8879E-02  3.2102E-01  2.1609E+00 -2.6046E+00  0.0000E+00  8.2403E-01  8.2402E-01  1.0022E+04  1.0022E+04
  6.9171E-02  3.2202E-01  2.1601E+00 -2.8061E+00  0.0000E+00  8.2539E-01  8.2538E-01  1.0107E+04  1.0106E+04
  6.9463E-02  3.2302E-01  2.1592E+00 -3.0000E+00  0.0000E+00  8.2676E-01  8.2675E-01  1.0188E+04  1.0188E+04
  6.9754E-02  3.2402E-01  2.1582E+00 -3.1867E+00  0.0000E+00  8.2815E-01  8.2813E-01  1.0265E+04  1.0265E+04
  7.0046E-02  3.2502E-01  2.1572E+00 -3.3661E+00  0.0000E+00  8.2954E-01  8.2952E-01  1.0340E+04  1.0339E+04
  7.0338E-02  3.2602E-01  2.1562E+00 -3.5322E+00  0.0000E+00  8.3094E-01  8.3093E-01  1.0410E+04  1.0410E+04
  7.0629E-02  3.2702E-01  2.1550E+00 -3.6875E+00  0.0000E+00  8.3236E-01  8.3234E-01  1.0478E+04  1.0478E+04
  7.0921E-02  3.2802E-01  2.1539E+00 -3.8359E+00  0.0000E+00  8.3378E-01  8.3376E-01  1.0542E+04  1.0541E+04
  7.1213E-02  3.2902E-01  2.1527E+00 -3.9773E+00  0.0000E+00  8.3521E-01  8.3519E-01  1.0602E+04  1.0602E+04
  7.1504E-02  3.3002E-01  2.1515E+00 -4.1108E+00  0.0000E+00  8.3665E-01  8.3664E-01  1.0659E+04  1.0659E+04
  7.1796E-02  3.3102E-01  2.1502E+00 -4.2360E+00  0.0000E+00  8.3810E-01  8.3808E-01  1.0713E+04  1.0713E+04
  7.2088E-02  3.3202E-01  2.1489E+00 -4.3541E+00  0.0000E+00  8.3956E-01  8.3954E-01  1.0764E+04  1.0763E+04
  7.2379E-02  3.3302E-01  2.1476E+00 -4.4652E+00  0.0000E+00  8.4102E-01  8.4101E-01  1.0811E+04  1.0810E+04
  7.2671E-02  3.3402E-01  2.1462E+00 -4.5680E+00  0.0000E+00  8.4249E-01  8.4248E-01  1.0854E+04  1.0854E+04
  7.2963E-02  3.3502E-01  2.1448E+00 -4.6580E+00  0.0000E+00  8.4397E-01  8.4396E-01  1.0894E+04  1.0894E+04
  7.3254E-02  3.3602E-01  2.1434E+00 -4.7406E+00  0.0000E+00  8.4546E-01  8.4544E-01  1.0931E+04  1.0930E+04
  7.3546E-02  3.3702E-01  2.1419E+00 -4.8163E+00  0.0000E+00  8.4695E-01  8.4693E-01  1.0963E+04  1.0963E+04
  7.3838E-02  3.3802E-01  2.1405E+00 -4.8846E+00  0.0000E+00  8.4844E-01  8.4842E-01  1.0992E+04  1.0992E+04
  7.4129E-02  3.3902E-01  2.1390E+00 -4.9398E+00  0.0000E+00  8.4994E-01  8.4992E-01  1.1017E+04  1.1017E+04
  7.4421E-02  3.4002E-01  2.1375E+00 -4.9861E+00  0.0000E+00  8.5144E-01  8.5143E-01  1.1039E+04  1.1039E+04
  7.4712E-02  3.4102E-01  2.1360E+00 -5.0258E+00  0.0000E+00  8.5295E-01  8.5294E-01  1.1057E+04  1.1057E+04
  7.5004E-02  3.4202E-01  2.1345E+00 -5.0588E+00  0.0000E+00  8.5446E-01  8.5445E-01  1.1072E+04  1.1071E+04
  7.5295E-02  3.4302E-01  2.1329E+00 -5.0816E+00  0.0000E+00  8.5598E-01  8.5596E-01  1.1083E+04  1.1082E+04
  7.5587E-02  3.4402E-01  2.1314E+00 -5.0946E+00  0.0000E+00  8.5749E-01  8.5748E-01  1.1090E+04  1.1090E+04
  7.5878E-02  3.4502E-01  2.1299E+00 -5.1012E+00  0.0000E+00  8.5901E-01  8.5899E-01  1.1094E+04  1.1094E+04
  7.6170E-02  3.4602E-01  2.1284E+00 -5.1014E+00  0.0000E+00  8.6053E-01  8.6051E-01  1.1095E+04  1.1095E+04
  7.6461E-02  3.4702E-01  2.1268E+00 -5.0932E+00  0.0000E+00  8.6205E-01  8.6203E-01  1.1092E+04  1.1092E+04
  7.6753E-02  3.4802E-01  2.1253E+00 -5.0737E+00  0.0000E+00  8.6357E-01  8.6355E-01  1.1086E+04  1.1085E+04
  7.7044E-02  3.4902E-01  2.1238E+00 -5.0478E+00  0.0000E+00  8.6509E-01  8.6507E-01  1.1076E+04  1.1076E+04
  7.7336E-02  3.5002E-01  2.1223E+00 -5.0158E+00  0.0000E+00  8.6661E-01  8.6659E-01  1.1063E+04  1.1063E+04
  7.7627E-02  3.5102E-01  2.1208E+00 -4.9772E+00  0.0000E+00  8.6813E-01  8.6811E-01  1.1047E+04  1.1046E+04
  7.7919E-02  3.5202E-01  2.1193E+00 -4.9274E+00  0.0000E+00  8.6965E-01  8.6963E-01  1.1027E+04  1.1027E+04
  7.8210E-02  3.5302E-01  2.1179E+00 -4.8709E+00  0.0000E+00  8.7116E-01  8.7114E-01  1.1005E+04  1.1004E+04
  7.8502E-02  3.5402E-01  2.1164E+00 -4.8087E+00  0.0000E+00  8.7267E-01  8.7266E-01  1.0979E+04  1.0979E+04
  7.8793E-02  3.5502E-01  2.1150E+00 -4.7407E+00  0.0000E+00  8.7418E-01  8.7417E-01  1.0951E+04  1.0951E+04
  7.9084E-02  3.5602E-01  2.1136E+00 -4.6654E+00  0.0000E+00  8.7569E-01  8.7567E-01  1.0919E+04  1.0919E+04
  7.9376E-02  3.5702E-01  2.1122E+00 -4.5835E+00  0.0000E+00  8.7719E-01  8.7718E-01  1.0885E+04  1.0885E+04
  7.9667E-02  3.5802E-01  2.1109E+00 -4.4959E+00  0.0000E+00  8.7869E-01  8.7868E-01  1.0847E+04  1.0847E+04
  7.9958E-02  3.5902E-01  2.1096E+00 -4.4028E+00  0.0000E+00  8.8019E-01  8.8017E-01  1.0807E+04  1.0807E+04
  8.0250E-02  3.6002E-01  2.1083E+00 -4.3018E+00  0.0000E+00  8.8168E-01  8.8166E-01  1.0764E+04  1.0763E+04
  8.0541E-02  3.6102E-01  2.1070E+00 -4.1918E+00  0.0000E+00  8.8316E-01  8.8315E-01  1.0717E+04  1.0717E+04
  8.0832E-02  3.6202E-01  2.1058E+00 -4.0766E+00  0.0000E+00  8.8464E-01  8.8463E-01  1.0668E+04  1.0668E+04
  8.1124E-02  3.6302E-01  2.1046E+00 -3.9563E+00  0.0000E+00  8.8612E-01  8.8610E-01  1.0616E+04  1.0616E+04
  8.1415E-02  3.6402E-01  2.1035E+00 -3.8304E+00  0.0000E+00  8.8758E-01  8.8756E-01  1.0562E+04  1.0562E+04
  8.1706E-02  3.6502E-01  2.1023E+00 -3.6968E+00  0.0000E+00  8.8904E-01  8.8902E-01  1.0505E+04  1.0504E+04
  8.1998E-02  3.6602E-01  2.1013E+00 -3.5581E+00  0.0000E+00  8.9049E-01  8.9048E-01  1.0445E+04  1.0444E+04
  8.2289E-02  3.6702E-01  2.1003E+00 -3.4146E+00  0.0000E+00  8.9194E-01  8.9192E-01  1.0382E+04  1.0382E+04
  8.2580E-02  3.6802E-01  2.0993E+00 -3.2662E+00  0.0000E+00  8.9337E-01  8.9335E-01  1.0317E+04  1.0317E+04
  8.2872E-02  3.6902E-01  2.0983E+00 -3.1113E+00  0.0000E+00  8.9480E-01  8.9478E-01  1.0250E+04  1.0250E+04
  8.3163E-02  3.7002E-01  2.0975E+00 -2.9511E+00  0.0000E+00  8.9622E-01  8.9620E-01  1.0180E+04  1.0180E+04
  8.3454E-02  3.7102E-01  2.0966E+00 -2.7865E+00  0.0000E+00  8.9763E-01  8.9761E-01  1.0108E+04  1.0108E+04
  8.3745E-02  3.7202E-01  2.0958E+00 -2.6174E+00  0.0000E+00  8.9903E-01  8.9901E-01  1.0034E+04  1.0033E+04
  8.4037E-02  3.7302E-01  2.0951E+00 -2.4429E+00  0.0000E+00  9.0042E-01  9.0040E-01  9.9570E+03  9.9568E+03
  8.4328E-02  3.7402E-01  2.0944E+00 -2.2631E+00  0.0000E+00  9.0179E-01  9.0178E-01  9.8781E+03  9.8779E+03
  8.4619E-02  3.7502E-01  2.0938E+00 -2.0793E+00  0.0000E+00  9.0316E-01  9.0314E-01  9.7971E+03  9.7969E+03
  8.4910E-02  3.7602E-01  2.0932E+00 -1.8914E+00  0.0000E+00  9.0452E-01  9.0450E-01  9.7140E+03  9.7138E+03
  8.5202E-02  3.7702E-01  2.0927E+00 -1.6993E+00  0.0000E+00  9.0587E-01  9.0585E-01  9.6289E+03  9.6287E+03
  8.5493E-02  3.7802E-01  2.0923E+00 -1.5024E+00  0.0000E+00  9.0720E-01  9.0718E-01  9.5418E+03  9.5416E+03
  8.5784E-02  3.7902E-01  2.0919E+00 -1.3018E+00  0.0000E+00  9.0852E-01  9.0850E-01  9.4529E+03  9.4527E+03
  8.6075E-02  3.8002E-01  2.0916E+00 -1.0975E+00  0.0000E+00  9.0983E-01  9.0981E-01  9.3620E+03  9.3618E+03
  8.6366E-02  3.8102E-01  2.0913E+00 -8.8953E-01  0.0000E+00  9.1113E-01  9.1111E-01  9.2694E+03  9.2692E+03
  8.6658E-02  3.8202E-01  2.0911E+00 -6.7770E-01  0.0000E+00  9.1241E-01  9.1239E-01  9.1749E+03  9.1747E+03
  8.6949E-02  3.8302E-01  2.0910E+00 -4.6234E-01  0.0000E+00  9.1368E-01  9.1367E-01  9.0787E+03  9.0785E+03
  8.7240E-02  3.8402E-01  2.0909E+00 -2.4355E-01  0.0000E+00  9.1494E-01  9.1492E-01  8.9808E+03  8.9806E+03
  8.7531E-02  3.8502E-01  2.0909E+00 -2.1327E-02  0.0000E+00  9.1619E-01  9.1617E-01  8.8812E+03  8.8810E+03
  8.7823E-02  3.8602E-01  2.0910E+00  2.0420E-01  0.0000E+00  9.1742E-01  9.1740E-01  8.7800E+03  8.7799E+03
  8.8114E-02  3.8702E-01  2.0911E+00  4.3277E-01  0.0000E+00  9.1863E-01  9.1861E-01  8.6773E+03  8.6772E+03
  8.8405E-02  3.8802E-01  2.0913E+00  6.6436E-01  0.0000E+00  9.1983E-01  9.1981E-01  8.5731E+03  8.5730E+03
  8.8696E-02  3.8902E-01  2.0916E+00  8.9896E-01  0.0000E+00  9.2102E-01  9.2100E-01  8.4675E+03  8.4673E+03
  8.8987E-02  3.9002E-01  2.0919E+00  1.1363E+00  0.0000E+00  9.2219E-01  9.2217E-01  8.3605E+03  8.3603E+03
  8.9279E-02  3.9102E-01  2.0923E+00  1.3761E+00  0.0000E+00  9.2335E-01  9.2333E-01  8.2521E+03  8.2519E+03
  8.9570E-02  3.9202E-01  2.0928E+00  1.6186E+00  0.0000E+00  9.2449E-01  9.2447E-01  8.1424E+03  8.1422E+03
  8.9861E-02  3.9302E-01  2.0934E+00  1.8638E+00  0.0000E+00  9.2561E-01  9.2559E-01  8.0315E+03  8.0313E+03
  9.0152E-02  3.9402E-01  2.0940E+00  2.1115E+00  0.0000E+00  9.2672E-01  9.2670E-01  7.9193E+03  7.9191E+03
  9.0444E-02  3.9502E-01  2.0947E+00  2.3609E+00  0.0000E+00  9.2782E-01  9.2780E-01  7.8060E+03  7.8058E+03
  9.0735E-02  3.9602E-01  2.0955E+00  2.6126E+00  0.0000E+00  9.2889E-01  9.2887E-01  7.6915E+03  7.6913E+03
  9.1026E-02  3.9702E-01  2.0963E+00  2.8667E+00  0.0000E+00  9.2995E-01  9.2994E-01  7.5760E+03  7.5758E+03
  9.1317E-02  3.9802E-01  2.0973E+00  3.1231E+00  0.0000E+00  9.3100E-01  9.3098E-01  7.4594E+03  7.4592E+03
  9.1609E-02  3.9902E-01  2.0983E+00  3.3808E+00  0.0000E+00  9.3203E-01  9.3201E-01  7.3418E+03  7.3416E+03
  9.1900E-02  4.0002E-01  2.0994E+00  3.6402E+00  0.0000E+00  9.3304E-01  9.3302E-01  7.2232E+03  7.2231E+03
  9.2191E-02  4.0102E-01  2.1006E+00  3.9017E+00  0.0000E+00  9.3403E-01  9.3401E-01  7.1037E+03  7.1036E+03
  9.2483E-02  4.0202E-01  2.1018E+00  4.1653E+00  0.0000E+00  9.3501E-01  9.3499E-01  6.9833E+03  6.9832E+03
  9.2774E-02  4.0302E-01  2.1031E+00  4.4302E+00  0.0000E+00  9.3597E-01  9.3595E-01  6.8620E+03  6.8619E+03
  9.3065E-02  4.0402E-01  2.1045E+00  4.6961E+00  0.0000E+00  9.3691E-01  9.3689E-01  6.7399E+03  6.7398E+03
  9.3356E-02  4.0502E-01  2.1060E+00  4.9638E+00  0.0000E+00  9.3783E-01  9.3781E-01  6.6170E+03  6.6169E+03
  9.3648E-02  4.0602E-01  2.1076E+00  5.2333E+00  0.0000E+00  9.3874E-01  9.3872E-01  6.4934E+03  6.4932E+03
  9.3939E-02  4.0702E-01  2.1092E+00  5.5042E+00  0.0000E+00  9.3963E-01  9.3961E-01  6.3690E+03  6.3688E+03
  9.4231E-02  4.0802E-01  2.1110E+00  5.7756E+00  0.0000E+00  9.4050E-01  9.4048E-01  6.2439E+03  6.2438E+03
  9.4522E-02  4.0902E-01  2.1128E+00  6.0485E+00  0.0000E+00  9.4135E-01  9.4133E-01  6.1183E+03  6.1181E+03
  9.4813E-02  4.1002E-01  2.1147E+00  6.3230E+00  0.0000E+00  9.4219E-01  9.4217E-01  5.9920E+03  5.9919E+03
  9.5105E-02  4.1102E-01  2.1167E+00  6.5989E+00  0.0000E+00  9.4300E-01  9.4298E-01  5.8653E+03  5.8651E+03
  9.5396E-02  4.1202E-01  2.1187E+00  6.8738E+00  0.0000E+00  9.4380E-01  9.4378E-01  5.7380E+03  5.7379E+03
  9.5688E-02  4.1302E-01  2.1209E+00  7.1494E+00  0.0000E+00  9.4458E-01  9.4456E-01  5.6104E+03  5.6103E+03
  9.5979E-02  4.1402E-01  2.1231E+00  7.4262E+00  0.0000E+00  9.4534E-01  9.4532E-01  5.4823E+03  5.4822E+03
  9.6271E-02  4.1502E-01  2.1254E+00  7.7042E+00  0.0000E+00  9.4609E-01  9.4607E-01  5.3539E+03  5.3538E+03
  9.6562E-02  4.1602E-01  2.1278E+00  7.9822E+00  0.0000E+00  9.4681E-01  9.4679E-01  5.2251E+03  5.2250E+03
  9.6854E-02  4.1702E-01  2.1303E+00  8.2602E+00  0.0000E+00  9.4752E-01  9.4750E-01  5.0960E+03  5.0959E+03
  9.7145E-02  4.1802E-01  2.1328E+00  8.5392E+00  0.0000E+00  9.4821E-01  9.4819E-01  4.9664E+03  4.9663E+03
  9.7437E-02  4.1902E-01  2.1355E+00  8.8192E+00  0.0000E+00  9.4887E-01  9.4886E-01  4.8366E+03  4.8365E+03
  9.7728E-02  4.2002E-01  2.1382E+00  9.0996E+00  0.0000E+00  9.4953E-01  9.4951E-01  4.7064E+03  4.7063E+03
  9.8020E-02  4.2102E-01  2.1410E+00  9.3800E+00  0.0000E+00  9.5016E-01  9.5014E-01  4.5760E+03  4.5759E+03
  9.8311E-02  4.2202E-01  2.1439E+00  9.6611E+00  0.0000E+00  9.5077E-01  9.5075E-01  4.4454E+03  4.4453E+03
  9.8603E-02  4.2302E-01  2.1469E+00  9.9430E+00  0.0000E+00  9.5137E-01  9.5135E-01  4.3146E+03  4.3145E+03
  9.8895E-02  4.2402E-01  2.1500E+00  1.0225E+01  0.0000E+00  9.5194E-01  9.5193E-01  4.1836E+03  4.1835E+03
  9.9186E-02  4.2502E-01  2.1531E+00  1.0506E+01  0.0000E+00  9.5250E-01  9.5248E-01  4.0526E+03  4.0525E+03
  9.9478E-02  4.2602E-01  2.1564E+00  1.0786E+01  0.0000E+00  9.5304E-01  9.5302E-01  3.9215E+03  3.9214E+03
  9.9770E-02  4.2702E-01  2.1597E+00  1.1067E+01  0.0000E+00  9.5356E-01  9.5355E-01  3.7904E+03  3.7904E+03
  1.0000E-01  4.2781E-01  2.1624E+00  1.1319E+01  0.0000E+00  9.5396E-01  9.5394E-01  3.6870E+03  3.6870E+03
