  1.9093E-03  6.3205E-02  4.4620E-02  1.3804E+00  1.1497E+01  4.1084E+00  7.0833E+00
  3.9111E-03  8.0099E-02  3.8814E-02  1.3917E+00  8.7400E+00  5.6659E+00  4.5429E+00
  6.0010E-03  9.3053E-02  3.3057E-02  1.3992E+00  6.8887E+00  6.5574E+00  2.7458E+00
  7.9518E-03  1.0329E-01  2.8066E-02  1.4032E+00  5.7335E+00  7.0998E+00  1.4843E+00
  1.0000E-02  1.1297E-01  2.3228E-02  1.4052E+00  4.9430E+00  7.5143E+00  5.2731E-01
  1.2000E-02  1.2175E-01  1.8876E-02  1.4056E+00  4.4380E+00  7.8269E+00 -1.2355E-01
  1.3918E-02  1.2975E-01  1.5017E-02  1.4050E+00  4.0989E+00  8.0715E+00 -5.3877E-01
  1.6000E-02  1.3811E-01  1.1138E-02  1.4036E+00  3.8131E+00  8.2856E+00 -8.1840E-01
  1.8000E-02  1.4589E-01  7.6856E-03  1.4018E+00  3.5753E+00  8.4521E+00 -9.4733E-01
  2.0000E-02  1.5349E-01  4.4706E-03  1.4000E+00  3.3494E+00  8.5912E+00 -9.5695E-01
  2.2000E-02  1.6096E-01  1.4632E-03  1.3981E+00  3.1284E+00  8.7096E+00 -8.7521E-01
  2.3903E-02  1.6796E-01 -1.2277E-03  1.3966E+00  2.9223E+00  8.8042E+00 -7.2686E-01
  2.6000E-02  1.7558E-01 -4.0231E-03  1.3954E+00  2.7056E+00  8.8932E+00 -4.8411E-01
  2.7945E-02  1.8258E-01 -6.4728E-03  1.3947E+00  2.5310E+00  8.9650E+00 -1.9474E-01
  3.0000E-02  1.8992E-01 -8.9306E-03  1.3947E+00  2.3977E+00  9.0271E+00  1.6487E-01
  3.1919E-02  1.9672E-01 -1.1120E-02  1.3954E+00  2.3477E+00  9.0777E+00  5.5206E-01
  3.4000E-02  2.0406E-01 -1.3391E-02  1.3970E+00  2.4061E+00  9.1264E+00  1.0298E+00
  3.6000E-02  2.1107E-01 -1.5488E-02  1.3996E+00  2.5869E+00  9.1682E+00  1.5356E+00
  3.8000E-02  2.1806E-01 -1.7514E-02  1.4032E+00  2.8899E+00  9.2039E+00  2.0883E+00
  3.9924E-02  2.2476E-01 -1.9405E-02  1.4078E+00  3.2902E+00  9.2339E+00  2.6689E+00
  4.2000E-02  2.3197E-01 -2.1392E-02  1.4140E+00  3.8261E+00  9.2658E+00  3.3477E+00
  4.3926E-02  2.3863E-01 -2.3198E-02  1.4211E+00  4.4027E+00  9.2926E+00  4.0215E+00
  4.5952E-02  2.4563E-01 -2.5067E-02  1.4300E+00  5.0850E+00  9.3191E+00  4.7801E+00
  4.7982E-02  2.5263E-01 -2.6918E-02  1.4405E+00  5.8417E+00  9.3457E+00  5.5942E+00
  5.0000E-02  2.5958E-01 -2.8748E-02  1.4526E+00  6.6479E+00  9.3718E+00  6.4436E+00
  5.2000E-02  2.6646E-01 -3.0562E-02  1.4663E+00  7.4942E+00  9.3962E+00  7.3228E+00
  5.3972E-02  2.7324E-01 -3.2357E-02  1.4816E+00  8.3698E+00  9.4207E+00  8.2239E+00
  5.6000E-02  2.8020E-01 -3.4220E-02  1.4993E+00  9.2970E+00  9.4467E+00  9.1717E+00
  5.7911E-02  2.8676E-01 -3.6001E-02  1.5176E+00  1.0175E+01  9.4685E+00  1.0065E+01
  5.9952E-02  2.9376E-01 -3.7938E-02  1.5391E+00  1.1104E+01  9.4912E+00  1.1008E+01
  6.1994E-02  3.0076E-01 -3.9918E-02  1.5625E+00  1.2006E+01  9.5141E+00  1.1920E+01
  6.4000E-02  3.0763E-01 -4.1910E-02  1.5873E+00  1.2838E+01  9.5371E+00  1.2760E+01
  6.6000E-02  3.1449E-01 -4.3948E-02  1.6136E+00  1.3595E+01  9.5603E+00  1.3523E+01
  6.8000E-02  3.2134E-01 -4.6037E-02  1.6413E+00  1.4256E+01  9.5873E+00  1.4190E+01
  6.9961E-02  3.2806E-01 -4.8136E-02  1.6697E+00  1.4793E+01  9.6194E+00  1.4730E+01
  7.2000E-02  3.3505E-01 -5.0367E-02  1.7002E+00  1.5220E+01  9.6564E+00  1.5161E+01
  7.4000E-02  3.4191E-01 -5.2599E-02  1.7309E+00  1.5498E+01  9.7019E+00  1.5441E+01
  7.5946E-02  3.4859E-01 -5.4805E-02  1.7611E+00  1.5623E+01  9.7501E+00  1.5567E+01
  7.7986E-02  3.5559E-01 -5.7145E-02  1.7929E+00  1.5599E+01  9.8028E+00  1.5544E+01
  8.0000E-02  3.6250E-01 -5.9469E-02  1.8241E+00  1.5425E+01  9.8565E+00  1.5370E+01
  8.2000E-02  3.6936E-01 -6.1781E-02  1.8545E+00  1.5108E+01  9.9100E+00  1.5052E+01
  8.4000E-02  3.7623E-01 -6.4083E-02  1.8842E+00  1.4657E+01  9.9608E+00  1.4601E+01
  8.6000E-02  3.8309E-01 -6.6363E-02  1.9129E+00  1.4086E+01  1.0007E+01  1.4029E+01
  8.8000E-02  3.8996E-01 -6.8609E-02  1.9403E+00  1.3409E+01  1.0050E+01  1.3350E+01
  9.0000E-02  3.9682E-01 -7.0810E-02  1.9663E+00  1.2643E+01  1.0088E+01  1.2581E+01
  9.1916E-02  4.0340E-01 -7.2866E-02  1.9897E+00  1.1840E+01  1.0120E+01  1.1777E+01
  9.3956E-02  4.1040E-01 -7.4990E-02  2.0128E+00  1.0929E+01  1.0150E+01  1.0862E+01
  9.5997E-02  4.1740E-01 -7.7040E-02  2.0340E+00  9.9774E+00  1.0175E+01  9.9061E+00
  1.0000E-01  4.3112E-01 -8.0814E-02  2.0698E+00  8.0601E+00  1.0217E+01  7.9774E+00
