  1.9093E-03  6.3205E-02  5.6278E-02  1.3710E+00  1.1403E+01  3.8075E+00  7.6562E+00
  3.9111E-03  8.0099E-02  4.9699E-02  1.3834E+00  8.5802E+00  5.2310E+00  5.0531E+00
  6.0010E-03  9.3053E-02  4.3138E-02  1.3919E+00  6.6779E+00  6.0559E+00  3.1931E+00
  7.9518E-03  1.0329E-01  3.7440E-02  1.3968E+00  5.4780E+00  6.5641E+00  1.8845E+00
  1.0000E-02  1.1297E-01  3.1914E-02  1.3996E+00  4.6542E+00  6.9578E+00  8.8614E-01
  1.2000E-02  1.2175E-01  2.6936E-02  1.4007E+00  4.1329E+00  7.2573E+00  2.0116E-01
  1.3918E-02  1.2975E-01  2.2517E-02  1.4007E+00  3.7914E+00  7.4926E+00 -2.4227E-01
  1.6000E-02  1.3811E-01  1.8071E-02  1.3999E+00  3.5134E+00  7.7003E+00 -5.4837E-01
  1.8000E-02  1.4589E-01  1.4110E-02  1.3986E+00  3.2895E+00  7.8619E+00 -6.9968E-01
  2.0000E-02  1.5349E-01  1.0419E-02  1.3972E+00  3.0815E+00  7.9982E+00 -7.2890E-01
  2.2000E-02  1.6096E-01  6.9648E-03  1.3958E+00  2.8805E+00  8.1142E+00 -6.6439E-01
  2.3903E-02  1.6796E-01  3.8729E-03  1.3947E+00  2.6949E+00  8.2073E+00 -5.3057E-01
  2.6000E-02  1.7558E-01  6.6036E-04  1.3939E+00  2.5036E+00  8.2942E+00 -3.0208E-01
  2.7945E-02  1.8258E-01 -2.1545E-03  1.3936E+00  2.3566E+00  8.3646E+00 -2.4321E-02
  3.0000E-02  1.8992E-01 -4.9775E-03  1.3939E+00  2.2573E+00  8.4255E+00  3.2445E-01
  3.1919E-02  1.9672E-01 -7.4901E-03  1.3949E+00  2.2438E+00  8.4743E+00  7.0254E-01
  3.4000E-02  2.0406E-01 -1.0094E-02  1.3968E+00  2.3444E+00  8.5211E+00  1.1715E+00
  3.6000E-02  2.1107E-01 -1.2497E-02  1.3997E+00  2.5628E+00  8.5612E+00  1.6700E+00
  3.8000E-02  2.1806E-01 -1.4814E-02  1.4035E+00  2.8965E+00  8.5947E+00  2.2161E+00
  3.9924E-02  2.2476E-01 -1.6974E-02  1.4084E+00  3.3190E+00  8.6217E+00  2.7912E+00
  4.2000E-02  2.3197E-01 -1.9240E-02  1.4148E+00  3.8721E+00  8.6510E+00  3.4649E+00
  4.3926E-02  2.3863E-01 -2.1295E-02  1.4221E+00  4.4595E+00  8.6744E+00  4.1344E+00
  4.5952E-02  2.4563E-01 -2.3419E-02  1.4313E+00  5.1497E+00  8.6968E+00  4.8892E+00
  4.7982E-02  2.5263E-01 -2.5517E-02  1.4420E+00  5.9118E+00  8.7192E+00  5.7001E+00
  5.0000E-02  2.5958E-01 -2.7586E-02  1.4543E+00  6.7222E+00  8.7426E+00  6.5472E+00
  5.2000E-02  2.6646E-01 -2.9631E-02  1.4683E+00  7.5715E+00  8.7635E+00  7.4246E+00
  5.3972E-02  2.7324E-01 -3.1650E-02  1.4838E+00  8.4496E+00  8.7854E+00  8.3245E+00
  5.6000E-02  2.8020E-01 -3.3741E-02  1.5016E+00  9.3794E+00  8.8110E+00  9.2718E+00
  5.7911E-02  2.8676E-01 -3.5735E-02  1.5202E+00  1.0260E+01  8.8331E+00  1.0165E+01
  5.9952E-02  2.9376E-01 -3.7898E-02  1.5419E+00  1.1192E+01  8.8581E+00  1.1108E+01
  6.1994E-02  3.0076E-01 -4.0102E-02  1.5655E+00  1.2096E+01  8.8850E+00  1.2022E+01
  6.4000E-02  3.0763E-01 -4.2316E-02  1.5904E+00  1.2931E+01  8.9142E+00  1.2864E+01
  6.6000E-02  3.1449E-01 -4.4575E-02  1.6170E+00  1.3691E+01  8.9448E+00  1.3629E+01
  6.8000E-02  3.2134E-01 -4.6886E-02  1.6449E+00  1.4355E+01  8.9813E+00  1.4298E+01
  6.9961E-02  3.2806E-01 -4.9205E-02  1.6735E+00  1.4895E+01  9.0244E+00  1.4841E+01
  7.2000E-02  3.3505E-01 -5.1667E-02  1.7043E+00  1.5325E+01  9.0725E+00  1.5273E+01
  7.4000E-02  3.4191E-01 -5.4126E-02  1.7351E+00  1.5605E+01  9.1308E+00  1.5555E+01
  7.5946E-02  3.4859E-01 -5.6556E-02  1.7656E+00  1.5732E+01  9.1914E+00  1.5683E+01
  7.7986E-02  3.5559E-01 -5.9131E-02  1.7976E+00  1.5709E+01  9.2564E+00  1.5661E+01
  8.0000E-02  3.6250E-01 -6.1688E-02  1.8290E+00  1.5536E+01  9.3215E+00  1.5488E+01
  8.2000E-02  3.6936E-01 -6.4232E-02  1.8597E+00  1.5219E+01  9.3856E+00  1.5170E+01
  8.4000E-02  3.7623E-01 -6.6766E-02  1.8897E+00  1.4768E+01  9.4457E+00  1.4718E+01
  8.6000E-02  3.8309E-01 -6.9277E-02  1.9186E+00  1.4195E+01  9.5001E+00  1.4145E+01
  8.8000E-02  3.8996E-01 -7.1753E-02  1.9462E+00  1.3517E+01  9.5494E+00  1.3464E+01
  9.0000E-02  3.9682E-01 -7.4182E-02  1.9724E+00  1.2748E+01  9.5927E+00  1.2693E+01
  9.1916E-02  4.0340E-01 -7.6453E-02  1.9960E+00  1.1943E+01  9.6290E+00  1.1886E+01
  9.3956E-02  4.1040E-01 -7.8802E-02  2.0193E+00  1.1028E+01  9.6631E+00  1.0968E+01
  9.5997E-02  4.1740E-01 -8.1073E-02  2.0408E+00  1.0072E+01  9.6903E+00  1.0008E+01
  1.0000E-01  4.3112E-01 -8.5266E-02  2.0770E+00  8.1455E+00  9.7357E+00  8.0717E+00
