  1.9093E-03  6.3205E-02  2.7089E-02  3.1868E-01  4.6207E+00  2.7282E-01  4.5407E+00
  3.9111E-03  8.0099E-02  7.1245E-02  4.4251E-01  8.2613E+00  6.1592E-01  8.1432E+00
  6.0010E-03  9.3053E-02  1.2544E-01  5.2504E-01  1.1164E+01  9.3626E-01  1.1021E+01
  7.9518E-03  1.0329E-01  1.8132E-01  5.7862E-01  1.3304E+01  1.1907E+00  1.3144E+01
  1.0000E-02  1.1297E-01  2.4428E-01  6.1957E-01  1.5101E+01  1.4140E+00  1.4927E+01
  1.2000E-02  1.2175E-01  3.0918E-01  6.4933E-01  1.6515E+01  1.5981E+00  1.6330E+01
  1.3918E-02  1.2975E-01  3.7401E-01  6.7121E-01  1.7612E+01  1.7469E+00  1.7419E+01
  1.6000E-02  1.3811E-01  4.4678E-01  6.8966E-01  1.8578E+01  1.8833E+00  1.8376E+01
  1.8000E-02  1.4589E-01  5.1852E-01  7.0355E-01  1.9324E+01  1.9942E+00  1.9115E+01
  2.0000E-02  1.5349E-01  5.9161E-01  7.1465E-01  1.9906E+01  2.0895E+00  1.9691E+01
  2.2000E-02  1.6096E-01  6.6564E-01  7.2362E-01  2.0361E+01  2.1721E+00  2.0139E+01
  2.3903E-02  1.6796E-01  7.3658E-01  7.3063E-01  2.0688E+01  2.2401E+00  2.0459E+01
  2.6000E-02  1.7558E-01  8.1494E-01  7.3702E-01  2.0929E+01  2.3066E+00  2.0694E+01
  2.7945E-02  1.8258E-01  8.8735E-01  7.4195E-01  2.1038E+01  2.3603E+00  2.0796E+01
  3.0000E-02  1.8992E-01  9.6314E-01  7.4632E-01  2.1052E+01  2.4094E+00  2.0803E+01
  3.1919E-02  1.9672E-01  1.0329E+00  7.4979E-01  2.0967E+01  2.4503E+00  2.0711E+01
  3.4000E-02  2.0406E-01  1.1069E+00  7.5300E-01  2.0755E+01  2.4893E+00  2.0490E+01
  3.6000E-02  2.1107E-01  1.1761E+00  7.5563E-01  2.0443E+01  2.5218E+00  2.0168E+01
  3.8000E-02  2.1806E-01  1.2429E+00  7.5790E-01  2.0021E+01  2.5505E+00  1.9736E+01
  3.9924E-02  2.2476E-01  1.3045E+00  7.5979E-01  1.9501E+01  2.5752E+00  1.9204E+01
  4.2000E-02  2.3197E-01  1.3675E+00  7.6156E-01  1.8799E+01  2.5982E+00  1.8487E+01
  4.3926E-02  2.3863E-01  1.4224E+00  7.6299E-01  1.8036E+01  2.6168E+00  1.7707E+01
  4.5952E-02  2.4563E-01  1.4760E+00  7.6429E-01  1.7103E+01  2.6334E+00  1.6752E+01
  4.7982E-02  2.5263E-01  1.5251E+00  7.6541E-01  1.6025E+01  2.6470E+00  1.5647E+01
  5.0000E-02  2.5958E-01  1.5688E+00  7.6637E-01  1.4830E+01  2.6572E+00  1.4419E+01
  5.2000E-02  2.6646E-01  1.6068E+00  7.6717E-01  1.3548E+01  2.6646E+00  1.3096E+01
  5.3972E-02  2.7324E-01  1.6390E+00  7.6784E-01  1.2188E+01  2.6691E+00  1.1682E+01
  5.6000E-02  2.8020E-01  1.6664E+00  7.6840E-01  1.0720E+01  2.6707E+00  1.0140E+01
  5.7911E-02  2.8676E-01  1.6869E+00  7.6882E-01  9.3302E+00  2.6697E+00  8.6599E+00
  5.9952E-02  2.9376E-01  1.7033E+00  7.6916E-01  7.8720E+00  2.6668E+00  7.0674E+00
  6.1994E-02  3.0076E-01  1.7142E+00  7.6940E-01  6.4994E+00  2.6619E+00  5.5020E+00
  6.4000E-02  3.0763E-01  1.7199E+00  7.6954E-01  5.3120E+00  2.6558E+00  4.0381E+00
  6.6000E-02  3.1449E-01  1.7213E+00  7.6960E-01  4.3657E+00  2.6494E+00  2.6849E+00
  6.8000E-02  3.2134E-01  1.7191E+00  7.6958E-01  3.7352E+00  2.6432E+00  1.4680E+00
  6.9961E-02  3.2806E-01  1.7140E+00  7.6950E-01  3.4557E+00  2.6382E+00  4.3245E-01
  7.2000E-02  3.3505E-01  1.7065E+00  7.6936E-01  3.4562E+00  2.6348E+00 -4.6606E-01
  7.4000E-02  3.4191E-01  1.6977E+00  7.6917E-01  3.6208E+00  2.6335E+00 -1.1782E+00
  7.5946E-02  3.4859E-01  1.6887E+00  7.6896E-01  3.8258E+00  2.6345E+00 -1.7026E+00
  7.7986E-02  3.5559E-01  1.6794E+00  7.6871E-01  4.0166E+00  2.6382E+00 -2.0867E+00
  8.0000E-02  3.6250E-01  1.6712E+00  7.6845E-01  4.1521E+00  2.6441E+00 -2.3239E+00
  8.2000E-02  3.6936E-01  1.6645E+00  7.6819E-01  4.2259E+00  2.6523E+00 -2.4367E+00
  8.4000E-02  3.7623E-01  1.6600E+00  7.6793E-01  4.2428E+00  2.6624E+00 -2.4455E+00
  8.6000E-02  3.8309E-01  1.6579E+00  7.6769E-01  4.2147E+00  2.6743E+00 -2.3724E+00
  8.8000E-02  3.8996E-01  1.6588E+00  7.6746E-01  4.1544E+00  2.6877E+00 -2.2348E+00
  9.0000E-02  3.9682E-01  1.6629E+00  7.6725E-01  4.0748E+00  2.7024E+00 -2.0490E+00
  9.1916E-02  4.0340E-01  1.6700E+00  7.6708E-01  3.9915E+00  2.7170E+00 -1.8402E+00
  9.3956E-02  4.1040E-01  1.6813E+00  7.6692E-01  3.9041E+00  2.7333E+00 -1.5937E+00
  9.5997E-02  4.1740E-01  1.6965E+00  7.6678E-01  3.8260E+00  2.7503E+00 -1.3316E+00
  1.0000E-01  4.3112E-01  1.7379E+00  7.6660E-01  3.7211E+00  2.7849E+00 -8.0586E-01
