  8.5491E-08  0.0000E+00  2.9830E-04  7.4994E-01  6.8105E-04  1.0000E+00  1.0337E-08
  2.4000E-03  8.0053E-03  2.9830E-04  7.4994E-01  6.8105E-04  1.0000E+00  1.3314E-08
  4.7983E-03  1.6005E-02  2.9830E-04  7.4994E-01  6.8105E-04  1.0000E+00  1.6289E-08
  7.1967E-03  2.4005E-02  2.9830E-04  7.4994E-01  6.8105E-04  1.0000E+00  1.9264E-08
  9.5950E-03  3.2005E-02  2.9830E-04  7.4994E-01  6.8105E-04  1.0000E+00  2.2240E-08
  1.1993E-02  4.0005E-02  2.9830E-04  7.4994E-01  6.8105E-04  1.0000E+00  2.5215E-08
  1.4392E-02  4.8005E-02  2.9830E-04  7.4994E-01  6.8105E-04  1.0000E+00  2.8190E-08
  1.6790E-02  5.6005E-02  2.9831E-04  7.4994E-01  6.8105E-04  1.0000E+00  3.1166E-08
  1.9188E-02  6.4005E-02  2.9831E-04  7.4994E-01  6.8105E-04  1.0000E+00  3.4141E-08
  2.1587E-02  7.2005E-02  2.9831E-04  7.4994E-01  6.8105E-04  1.0000E+00  3.7116E-08
  2.3985E-02  8.0005E-02  2.9831E-04  7.4994E-01  6.8105E-04  1.0000E+00  4.0091E-08
  2.6383E-02  8.8005E-02  2.9831E-04  7.4994E-01  6.8105E-04  1.0000E+00  4.3067E-08
  2.8782E-02  9.6005E-02  2.9831E-04  7.4994E-01  6.8105E-04  1.0000E+00  4.6042E-08
  3.1180E-02  1.0401E-01  2.9831E-04  7.4994E-01  6.8105E-04  1.0000E+00  4.9017E-08
  3.3578E-02  1.1201E-01  2.9831E-04  7.4994E-01  6.8105E-04  1.0000E+00  5.1993E-08
  3.5977E-02  1.2001E-01  2.9831E-04  7.4994E-01  6.8105E-04  1.0000E+00  5.4968E-08
  3.8375E-02  1.2801E-01  2.9832E-04  7.4994E-01  6.8105E-04  1.0000E+00  5.7943E-08
  4.0773E-02  1.3601E-01  2.9832E-04  7.4994E-01  6.8105E-04  1.0000E+00  6.0918E-08
  4.3172E-02  1.4401E-01  2.9832E-04  7.4994E-01  6.8105E-04  1.0000E+00  6.3894E-08
  4.5570E-02  1.5201E-01  2.9832E-04  7.4994E-01  6.8105E-04  1.0000E+00  6.6869E-08
  4.7968E-02  1.6001E-01  2.9832E-04  7.4994E-01  6.8105E-04  1.0000E+00  6.9844E-08
  5.0367E-02  1.6801E-01  2.9832E-04  7.4994E-01  6.8105E-04  1.0000E+00  7.2820E-08
  5.2765E-02  1.7601E-01  2.9832E-04  7.4994E-01  6.8105E-04  1.0000E+00  7.5795E-08
  5.5163E-02  1.8401E-01  2.9832E-04  7.4994E-01  6.8105E-04  1.0000E+00  7.8770E-08
  5.7562E-02  1.9201E-01  2.9832E-04  7.4994E-01  6.8105E-04  1.0000E+00  8.1745E-08
  5.9960E-02  2.0001E-01  2.9833E-04  7.4994E-01  6.8105E-04  1.0000E+00  8.4721E-08
  6.2358E-02  2.0801E-01  2.9833E-04  7.4994E-01  6.8105E-04  1.0000E+00  8.7696E-08
  6.4757E-02  2.1601E-01  2.9833E-04  7.4994E-01  6.8105E-04  1.0000E+00  9.0671E-08
  6.7155E-02  2.2401E-01  2.9833E-04  7.4994E-01  6.8105E-04  1.0000E+00  9.3647E-08
  6.9554E-02  2.3201E-01  2.9833E-04  7.4994E-01  6.8105E-04  1.0000E+00  9.6622E-08
  7.1952E-02  2.4001E-01  2.9833E-04  7.4994E-01  6.8105E-04  1.0000E+00  9.9597E-08
  7.4350E-02  2.4801E-01  2.9833E-04  7.4994E-01  6.8105E-04  1.0000E+00  1.0257E-07
  7.6749E-02  2.5601E-01  2.9833E-04  7.4994E-01  6.8105E-04  1.0000E+00  1.0555E-07
  7.9147E-02  2.6401E-01  2.9833E-04  7.4994E-01  6.8105E-04  1.0000E+00  1.0852E-07
  8.1545E-02  2.7201E-01  2.9834E-04  7.4994E-01  6.8105E-04  1.0000E+00  1.1150E-07
  8.3944E-02  2.8001E-01  2.9834E-04  7.4994E-01  6.8105E-04  1.0000E+00  1.1447E-07
  8.6342E-02  2.8801E-01  2.9834E-04  7.4994E-01  6.8105E-04  1.0000E+00  1.1745E-07
  8.8740E-02  2.9601E-01  2.9834E-04  7.4994E-01  6.8105E-04  1.0000E+00  1.2042E-07
  9.1139E-02  3.0401E-01  2.9834E-04  7.4994E-01  6.8105E-04  1.0000E+00  1.2340E-07
  9.3537E-02  3.1201E-01  2.9834E-04  7.4994E-01  6.8105E-04  1.0000E+00  1.2637E-07
  9.5935E-02  3.2001E-01  2.9834E-04  7.4994E-01  6.8105E-04  1.0000E+00  1.2935E-07
  9.8334E-02  3.2801E-01  2.9834E-04  7.4994E-01  6.8105E-04  1.0000E+00  1.3233E-07
  1.0073E-01  3.3601E-01  2.9834E-04  7.4994E-01  6.8105E-04  1.0000E+00  1.3530E-07
  1.0313E-01  3.4401E-01  2.9835E-04  7.4994E-01  6.8105E-04  1.0000E+00  1.3828E-07
  1.0553E-01  3.5201E-01  2.9835E-04  7.4994E-01  6.8105E-04  1.0000E+00  1.4125E-07
  1.0793E-01  3.6001E-01  2.9835E-04  7.4994E-01  6.8105E-04  1.0000E+00  1.4423E-07
  1.1033E-01  3.6801E-01  2.9835E-04  7.4994E-01  6.8105E-04  1.0000E+00  1.4720E-07
  1.1272E-01  3.7601E-01  2.9835E-04  7.4994E-01  6.8105E-04  1.0000E+00  1.5018E-07
  1.1512E-01  3.8401E-01  2.9835E-04  7.4994E-01  6.8105E-04  1.0000E+00  1.5315E-07
  1.1752E-01  3.9201E-01  2.9835E-04  7.4994E-01  6.8105E-04  1.0000E+00  1.5613E-07
  1.1992E-01  4.0001E-01  2.9835E-04  7.4994E-01  6.8105E-04  1.0000E+00  1.5910E-07
  1.2232E-01  4.0801E-01  2.9835E-04  7.4994E-01  6.8105E-04  1.0000E+00  1.6208E-07
  1.2472E-01  4.1601E-01  2.9836E-04  7.4994E-01  6.8105E-04  1.0000E+00  1.6505E-07
  1.2711E-01  4.2401E-01  2.9836E-04  7.4994E-01  6.8105E-04  1.0000E+00  1.6803E-07
  1.2951E-01  4.3201E-01  2.9836E-04  7.4994E-01  6.8105E-04  1.0000E+00  1.7100E-07
  1.3191E-01  4.4001E-01  2.9836E-04  7.4994E-01  6.8105E-04  1.0000E+00  1.7398E-07
  1.3431E-01  4.4801E-01  2.9836E-04  7.4994E-01  6.8105E-04  1.0000E+00  1.7695E-07
  1.3671E-01  4.5601E-01  2.9836E-04  7.4994E-01  6.8105E-04  1.0000E+00  1.7993E-07
  1.3911E-01  4.6401E-01  2.9836E-04  7.4994E-01  6.8105E-04  1.0000E+00  1.8290E-07
  1.4150E-01  4.7201E-01  2.9836E-04  7.4994E-01  6.8105E-04  1.0000E+00  1.8588E-07
  1.4390E-01  4.8001E-01  2.9836E-04  7.4994E-01  6.8105E-04  1.0000E+00  1.8886E-07
  1.4630E-01  4.8801E-01  2.9837E-04  7.4994E-01  6.8105E-04  1.0000E+00  1.9183E-07
  1.4880E-01  4.9634E-01  2.9837E-04  7.4994E-01  6.8105E-04  1.0000E+00  1.9493E-07
  1.5120E-01  5.0434E-01  2.9837E-04  7.4994E-01  6.8105E-04  1.0000E+00  1.9791E-07
  1.5360E-01  5.1234E-01  2.9837E-04  7.4994E-01  6.8105E-04  1.0000E+00  2.0088E-07
  1.5600E-01  5.2034E-01  2.9837E-04  7.4994E-01  6.8105E-04  1.0000E+00  2.0386E-07
  1.5839E-01  5.2834E-01  2.9837E-04  7.4994E-01  6.8105E-04  1.0000E+00  2.0683E-07
  1.6079E-01  5.3634E-01  2.9837E-04  7.4994E-01  6.8105E-04  1.0000E+00  2.0981E-07
  1.6319E-01  5.4434E-01  2.9837E-04  7.4994E-01  6.8105E-04  1.0000E+00  2.1278E-07
  1.6559E-01  5.5234E-01  2.9837E-04  7.4994E-01  6.8105E-04  1.0000E+00  2.1576E-07
  1.6799E-01  5.6034E-01  2.9838E-04  7.4994E-01  6.8105E-04  1.0000E+00  2.1873E-07
  1.7039E-01  5.6834E-01  2.9838E-04  7.4994E-01  6.8105E-04  1.0000E+00  2.2171E-07
  1.7278E-01  5.7634E-01  2.9838E-04  7.4994E-01  6.8105E-04  1.0000E+00  2.2468E-07
  1.7518E-01  5.8434E-01  2.9838E-04  7.4994E-01  6.8105E-04  1.0000E+00  2.2766E-07
  1.7758E-01  5.9234E-01  2.9838E-04  7.4994E-01  6.8105E-04  1.0000E+00  2.3063E-07
  1.7998E-01  6.0034E-01  2.9838E-04  7.4994E-01  6.8105E-04  1.0000E+00  2.3361E-07
  1.8238E-01  6.0834E-01  2.9838E-04  7.4994E-01  6.8105E-04  1.0000E+00  2.3659E-07
  1.8478E-01  6.1634E-01  2.9838E-04  7.4994E-01  6.8105E-04  1.0000E+00  2.3956E-07
  1.8717E-01  6.2434E-01  2.9838E-04  7.4994E-01  6.8105E-04  1.0000E+00  2.4254E-07
  1.8957E-01  6.3234E-01  2.9839E-04  7.4994E-01  6.8105E-04  1.0000E+00  2.4551E-07
  1.9197E-01  6.4034E-01  2.9839E-04  7.4994E-01  6.8105E-04  1.0000E+00  2.4849E-07
  1.9437E-01  6.4834E-01  2.9839E-04  7.4994E-01  6.8105E-04  1.0000E+00  2.5146E-07
  1.9677E-01  6.5634E-01  2.9839E-04  7.4994E-01  6.8105E-04  1.0000E+00  2.5444E-07
  1.9917E-01  6.6434E-01  2.9839E-04  7.4994E-01  6.8105E-04  1.0000E+00  2.5741E-07
  2.0156E-01  6.7234E-01  2.9839E-04  7.4994E-01  6.8105E-04  1.0000E+00  2.6039E-07
  2.0396E-01  6.8034E-01  2.9839E-04  7.4994E-01  6.8105E-04  1.0000E+00  2.6337E-07
  2.0636E-01  6.8834E-01  2.9839E-04  7.4994E-01  6.8105E-04  1.0000E+00  2.6635E-07
  2.0876E-01  6.9634E-01  2.9839E-04  7.4994E-01  6.8105E-04  1.0000E+00  2.6932E-07
  2.1116E-01  7.0434E-01  2.9839E-04  7.4994E-01  6.8105E-04  1.0000E+00  2.7230E-07
  2.1356E-01  7.1234E-01  2.9840E-04  7.4994E-01  6.8105E-04  1.0000E+00  2.7528E-07
  2.1595E-01  7.2034E-01  2.9840E-04  7.4994E-01  6.8105E-04  1.0000E+00  2.7826E-07
  2.1835E-01  7.2834E-01  2.9840E-04  7.4994E-01  6.8105E-04  1.0000E+00  2.8123E-07
  2.2075E-01  7.3634E-01  2.9840E-04  7.4994E-01  6.8105E-04  1.0000E+00  2.8421E-07
  2.2315E-01  7.4434E-01  2.9840E-04  7.4994E-01  6.8105E-04  1.0000E+00  2.8719E-07
  2.2555E-01  7.5234E-01  2.9840E-04  7.4994E-01  6.8105E-04  1.0000E+00  2.9016E-07
  2.2795E-01  7.6034E-01  2.9840E-04  7.4994E-01  6.8105E-04  1.0000E+00  2.9314E-07
  2.3034E-01  7.6834E-01  2.9840E-04  7.4994E-01  6.8105E-04  1.0000E+00  2.9612E-07
  2.3274E-01  7.7634E-01  2.9840E-04  7.4994E-01  6.8105E-04  1.0000E+00  2.9910E-07
  2.3514E-01  7.8434E-01  2.9841E-04  7.4994E-01  6.8105E-04  1.0000E+00  3.0207E-07
  2.3754E-01  7.9234E-01  2.9841E-04  7.4994E-01  6.8105E-04  1.0000E+00  3.0505E-07
  2.3994E-01  8.0034E-01  2.9841E-04  7.4994E-01  6.8105E-04  1.0000E+00  3.0803E-07
  2.4234E-01  8.0834E-01  2.9841E-04  7.4994E-01  6.8105E-04  1.0000E+00  3.1101E-07
  2.4473E-01  8.1634E-01  2.9841E-04  7.4994E-01  6.8105E-04  1.0000E+00  3.1398E-07
  2.4713E-01  8.2434E-01  2.9841E-04  7.4994E-01  6.8105E-04  1.0000E+00  3.1696E-07
  2.4953E-01  8.3234E-01  2.9841E-04  7.4994E-01  6.8105E-04  1.0000E+00  3.1994E-07
  2.5193E-01  8.4034E-01  2.9841E-04  7.4994E-01  6.8105E-04  1.0000E+00  3.2292E-07
  2.5433E-01  8.4834E-01  2.9841E-04  7.4994E-01  6.8105E-04  1.0000E+00  3.2589E-07
  2.5673E-01  8.5634E-01  2.9842E-04  7.4994E-01  6.8105E-04  1.0000E+00  3.2887E-07
  2.5912E-01  8.6434E-01  2.9842E-04  7.4994E-01  6.8105E-04  1.0000E+00  3.3185E-07
  2.6152E-01  8.7234E-01  2.9842E-04  7.4994E-01  6.8105E-04  1.0000E+00  3.3482E-07
  2.6392E-01  8.8034E-01  2.9842E-04  7.4994E-01  6.8105E-04  1.0000E+00  3.3780E-07
  2.6632E-01  8.8834E-01  2.9842E-04  7.4994E-01  6.8105E-04  1.0000E+00  3.4078E-07
  2.6872E-01  8.9634E-01  2.9842E-04  7.4994E-01  6.8105E-04  1.0000E+00  3.4376E-07
  2.7112E-01  9.0434E-01  2.9842E-04  7.4994E-01  6.8105E-04  1.0000E+00  3.4673E-07
  2.7351E-01  9.1234E-01  2.9842E-04  7.4994E-01  6.8105E-04  1.0000E+00  3.4971E-07
  2.7591E-01  9.2034E-01  2.9842E-04  7.4994E-01  6.8105E-04  1.0000E+00  3.5269E-07
  2.7831E-01  9.2834E-01  2.9843E-04  7.4994E-01  6.8105E-04  1.0000E+00  3.5567E-07
  2.8071E-01  9.3634E-01  2.9843E-04  7.4994E-01  6.8105E-04  1.0000E+00  3.5864E-07
  2.8311E-01  9.4434E-01  2.9843E-04  7.4994E-01  6.8105E-04  1.0000E+00  3.6162E-07
  2.8551E-01  9.5234E-01  2.9843E-04  7.4994E-01  6.8105E-04  1.0000E+00  3.6460E-07
  2.8790E-01  9.6034E-01  2.9843E-04  7.4994E-01  6.8105E-04  1.0000E+00  3.6757E-07
  2.9030E-01  9.6834E-01  2.9843E-04  7.4994E-01  6.8105E-04  1.0000E+00  3.7055E-07
  2.9270E-01  9.7634E-01  2.9843E-04  7.4994E-01  6.8105E-04  1.0000E+00  3.7353E-07
  2.9520E-01  9.8468E-01  2.9843E-04  7.4994E-01  6.8105E-04  1.0000E+00  3.7663E-07
  2.9760E-01  9.9268E-01  2.9843E-04  7.4994E-01  6.8105E-04  1.0000E+00  3.7961E-07
  3.0000E-01  1.0007E+00  2.9844E-04  7.4994E-01  6.8105E-04  1.0000E+00  3.8259E-07
  3.0240E-01  1.0087E+00  2.9844E-04  7.4994E-01  6.8105E-04  1.0000E+00  3.8556E-07
  3.0479E-01  1.0167E+00  2.9844E-04  7.4994E-01  6.8105E-04  1.0000E+00  3.8854E-07
  3.0719E-01  1.0247E+00  2.9844E-04  7.4994E-01  6.8105E-04  1.0000E+00  3.9152E-07
  3.0959E-01  1.0327E+00  2.9844E-04  7.4994E-01  6.8105E-04  1.0000E+00  3.9450E-07
  3.1199E-01  1.0407E+00  2.9844E-04  7.4994E-01  6.8105E-04  1.0000E+00  3.9747E-07
  3.1439E-01  1.0487E+00  2.9844E-04  7.4994E-01  6.8105E-04  1.0000E+00  4.0045E-07
  3.1679E-01  1.0567E+00  2.9844E-04  7.4994E-01  6.8105E-04  1.0000E+00  4.0343E-07
  3.1918E-01  1.0647E+00  2.9844E-04  7.4994E-01  6.8105E-04  1.0000E+00  4.0640E-07
  3.2158E-01  1.0727E+00  2.9845E-04  7.4994E-01  6.8105E-04  1.0000E+00  4.0938E-07
  3.2398E-01  1.0807E+00  2.9845E-04  7.4994E-01  6.8105E-04  1.0000E+00  4.1236E-07
  3.2638E-01  1.0887E+00  2.9845E-04  7.4994E-01  6.8105E-04  1.0000E+00  4.1534E-07
  3.2878E-01  1.0967E+00  2.9845E-04  7.4994E-01  6.8105E-04  1.0000E+00  4.1831E-07
  3.3118E-01  1.1047E+00  2.9845E-04  7.4994E-01  6.8105E-04  1.0000E+00  4.2129E-07
  3.3357E-01  1.1127E+00  2.9845E-04  7.4994E-01  6.8105E-04  1.0000E+00  4.2427E-07
  3.3597E-01  1.1207E+00  2.9845E-04  7.4994E-01  6.8105E-04  1.0000E+00  4.2725E-07
  3.3837E-01  1.1287E+00  2.9845E-04  7.4994E-01  6.8105E-04  1.0000E+00  4.3022E-07
  3.4077E-01  1.1367E+00  2.9845E-04  7.4994E-01  6.8105E-04  1.0000E+00  4.3320E-07
  3.4317E-01  1.1447E+00  2.9846E-04  7.4994E-01  6.8105E-04  1.0000E+00  4.3618E-07
  3.4557E-01  1.1527E+00  2.9846E-04  7.4994E-01  6.8105E-04  1.0000E+00  4.3915E-07
  3.4796E-01  1.1607E+00  2.9846E-04  7.4994E-01  6.8105E-04  1.0000E+00  4.4213E-07
  3.5036E-01  1.1687E+00  2.9846E-04  7.4994E-01  6.8105E-04  1.0000E+00  4.4511E-07
  3.5276E-01  1.1767E+00  2.9846E-04  7.4994E-01  6.8105E-04  1.0000E+00  4.4809E-07
  3.5516E-01  1.1847E+00  2.9846E-04  7.4994E-01  6.8105E-04  1.0000E+00  4.5106E-07
  3.5756E-01  1.1927E+00  2.9846E-04  7.4994E-01  6.8105E-04  1.0000E+00  4.5404E-07
  3.5996E-01  1.2007E+00  2.9846E-04  7.4994E-01  6.8105E-04  1.0000E+00  4.5702E-07
  3.6235E-01  1.2087E+00  2.9846E-04  7.4994E-01  6.8105E-04  1.0000E+00  4.6000E-07
  3.6475E-01  1.2167E+00  2.9847E-04  7.4994E-01  6.8105E-04  1.0000E+00  4.6297E-07
  3.6715E-01  1.2247E+00  2.9847E-04  7.4994E-01  6.8105E-04  1.0000E+00  4.6595E-07
  3.6955E-01  1.2327E+00  2.9847E-04  7.4994E-01  6.8105E-04  1.0000E+00  4.6893E-07
  3.7195E-01  1.2407E+00  2.9847E-04  7.4994E-01  6.8105E-04  1.0000E+00  4.7191E-07
  3.7435E-01  1.2487E+00  2.9847E-04  7.4994E-01  6.8105E-04  1.0000E+00  4.7488E-07
  3.7674E-01  1.2567E+00  2.9847E-04  7.4994E-01  6.8105E-04  1.0000E+00  4.7786E-07
  3.7914E-01  1.2647E+00  2.9847E-04  7.4994E-01  6.8105E-04  1.0000E+00  4.8084E-07
  3.8154E-01  1.2727E+00  2.9847E-04  7.4994E-01  6.8105E-04  1.0000E+00  4.8381E-07
  3.8394E-01  1.2807E+00  2.9847E-04  7.4994E-01  6.8105E-04  1.0000E+00  4.8679E-07
  3.8634E-01  1.2887E+00  2.9848E-04  7.4994E-01  6.8105E-04  1.0000E+00  4.8977E-07
  3.8874E-01  1.2967E+00  2.9848E-04  7.4994E-01  6.8105E-04  1.0000E+00  4.9275E-07
  3.9113E-01  1.3047E+00  2.9848E-04  7.4994E-01  6.8105E-04  1.0000E+00  4.9572E-07
  3.9353E-01  1.3127E+00  2.9848E-04  7.4994E-01  6.8105E-04  1.0000E+00  4.9870E-07
  3.9593E-01  1.3207E+00  2.9848E-04  7.4994E-01  6.8105E-04  1.0000E+00  5.0168E-07
  3.9833E-01  1.3287E+00  2.9848E-04  7.4994E-01  6.8105E-04  1.0000E+00  5.0465E-07
  4.0073E-01  1.3367E+00  2.9848E-04  7.4994E-01  6.8105E-04  1.0000E+00  5.0763E-07
  4.0313E-01  1.3447E+00  2.9848E-04  7.4994E-01  6.8105E-04  1.0000E+00  5.1061E-07
  4.0552E-01  1.3527E+00  2.9848E-04  7.4994E-01  6.8105E-04  1.0000E+00  5.1359E-07
  4.0792E-01  1.3607E+00  2.9849E-04  7.4994E-01  6.8105E-04  1.0000E+00  5.1656E-07
  4.1032E-01  1.3687E+00  2.9849E-04  7.4994E-01  6.8105E-04  1.0000E+00  5.1954E-07
  4.1272E-01  1.3767E+00  2.9849E-04  7.4994E-01  6.8105E-04  1.0000E+00  5.2252E-07
  4.1512E-01  1.3847E+00  2.9849E-04  7.4994E-01  6.8105E-04  1.0000E+00  5.2550E-07
  4.1752E-01  1.3927E+00  2.9849E-04  7.4994E-01  6.8105E-04  1.0000E+00  5.2847E-07
  4.1991E-01  1.4007E+00  2.9849E-04  7.4994E-01  6.8105E-04  1.0000E+00  5.3145E-07
  4.2231E-01  1.4087E+00  2.9849E-04  7.4994E-01  6.8105E-04  1.0000E+00  5.3443E-07
  4.2471E-01  1.4167E+00  2.9849E-04  7.4994E-01  6.8105E-04  1.0000E+00  5.3740E-07
  4.2711E-01  1.4247E+00  2.9849E-04  7.4994E-01  6.8105E-04  1.0000E+00  5.4038E-07
  4.2951E-01  1.4327E+00  2.9850E-04  7.4994E-01  6.8105E-04  1.0000E+00  5.4336E-07
  4.3191E-01  1.4407E+00  2.9850E-04  7.4994E-01  6.8105E-04  1.0000E+00  5.4634E-07
  4.3430E-01  1.4487E+00  2.9850E-04  7.4994E-01  6.8105E-04  1.0000E+00  5.4931E-07
  4.3670E-01  1.4567E+00  2.9850E-04  7.4994E-01  6.8105E-04  1.0000E+00  5.5229E-07
  4.3910E-01  1.4647E+00  2.9850E-04  7.4994E-01  6.8105E-04  1.0000E+00  5.5527E-07
  4.4160E-01  1.4730E+00  2.9850E-04  7.4994E-01  6.8105E-04  1.0000E+00  5.5837E-07
  4.4400E-01  1.4810E+00  2.9850E-04  7.4994E-01  6.8105E-04  1.0000E+00  5.6135E-07
  4.4640E-01  1.4890E+00  2.9850E-04  7.4994E-01  6.8105E-04  1.0000E+00  5.6433E-07
  4.4880E-01  1.4970E+00  2.9850E-04  7.4994E-01  6.8105E-04  1.0000E+00  5.6730E-07
  4.5119E-01  1.5050E+00  2.9851E-04  7.4994E-01  6.8105E-04  1.0000E+00  5.7028E-07
  4.5359E-01  1.5130E+00  2.9851E-04  7.4994E-01  6.8105E-04  1.0000E+00  5.7326E-07
  4.5599E-01  1.5210E+00  2.9851E-04  7.4994E-01  6.8105E-04  1.0000E+00  5.7624E-07
  4.5839E-01  1.5290E+00  2.9851E-04  7.4994E-01  6.8105E-04  1.0000E+00  5.7921E-07
  4.6079E-01  1.5370E+00  2.9851E-04  7.4994E-01  6.8105E-04  1.0000E+00  5.8219E-07
  4.6319E-01  1.5450E+00  2.9851E-04  7.4994E-01  6.8105E-04  1.0000E+00  5.8517E-07
  4.6558E-01  1.5530E+00  2.9851E-04  7.4994E-01  6.8105E-04  1.0000E+00  5.8814E-07
  4.6798E-01  1.5610E+00  2.9851E-04  7.4994E-01  6.8105E-04  1.0000E+00  5.9112E-07
  4.7038E-01  1.5690E+00  2.9851E-04  7.4994E-01  6.8105E-04  1.0000E+00  5.9410E-07
  4.7278E-01  1.5770E+00  2.9851E-04  7.4994E-01  6.8105E-04  1.0000E+00  5.9708E-07
  4.7518E-01  1.5850E+00  2.9852E-04  7.4994E-01  6.8105E-04  1.0000E+00  6.0005E-07
  4.7758E-01  1.5930E+00  2.9852E-04  7.4994E-01  6.8105E-04  1.0000E+00  6.0303E-07
  4.7997E-01  1.6010E+00  2.9852E-04  7.4994E-01  6.8105E-04  1.0000E+00  6.0601E-07
  4.8237E-01  1.6090E+00  2.9852E-04  7.4994E-01  6.8105E-04  1.0000E+00  6.0898E-07
  4.8477E-01  1.6170E+00  2.9852E-04  7.4994E-01  6.8105E-04  1.0000E+00  6.1196E-07
  4.8717E-01  1.6250E+00  2.9852E-04  7.4994E-01  6.8105E-04  1.0000E+00  6.1494E-07
  4.8957E-01  1.6330E+00  2.9852E-04  7.4994E-01  6.8105E-04  1.0000E+00  6.1792E-07
  4.9197E-01  1.6410E+00  2.9852E-04  7.4994E-01  6.8105E-04  1.0000E+00  6.2089E-07
  4.9436E-01  1.6490E+00  2.9852E-04  7.4994E-01  6.8105E-04  1.0000E+00  6.2387E-07
  4.9676E-01  1.6570E+00  2.9853E-04  7.4994E-01  6.8105E-04  1.0000E+00  6.2685E-07
  4.9916E-01  1.6650E+00  2.9853E-04  7.4994E-01  6.8105E-04  1.0000E+00  6.2983E-07
  5.0156E-01  1.6730E+00  2.9853E-04  7.4994E-01  6.8105E-04  1.0000E+00  6.3280E-07
  5.0396E-01  1.6810E+00  2.9853E-04  7.4994E-01  6.8105E-04  1.0000E+00  6.3578E-07
  5.0636E-01  1.6890E+00  2.9853E-04  7.4994E-01  6.8105E-04  1.0000E+00  6.3876E-07
  5.0875E-01  1.6970E+00  2.9853E-04  7.4994E-01  6.8105E-04  1.0000E+00  6.4173E-07
  5.1115E-01  1.7050E+00  2.9853E-04  7.4994E-01  6.8105E-04  1.0000E+00  6.4471E-07
  5.1355E-01  1.7130E+00  2.9853E-04  7.4994E-01  6.8105E-04  1.0000E+00  6.4769E-07
  5.1595E-01  1.7210E+00  2.9853E-04  7.4994E-01  6.8105E-04  1.0000E+00  6.5067E-07
  5.1835E-01  1.7290E+00  2.9854E-04  7.4994E-01  6.8105E-04  1.0000E+00  6.5364E-07
  5.2075E-01  1.7370E+00  2.9854E-04  7.4994E-01  6.8105E-04  1.0000E+00  6.5662E-07
  5.2314E-01  1.7450E+00  2.9854E-04  7.4994E-01  6.8105E-04  1.0000E+00  6.5960E-07
  5.2554E-01  1.7530E+00  2.9854E-04  7.4994E-01  6.8105E-04  1.0000E+00  6.6258E-07
  5.2794E-01  1.7610E+00  2.9854E-04  7.4994E-01  6.8105E-04  1.0000E+00  6.6555E-07
  5.3034E-01  1.7690E+00  2.9854E-04  7.4994E-01  6.8105E-04  1.0000E+00  6.6853E-07
  5.3274E-01  1.7770E+00  2.9854E-04  7.4994E-01  6.8105E-04  1.0000E+00  6.7151E-07
  5.3514E-01  1.7850E+00  2.9854E-04  7.4994E-01  6.8105E-04  1.0000E+00  6.7448E-07
  5.3753E-01  1.7930E+00  2.9854E-04  7.4994E-01  6.8105E-04  1.0000E+00  6.7746E-07
  5.3993E-01  1.8010E+00  2.9855E-04  7.4994E-01  6.8105E-04  1.0000E+00  6.8044E-07
  5.4233E-01  1.8090E+00  2.9855E-04  7.4994E-01  6.8105E-04  1.0000E+00  6.8342E-07
  5.4473E-01  1.8170E+00  2.9855E-04  7.4994E-01  6.8105E-04  1.0000E+00  6.8639E-07
  5.4713E-01  1.8250E+00  2.9855E-04  7.4994E-01  6.8105E-04  1.0000E+00  6.8937E-07
  5.4953E-01  1.8330E+00  2.9855E-04  7.4994E-01  6.8105E-04  1.0000E+00  6.9235E-07
  5.5192E-01  1.8410E+00  2.9855E-04  7.4994E-01  6.8105E-04  1.0000E+00  6.9533E-07
  5.5432E-01  1.8490E+00  2.9855E-04  7.4994E-01  6.8105E-04  1.0000E+00  6.9830E-07
  5.5672E-01  1.8570E+00  2.9855E-04  7.4994E-01  6.8105E-04  1.0000E+00  7.0128E-07
  5.5912E-01  1.8650E+00  2.9855E-04  7.4994E-01  6.8105E-04  1.0000E+00  7.0426E-07
  5.6152E-01  1.8730E+00  2.9856E-04  7.4994E-01  6.8105E-04  1.0000E+00  7.0723E-07
  5.6392E-01  1.8810E+00  2.9856E-04  7.4994E-01  6.8106E-04  1.0000E+00  7.1021E-07
  5.6631E-01  1.8890E+00  2.9856E-04  7.4994E-01  6.8106E-04  1.0000E+00  7.1319E-07
  5.6871E-01  1.8970E+00  2.9856E-04  7.4994E-01  6.8106E-04  1.0000E+00  7.1617E-07
  5.7111E-01  1.9050E+00  2.9856E-04  7.4994E-01  6.8106E-04  1.0000E+00  7.1914E-07
  5.7351E-01  1.9130E+00  2.9856E-04  7.4994E-01  6.8106E-04  1.0000E+00  7.2212E-07
  5.7591E-01  1.9210E+00  2.9856E-04  7.4994E-01  6.8106E-04  1.0000E+00  7.2510E-07
  5.7831E-01  1.9290E+00  2.9856E-04  7.4994E-01  6.8106E-04  1.0000E+00  7.2807E-07
  5.8070E-01  1.9370E+00  2.9856E-04  7.4994E-01  6.8106E-04  1.0000E+00  7.3105E-07
  5.8310E-01  1.9450E+00  2.9857E-04  7.4994E-01  6.8106E-04  1.0000E+00  7.3403E-07
  5.8550E-01  1.9530E+00  2.9857E-04  7.4994E-01  6.8106E-04  1.0000E+00  7.3701E-07
  5.8800E-01  1.9614E+00  2.9857E-04  7.4994E-01  6.8106E-04  1.0000E+00  7.4011E-07
  5.9040E-01  1.9694E+00  2.9857E-04  7.4994E-01  6.8106E-04  1.0000E+00  7.4309E-07
  5.9280E-01  1.9774E+00  2.9857E-04  7.4994E-01  6.8106E-04  1.0000E+00  7.4606E-07
  5.9520E-01  1.9854E+00  2.9857E-04  7.4994E-01  6.8106E-04  1.0000E+00  7.4904E-07
  5.9759E-01  1.9934E+00  2.9857E-04  7.4994E-01  6.8106E-04  1.0000E+00  7.5202E-07
  5.9999E-01  2.0014E+00  2.9857E-04  7.4994E-01  6.8107E-04  1.0000E+00  7.5076E-07
  6.0239E-01  2.0094E+00  2.9857E-04  7.4994E-01  6.8207E-04  1.0015E+00  1.5722E-07
  6.0479E-01  2.0174E+00  2.9858E-04  7.4994E-01  6.8207E-04  1.0015E+00  1.5995E-07
  6.0719E-01  2.0254E+00  2.9858E-04  7.4994E-01  6.8207E-04  1.0015E+00  1.6263E-07
  6.0959E-01  2.0334E+00  2.9858E-04  7.4994E-01  6.8207E-04  1.0015E+00  1.6538E-07
  6.1198E-01  2.0414E+00  2.9858E-04  7.4994E-01  6.8207E-04  1.0015E+00  1.6818E-07
  6.1438E-01  2.0494E+00  2.9858E-04  7.4994E-01  6.8207E-04  1.0015E+00  1.7090E-07
  6.1678E-01  2.0574E+00  2.9858E-04  7.4994E-01  6.8207E-04  1.0015E+00  1.7355E-07
  6.1918E-01  2.0654E+00  2.9858E-04  7.4994E-01  6.8207E-04  1.0015E+00  1.7622E-07
  6.2158E-01  2.0734E+00  2.9858E-04  7.4994E-01  6.8208E-04  1.0015E+00  1.7898E-07
  6.2398E-01  2.0814E+00  2.9858E-04  7.4994E-01  6.8208E-04  1.0015E+00  1.8173E-07
  6.2637E-01  2.0894E+00  2.9859E-04  7.4994E-01  6.8208E-04  1.0015E+00  1.8436E-07
  6.2877E-01  2.0974E+00  2.9859E-04  7.4994E-01  6.8208E-04  1.0015E+00  1.8697E-07
  6.3117E-01  2.1054E+00  2.9859E-04  7.4994E-01  6.8208E-04  1.0015E+00  1.8974E-07
  6.3357E-01  2.1134E+00  2.9859E-04  7.4994E-01  6.8208E-04  1.0015E+00  1.9251E-07
  6.3597E-01  2.1214E+00  2.9859E-04  7.4994E-01  6.8208E-04  1.0015E+00  1.9506E-07
  6.3837E-01  2.1294E+00  2.9859E-04  7.4994E-01  6.8208E-04  1.0015E+00  1.9761E-07
  6.4076E-01  2.1374E+00  2.9859E-04  7.4994E-01  6.8209E-04  1.0015E+00  2.0024E-07
  6.4316E-01  2.1454E+00  2.9859E-04  7.4994E-01  6.8209E-04  1.0015E+00  2.0293E-07
  6.4556E-01  2.1534E+00  2.9859E-04  7.4994E-01  6.8209E-04  1.0015E+00  2.0552E-07
  6.4796E-01  2.1614E+00  2.9860E-04  7.4994E-01  6.8209E-04  1.0015E+00  2.0807E-07
  6.5036E-01  2.1694E+00  2.9860E-04  7.4994E-01  6.8209E-04  1.0015E+00  2.1070E-07
  6.5276E-01  2.1774E+00  2.9860E-04  7.4994E-01  6.8209E-04  1.0015E+00  2.1333E-07
  6.5515E-01  2.1854E+00  2.9860E-04  7.4994E-01  6.8209E-04  1.0015E+00  2.1593E-07
  6.5755E-01  2.1934E+00  2.9860E-04  7.4994E-01  6.8209E-04  1.0015E+00  2.1846E-07
  6.5995E-01  2.2014E+00  2.9860E-04  7.4994E-01  6.8210E-04  1.0015E+00  2.2091E-07
  6.6235E-01  2.2094E+00  2.9860E-04  7.4994E-01  6.8210E-04  1.0015E+00  2.2351E-07
  6.6475E-01  2.2174E+00  2.9860E-04  7.4994E-01  6.8210E-04  1.0015E+00  2.2614E-07
  6.6715E-01  2.2254E+00  2.9860E-04  7.4994E-01  6.8210E-04  1.0015E+00  2.2861E-07
  6.6954E-01  2.2334E+00  2.9861E-04  7.4994E-01  6.8210E-04  1.0015E+00  2.3102E-07
  6.7194E-01  2.2414E+00  2.9861E-04  7.4994E-01  6.8211E-04  1.0016E+00  2.3351E-07
  6.7434E-01  2.2494E+00  2.9861E-04  7.4994E-01  6.8211E-04  1.0016E+00  2.3606E-07
  6.7674E-01  2.2574E+00  2.9861E-04  7.4994E-01  6.8211E-04  1.0016E+00  2.3855E-07
  6.7914E-01  2.2654E+00  2.9861E-04  7.4994E-01  6.8211E-04  1.0016E+00  2.4092E-07
  6.8154E-01  2.2734E+00  2.9861E-04  7.4994E-01  6.8211E-04  1.0016E+00  2.4336E-07
  6.8393E-01  2.2814E+00  2.9861E-04  7.4994E-01  6.8212E-04  1.0016E+00  2.4586E-07
  6.8633E-01  2.2894E+00  2.9861E-04  7.4994E-01  6.8212E-04  1.0016E+00  2.4830E-07
  6.8873E-01  2.2974E+00  2.9861E-04  7.4994E-01  6.8212E-04  1.0016E+00  2.5054E-07
  6.9113E-01  2.3054E+00  2.9862E-04  7.4994E-01  6.8212E-04  1.0016E+00  2.5279E-07
  6.9353E-01  2.3134E+00  2.9862E-04  7.4994E-01  6.8212E-04  1.0016E+00  2.5526E-07
  6.9593E-01  2.3214E+00  2.9862E-04  7.4994E-01  6.8213E-04  1.0016E+00  2.5765E-07
  6.9832E-01  2.3294E+00  2.9862E-04  7.4994E-01  6.8213E-04  1.0016E+00  2.5986E-07
  7.0072E-01  2.3374E+00  2.9862E-04  7.4994E-01  6.8213E-04  1.0016E+00  2.6199E-07
  7.0312E-01  2.3454E+00  2.9862E-04  7.4994E-01  6.8213E-04  1.0016E+00  2.6432E-07
  7.0552E-01  2.3534E+00  2.9862E-04  7.4994E-01  6.8214E-04  1.0016E+00  2.6675E-07
  7.0792E-01  2.3614E+00  2.9862E-04  7.4994E-01  6.8214E-04  1.0016E+00  2.6896E-07
  7.1032E-01  2.3694E+00  2.9862E-04  7.4994E-01  6.8214E-04  1.0016E+00  2.7103E-07
  7.1271E-01  2.3774E+00  2.9863E-04  7.4994E-01  6.8215E-04  1.0016E+00  2.7319E-07
  7.1511E-01  2.3854E+00  2.9863E-04  7.4994E-01  6.8215E-04  1.0016E+00  2.7552E-07
  7.1751E-01  2.3934E+00  2.9863E-04  7.4994E-01  6.8215E-04  1.0016E+00  2.7773E-07
  7.1991E-01  2.4014E+00  2.9863E-04  7.4994E-01  6.8215E-04  1.0016E+00  2.7965E-07
  7.2231E-01  2.4094E+00  2.9863E-04  7.4994E-01  6.8216E-04  1.0016E+00  2.8169E-07
  7.2471E-01  2.4174E+00  2.9863E-04  7.4994E-01  6.8216E-04  1.0016E+00  2.8392E-07
  7.2710E-01  2.4254E+00  2.9863E-04  7.4994E-01  6.8216E-04  1.0016E+00  2.8603E-07
  7.2950E-01  2.4334E+00  2.9863E-04  7.4994E-01  6.8217E-04  1.0016E+00  2.8786E-07
  7.3190E-01  2.4414E+00  2.9863E-04  7.4994E-01  6.8217E-04  1.0016E+00  2.8968E-07
  7.3440E-01  2.4497E+00  2.9864E-04  7.4994E-01  6.8218E-04  1.0017E+00  2.9192E-07
  7.3680E-01  2.4577E+00  2.9864E-04  7.4994E-01  6.8218E-04  1.0017E+00  2.9394E-07
  7.3920E-01  2.4657E+00  2.9864E-04  7.4994E-01  6.8218E-04  1.0017E+00  2.9552E-07
  7.4160E-01  2.4737E+00  2.9864E-04  7.4994E-01  6.8219E-04  1.0017E+00  2.9709E-07
  7.4399E-01  2.4817E+00  2.9864E-04  7.4994E-01  6.8219E-04  1.0017E+00  2.9910E-07
  7.4639E-01  2.4897E+00  2.9864E-04  7.4994E-01  6.8219E-04  1.0017E+00  3.0117E-07
  7.4879E-01  2.4977E+00  2.9864E-04  7.4994E-01  6.8220E-04  1.0017E+00  3.0272E-07
  7.5119E-01  2.5057E+00  2.9864E-04  7.4994E-01  6.8221E-04  1.0017E+00  3.0401E-07
  7.5359E-01  2.5137E+00  2.9864E-04  7.4994E-01  6.8221E-04  1.0017E+00  3.0566E-07
  7.5599E-01  2.5217E+00  2.9865E-04  7.4994E-01  6.8221E-04  1.0017E+00  3.0765E-07
  7.5838E-01  2.5297E+00  2.9865E-04  7.4994E-01  6.8222E-04  1.0017E+00  3.0933E-07
  7.6078E-01  2.5377E+00  2.9865E-04  7.4994E-01  6.8222E-04  1.0017E+00  3.1046E-07
  7.6318E-01  2.5457E+00  2.9865E-04  7.4994E-01  6.8223E-04  1.0017E+00  3.1176E-07
  7.6558E-01  2.5537E+00  2.9865E-04  7.4994E-01  6.8224E-04  1.0017E+00  3.1342E-07
  7.6798E-01  2.5617E+00  2.9865E-04  7.4994E-01  6.8224E-04  1.0017E+00  3.1494E-07
  7.7038E-01  2.5697E+00  2.9865E-04  7.4994E-01  6.8225E-04  1.0018E+00  3.1611E-07
  7.7277E-01  2.5777E+00  2.9865E-04  7.4994E-01  6.8225E-04  1.0018E+00  3.1726E-07
  7.7517E-01  2.5857E+00  2.9865E-04  7.4994E-01  6.8226E-04  1.0018E+00  3.1872E-07
  7.7757E-01  2.5937E+00  2.9865E-04  7.4994E-01  6.8226E-04  1.0018E+00  3.1995E-07
  7.7997E-01  2.6017E+00  2.9866E-04  7.4994E-01  6.8227E-04  1.0018E+00  3.2070E-07
  7.8237E-01  2.6097E+00  2.9866E-04  7.4994E-01  6.8228E-04  1.0018E+00  3.2166E-07
  7.8477E-01  2.6177E+00  2.9866E-04  7.4994E-01  6.8228E-04  1.0018E+00  3.2285E-07
  7.8716E-01  2.6257E+00  2.9866E-04  7.4994E-01  6.8229E-04  1.0018E+00  3.2379E-07
  7.8956E-01  2.6337E+00  2.9866E-04  7.4994E-01  6.8230E-04  1.0018E+00  3.2422E-07
  7.9196E-01  2.6417E+00  2.9866E-04  7.4994E-01  6.8231E-04  1.0018E+00  3.2479E-07
  7.9436E-01  2.6497E+00  2.9866E-04  7.4994E-01  6.8231E-04  1.0019E+00  3.2588E-07
  7.9676E-01  2.6577E+00  2.9866E-04  7.4994E-01  6.8232E-04  1.0019E+00  3.2656E-07
  7.9916E-01  2.6657E+00  2.9866E-04  7.4994E-01  6.8233E-04  1.0019E+00  3.2657E-07
  8.0155E-01  2.6737E+00  2.9867E-04  7.4994E-01  6.8234E-04  1.0019E+00  3.2668E-07
  8.0395E-01  2.6817E+00  2.9867E-04  7.4994E-01  6.8235E-04  1.0019E+00  3.2729E-07
  8.0635E-01  2.6897E+00  2.9867E-04  7.4994E-01  6.8236E-04  1.0019E+00  3.2778E-07
  8.0875E-01  2.6977E+00  2.9867E-04  7.4994E-01  6.8237E-04  1.0019E+00  3.2752E-07
  8.1115E-01  2.7057E+00  2.9867E-04  7.4994E-01  6.8238E-04  1.0020E+00  3.2727E-07
  8.1355E-01  2.7137E+00  2.9867E-04  7.4994E-01  6.8239E-04  1.0020E+00  3.2763E-07
  8.1594E-01  2.7217E+00  2.9867E-04  7.4994E-01  6.8240E-04  1.0020E+00  3.2767E-07
  8.1834E-01  2.7297E+00  2.9867E-04  7.4994E-01  6.8241E-04  1.0020E+00  3.2694E-07
  8.2074E-01  2.7377E+00  2.9867E-04  7.4994E-01  6.8242E-04  1.0020E+00  3.2613E-07
  8.2314E-01  2.7457E+00  2.9867E-04  7.4994E-01  6.8243E-04  1.0020E+00  3.2596E-07
  8.2554E-01  2.7537E+00  2.9868E-04  7.4994E-01  6.8244E-04  1.0020E+00  3.2575E-07
  8.2794E-01  2.7617E+00  2.9868E-04  7.4994E-01  6.8245E-04  1.0021E+00  3.2448E-07
  8.3033E-01  2.7697E+00  2.9868E-04  7.4994E-01  6.8247E-04  1.0021E+00  3.2300E-07
  8.3273E-01  2.7777E+00  2.9868E-04  7.4994E-01  6.8248E-04  1.0021E+00  3.2220E-07
  8.3513E-01  2.7857E+00  2.9868E-04  7.4994E-01  6.8249E-04  1.0021E+00  3.2137E-07
  8.3753E-01  2.7937E+00  2.9868E-04  7.4994E-01  6.8251E-04  1.0021E+00  3.1954E-07
  8.3993E-01  2.8017E+00  2.9868E-04  7.4994E-01  6.8252E-04  1.0022E+00  3.1726E-07
  8.4233E-01  2.8097E+00  2.9868E-04  7.4994E-01  6.8254E-04  1.0022E+00  3.1589E-07
  8.4472E-01  2.8177E+00  2.9868E-04  7.4994E-01  6.8255E-04  1.0022E+00  3.1441E-07
  8.4712E-01  2.8257E+00  2.9868E-04  7.4994E-01  6.8257E-04  1.0022E+00  3.1153E-07
  8.4952E-01  2.8337E+00  2.9869E-04  7.4994E-01  6.8259E-04  1.0023E+00  3.0836E-07
  8.5192E-01  2.8417E+00  2.9869E-04  7.4994E-01  6.8261E-04  1.0023E+00  3.0620E-07
  8.5432E-01  2.8497E+00  2.9869E-04  7.4994E-01  6.8262E-04  1.0023E+00  3.0412E-07
  8.5672E-01  2.8577E+00  2.9869E-04  7.4994E-01  6.8264E-04  1.0023E+00  3.0064E-07
  8.5911E-01  2.8657E+00  2.9869E-04  7.4994E-01  6.8266E-04  1.0024E+00  2.9664E-07
  8.6151E-01  2.8737E+00  2.9869E-04  7.4994E-01  6.8268E-04  1.0024E+00  2.9371E-07
  8.6391E-01  2.8817E+00  2.9869E-04  7.4994E-01  6.8270E-04  1.0024E+00  2.9048E-07
  8.6631E-01  2.8897E+00  2.9869E-04  7.4994E-01  6.8272E-04  1.0025E+00  2.8577E-07
  8.6871E-01  2.8977E+00  2.9869E-04  7.4994E-01  6.8275E-04  1.0025E+00  2.8069E-07
  8.7111E-01  2.9057E+00  2.9869E-04  7.4994E-01  6.8277E-04  1.0025E+00  2.7667E-07
  8.7350E-01  2.9137E+00  2.9870E-04  7.4994E-01  6.8279E-04  1.0026E+00  2.7258E-07
  8.7590E-01  2.9217E+00  2.9870E-04  7.4994E-01  6.8281E-04  1.0026E+00  2.6642E-07
  8.7830E-01  2.9297E+00  2.9870E-04  7.4994E-01  6.8284E-04  1.0026E+00  2.6005E-07
  8.8080E-01  2.9380E+00  2.9870E-04  7.4994E-01  6.8287E-04  1.0027E+00  2.5444E-07
  8.8320E-01  2.9460E+00  2.9870E-04  7.4994E-01  6.8290E-04  1.0027E+00  2.4835E-07
  8.8560E-01  2.9540E+00  2.9870E-04  7.4994E-01  6.8293E-04  1.0028E+00  2.4028E-07
  8.8800E-01  2.9620E+00  2.9870E-04  7.4994E-01  6.8296E-04  1.0028E+00  2.3221E-07
  8.9039E-01  2.9700E+00  2.9870E-04  7.4994E-01  6.8299E-04  1.0029E+00  2.2550E-07
  8.9279E-01  2.9780E+00  2.9870E-04  7.4994E-01  6.8302E-04  1.0029E+00  2.1757E-07
  8.9519E-01  2.9860E+00  2.9870E-04  7.4994E-01  6.8306E-04  1.0030E+00  2.0753E-07
  8.9759E-01  2.9940E+00  2.9871E-04  7.4994E-01  6.8310E-04  1.0030E+00  1.9751E-07
  8.9999E-01  3.0020E+00  2.9871E-04  7.4994E-01  6.8314E-04  1.0031E+00  1.8856E-07
  9.0239E-01  3.0100E+00  2.9871E-04  7.4994E-01  6.8317E-04  1.0031E+00  1.7875E-07
  9.0478E-01  3.0180E+00  2.9871E-04  7.4994E-01  6.8321E-04  1.0032E+00  1.6645E-07
  9.0718E-01  3.0260E+00  2.9871E-04  7.4994E-01  6.8326E-04  1.0032E+00  1.5463E-07
  9.0958E-01  3.0340E+00  2.9871E-04  7.4994E-01  6.8330E-04  1.0033E+00  1.4410E-07
  9.1198E-01  3.0420E+00  2.9871E-04  7.4994E-01  6.8334E-04  1.0034E+00  1.3179E-07
  9.1438E-01  3.0500E+00  2.9871E-04  7.4994E-01  6.8338E-04  1.0034E+00  1.1776E-07
  9.1678E-01  3.0580E+00  2.9871E-04  7.4994E-01  6.8344E-04  1.0035E+00  1.0321E-07
  9.1917E-01  3.0660E+00  2.9871E-04  7.4994E-01  6.8348E-04  1.0036E+00  9.0006E-08
  9.2157E-01  3.0740E+00  2.9871E-04  7.4995E-01  6.8353E-04  1.0036E+00  7.5236E-08
  9.2397E-01  3.0820E+00  2.9872E-04  7.4995E-01  6.8358E-04  1.0037E+00  5.7110E-08
  9.2637E-01  3.0900E+00  2.9872E-04  7.4995E-01  6.8364E-04  1.0038E+00  3.9617E-08
  9.2877E-01  3.0980E+00  2.9872E-04  7.4995E-01  6.8370E-04  1.0039E+00  2.0661E-08
  9.3117E-01  3.1060E+00  2.9872E-04  7.4995E-01  6.8378E-04  1.0040E+00 -3.6431E-09
  9.3356E-01  3.1140E+00  2.9872E-04  7.4995E-01  6.8387E-04  1.0041E+00 -3.1454E-08
  9.3596E-01  3.1220E+00  2.9872E-04  7.4995E-01  6.8397E-04  1.0043E+00 -5.8683E-08
  9.3836E-01  3.1300E+00  2.9872E-04  7.4995E-01  6.8404E-04  1.0044E+00 -8.1346E-08
  9.4076E-01  3.1380E+00  2.9872E-04  7.4995E-01  6.8412E-04  1.0045E+00 -1.0681E-07
  9.4316E-01  3.1460E+00  2.9872E-04  7.4995E-01  6.8421E-04  1.0046E+00 -1.3528E-07
  9.4556E-01  3.1540E+00  2.9872E-04  7.4995E-01  6.8429E-04  1.0048E+00 -1.6026E-07
  9.4795E-01  3.1620E+00  2.9872E-04  7.4995E-01  6.8435E-04  1.0049E+00 -1.8367E-07
  9.5035E-01  3.1700E+00  2.9872E-04  7.4995E-01  6.8442E-04  1.0050E+00 -2.1016E-07
  9.5275E-01  3.1780E+00  2.9873E-04  7.4995E-01  6.8449E-04  1.0051E+00 -2.3863E-07
  9.5515E-01  3.1860E+00  2.9873E-04  7.4995E-01  6.8457E-04  1.0052E+00 -2.6794E-07
  9.5755E-01  3.1940E+00  2.9873E-04  7.4995E-01  6.8466E-04  1.0053E+00 -3.0336E-07
  9.5995E-01  3.2020E+00  2.9873E-04  7.4995E-01  6.8479E-04  1.0055E+00 -3.4815E-07
  9.6234E-01  3.2100E+00  2.9873E-04  7.4995E-01  6.8493E-04  1.0057E+00 -3.9299E-07
  9.6474E-01  3.2180E+00  2.9873E-04  7.4995E-01  6.8505E-04  1.0059E+00 -4.3350E-07
  9.6714E-01  3.2260E+00  2.9873E-04  7.4995E-01  6.8515E-04  1.0060E+00 -4.7225E-07
  9.6954E-01  3.2340E+00  2.9873E-04  7.4995E-01  6.8525E-04  1.0062E+00 -5.1362E-07
  9.7194E-01  3.2420E+00  2.9873E-04  7.4995E-01  6.8536E-04  1.0063E+00 -5.5738E-07
  9.7434E-01  3.2500E+00  2.9873E-04  7.4995E-01  6.8545E-04  1.0065E+00 -6.0197E-07
  9.7673E-01  3.2580E+00  2.9873E-04  7.4995E-01  6.8560E-04  1.0067E+00 -6.6072E-07
  9.7913E-01  3.2660E+00  2.9873E-04  7.4995E-01  6.8581E-04  1.0070E+00 -7.3355E-07
  9.8153E-01  3.2740E+00  2.9873E-04  7.4995E-01  6.8603E-04  1.0073E+00 -8.0287E-07
  9.8393E-01  3.2820E+00  2.9873E-04  7.4995E-01  6.8622E-04  1.0076E+00 -8.7388E-07
  9.8633E-01  3.2900E+00  2.9874E-04  7.4995E-01  6.8648E-04  1.0080E+00 -9.6152E-07
  9.8873E-01  3.2980E+00  2.9874E-04  7.4995E-01  6.8680E-04  1.0084E+00 -1.0590E-06
  9.9112E-01  3.3060E+00  2.9874E-04  7.4995E-01  6.8710E-04  1.0089E+00 -1.1465E-06
  9.9352E-01  3.3140E+00  2.9874E-04  7.4995E-01  6.8730E-04  1.0092E+00 -1.2222E-06
  9.9592E-01  3.3220E+00  2.9874E-04  7.4995E-01  6.8748E-04  1.0094E+00 -1.3001E-06
  9.9832E-01  3.3300E+00  2.9874E-04  7.4995E-01  6.8766E-04  1.0097E+00 -1.3817E-06
  1.0007E+00  3.3380E+00  2.9874E-04  7.4995E-01  6.8785E-04  1.0100E+00 -1.4713E-06
  1.0031E+00  3.3460E+00  2.9874E-04  7.4995E-01  6.8810E-04  1.0104E+00 -1.5805E-06
  1.0055E+00  3.3540E+00  2.9874E-04  7.4995E-01  6.8845E-04  1.0109E+00 -1.7078E-06
  1.0079E+00  3.3620E+00  2.9874E-04  7.4995E-01  6.8887E-04  1.0115E+00 -1.8406E-06
  1.0103E+00  3.3700E+00  2.9874E-04  7.4995E-01  6.8919E-04  1.0120E+00 -1.9596E-06
  1.0127E+00  3.3780E+00  2.9874E-04  7.4995E-01  6.8946E-04  1.0123E+00 -2.0809E-06
  1.0151E+00  3.3860E+00  2.9874E-04  7.4995E-01  6.8974E-04  1.0128E+00 -2.2122E-06
  1.0175E+00  3.3940E+00  2.9874E-04  7.4995E-01  6.9002E-04  1.0132E+00 -2.3462E-06
  1.0199E+00  3.4020E+00  2.9874E-04  7.4995E-01  6.9034E-04  1.0136E+00 -2.4976E-06
  1.0223E+00  3.4100E+00  2.9874E-04  7.4995E-01  6.9076E-04  1.0143E+00 -2.6750E-06
  1.0247E+00  3.4180E+00  2.9875E-04  7.4995E-01  6.9127E-04  1.0150E+00 -2.8645E-06
  1.0272E+00  3.4264E+00  2.9875E-04  7.4995E-01  6.9176E-04  1.0157E+00 -3.0582E-06
  1.0296E+00  3.4344E+00  2.9875E-04  7.4995E-01  6.9220E-04  1.0164E+00 -3.2548E-06
  1.0320E+00  3.4424E+00  2.9875E-04  7.4995E-01  6.9270E-04  1.0171E+00 -3.4707E-06
  1.0344E+00  3.4504E+00  2.9875E-04  7.4995E-01  6.9322E-04  1.0179E+00 -3.6902E-06
  1.0368E+00  3.4584E+00  2.9875E-04  7.4995E-01  6.9371E-04  1.0186E+00 -3.9191E-06
  1.0392E+00  3.4664E+00  2.9875E-04  7.4995E-01  6.9419E-04  1.0193E+00 -4.1632E-06
  1.0416E+00  3.4744E+00  2.9875E-04  7.4995E-01  6.9475E-04  1.0201E+00 -4.4269E-06
  1.0440E+00  3.4824E+00  2.9875E-04  7.4995E-01  6.9536E-04  1.0210E+00 -4.7091E-06
  1.0464E+00  3.4904E+00  2.9875E-04  7.4995E-01  6.9597E-04  1.0219E+00 -5.0102E-06
  1.0488E+00  3.4984E+00  2.9875E-04  7.4995E-01  6.9676E-04  1.0230E+00 -5.3527E-06
  1.0512E+00  3.5064E+00  2.9875E-04  7.4995E-01  6.9769E-04  1.0244E+00 -5.7182E-06
  1.0536E+00  3.5144E+00  2.9875E-04  7.4995E-01  6.9854E-04  1.0257E+00 -6.0818E-06
  1.0560E+00  3.5224E+00  2.9875E-04  7.4995E-01  6.9929E-04  1.0268E+00 -6.4594E-06
  1.0584E+00  3.5304E+00  2.9875E-04  7.4995E-01  7.0007E-04  1.0279E+00 -6.8623E-06
  1.0608E+00  3.5384E+00  2.9875E-04  7.4995E-01  7.0092E-04  1.0291E+00 -7.2913E-06
  1.0632E+00  3.5464E+00  2.9875E-04  7.4995E-01  7.0169E-04  1.0303E+00 -7.7369E-06
  1.0656E+00  3.5544E+00  2.9875E-04  7.4995E-01  7.0253E-04  1.0315E+00 -8.2186E-06
  1.0680E+00  3.5624E+00  2.9875E-04  7.4995E-01  7.0357E-04  1.0330E+00 -8.7504E-06
  1.0704E+00  3.5704E+00  2.9875E-04  7.4995E-01  7.0457E-04  1.0345E+00 -9.2965E-06
  1.0728E+00  3.5784E+00  2.9875E-04  7.4995E-01  7.0550E-04  1.0358E+00 -9.8698E-06
  1.0752E+00  3.5864E+00  2.9875E-04  7.4995E-01  7.0654E-04  1.0373E+00 -1.0493E-05
  1.0776E+00  3.5944E+00  2.9875E-04  7.4995E-01  7.0768E-04  1.0390E+00 -1.1152E-05
  1.0800E+00  3.6024E+00  2.9875E-04  7.4996E-01  7.0875E-04  1.0405E+00 -1.1841E-05
  1.0824E+00  3.6104E+00  2.9875E-04  7.4996E-01  7.0977E-04  1.0420E+00 -1.2570E-05
  1.0848E+00  3.6184E+00  2.9875E-04  7.4996E-01  7.1099E-04  1.0438E+00 -1.3364E-05
  1.0872E+00  3.6264E+00  2.9874E-04  7.4996E-01  7.1222E-04  1.0456E+00 -1.4196E-05
  1.0896E+00  3.6344E+00  2.9874E-04  7.4996E-01  7.1329E-04  1.0471E+00 -1.5061E-05
  1.0920E+00  3.6424E+00  2.9874E-04  7.4996E-01  7.1443E-04  1.0488E+00 -1.5994E-05
  1.0944E+00  3.6504E+00  2.9874E-04  7.4996E-01  7.1568E-04  1.0506E+00 -1.6983E-05
  1.0968E+00  3.6584E+00  2.9874E-04  7.4996E-01  7.1682E-04  1.0522E+00 -1.8018E-05
  1.0992E+00  3.6664E+00  2.9874E-04  7.4996E-01  7.1787E-04  1.0537E+00 -1.9111E-05
  1.1015E+00  3.6744E+00  2.9874E-04  7.4996E-01  7.1901E-04  1.0553E+00 -2.0277E-05
  1.1039E+00  3.6824E+00  2.9874E-04  7.4996E-01  7.2021E-04  1.0571E+00 -2.1517E-05
  1.1063E+00  3.6904E+00  2.9873E-04  7.4996E-01  7.2124E-04  1.0585E+00 -2.2811E-05
  1.1087E+00  3.6984E+00  2.9873E-04  7.4996E-01  7.2225E-04  1.0599E+00 -2.4187E-05
  1.1111E+00  3.7064E+00  2.9873E-04  7.4996E-01  7.2335E-04  1.0615E+00 -2.5647E-05
  1.1135E+00  3.7144E+00  2.9873E-04  7.4996E-01  7.2438E-04  1.0629E+00 -2.7183E-05
  1.1159E+00  3.7224E+00  2.9872E-04  7.4996E-01  7.2537E-04  1.0643E+00 -2.8809E-05
  1.1183E+00  3.7304E+00  2.9872E-04  7.4996E-01  7.2645E-04  1.0657E+00 -3.0529E-05
  1.1207E+00  3.7384E+00  2.9872E-04  7.4996E-01  7.2744E-04  1.0671E+00 -3.2329E-05
  1.1231E+00  3.7464E+00  2.9871E-04  7.4996E-01  7.2785E-04  1.0676E+00 -3.4170E-05
  1.1255E+00  3.7544E+00  2.9871E-04  7.4996E-01  7.2752E-04  1.0670E+00 -3.6063E-05
  1.1279E+00  3.7624E+00  2.9870E-04  7.4997E-01  7.2684E-04  1.0658E+00 -3.8052E-05
  1.1303E+00  3.7704E+00  2.9870E-04  7.4997E-01  7.2640E-04  1.0650E+00 -4.0188E-05
  1.1327E+00  3.7784E+00  2.9869E-04  7.4997E-01  7.2656E-04  1.0650E+00 -4.2483E-05
  1.1351E+00  3.7864E+00  2.9869E-04  7.4997E-01  7.2719E-04  1.0658E+00 -4.4919E-05
  1.1375E+00  3.7944E+00  2.9868E-04  7.4997E-01  7.2788E-04  1.0665E+00 -4.7458E-05
  1.1399E+00  3.8024E+00  2.9868E-04  7.4997E-01  7.2822E-04  1.0668E+00 -5.0082E-05
  1.1423E+00  3.8104E+00  2.9867E-04  7.4997E-01  7.2806E-04  1.0663E+00 -5.2791E-05
  1.1447E+00  3.8184E+00  2.9866E-04  7.4997E-01  7.2764E-04  1.0653E+00 -5.5612E-05
  1.1471E+00  3.8264E+00  2.9865E-04  7.4997E-01  7.2712E-04  1.0642E+00 -5.8554E-05
  1.1495E+00  3.8344E+00  2.9865E-04  7.4997E-01  7.2641E-04  1.0628E+00 -6.1602E-05
  1.1519E+00  3.8424E+00  2.9864E-04  7.4997E-01  7.2535E-04  1.0608E+00 -6.4743E-05
  1.1543E+00  3.8504E+00  2.9863E-04  7.4997E-01  7.2413E-04  1.0586E+00 -6.8000E-05
  1.1567E+00  3.8584E+00  2.9862E-04  7.4997E-01  7.2258E-04  1.0558E+00 -7.1340E-05
  1.1591E+00  3.8664E+00  2.9861E-04  7.4998E-01  7.2037E-04  1.0521E+00 -7.4742E-05
  1.1615E+00  3.8744E+00  2.9860E-04  7.4998E-01  7.1793E-04  1.0479E+00 -7.8265E-05
  1.1639E+00  3.8824E+00  2.9859E-04  7.4998E-01  7.1579E-04  1.0442E+00 -8.1924E-05
  1.1663E+00  3.8904E+00  2.9857E-04  7.4998E-01  7.1398E-04  1.0408E+00 -8.5710E-05
  1.1687E+00  3.8984E+00  2.9856E-04  7.4998E-01  7.1215E-04  1.0374E+00 -8.9590E-05
  1.1711E+00  3.9064E+00  2.9855E-04  7.4998E-01  7.1052E-04  1.0342E+00 -9.3588E-05
  1.1736E+00  3.9147E+00  2.9853E-04  7.4998E-01  7.0916E-04  1.0314E+00 -9.7877E-05
  1.1760E+00  3.9227E+00  2.9852E-04  7.4998E-01  7.0787E-04  1.0286E+00 -1.0207E-04
  1.1784E+00  3.9307E+00  2.9850E-04  7.4998E-01  7.0666E-04  1.0258E+00 -1.0636E-04
  1.1808E+00  3.9387E+00  2.9849E-04  7.4998E-01  7.0540E-04  1.0230E+00 -1.1068E-04
  1.1832E+00  3.9467E+00  2.9847E-04  7.4998E-01  7.0388E-04  1.0197E+00 -1.1502E-04
  1.1856E+00  3.9547E+00  2.9845E-04  7.4998E-01  7.0230E-04  1.0162E+00 -1.1942E-04
  1.1880E+00  3.9627E+00  2.9844E-04  7.4999E-01  7.0111E-04  1.0133E+00 -1.2392E-04
  1.1904E+00  3.9707E+00  2.9842E-04  7.4999E-01  7.0029E-04  1.0109E+00 -1.2848E-04
  1.1928E+00  3.9787E+00  2.9840E-04  7.4999E-01  6.9941E-04  1.0083E+00 -1.3304E-04
  1.1952E+00  3.9867E+00  2.9838E-04  7.4999E-01  6.9876E-04  1.0060E+00 -1.3765E-04
  1.2000E+00  4.0028E+00  2.9834E-04  7.4999E-01  6.9816E-04  1.0022E+00 -1.4696E-04
