 -4.3830E-13 -2.4454E-13  1.2000E+00 -7.1780E-04 -4.3078E-04  1.0005E+09  4.0028E+00 -2.0000E-03   1   5
  3.7499E-04  2.1824E-06  3.7500E-04 -1.8788E+02  1.9648E+04  3.5448E+00  0.0000E+00 -2.0000E-03   1   3
 -2.1676E-06  3.7499E-04 -3.7500E-04 -1.9645E+04 -1.8625E+02 -3.3792E+00  0.0000E+00 -2.0000E-03   1   3
  7.4998E-04  4.3795E-06  7.5000E-04 -3.7805E+02  3.9297E+04  4.7358E+00  0.0000E+00 -2.0000E-03   1   3
 -4.3206E-06  7.4998E-04 -7.5000E-04 -3.9287E+04 -3.7181E+02 -5.7148E+00  0.0000E+00 -2.0000E-03   1   3
  1.1250E-03  6.5913E-06  1.1250E-03 -5.7026E+02  5.8947E+04  3.6735E+00  0.0000E+00 -2.0000E-03   1   3
 -6.4588E-06  1.1250E-03 -1.1250E-03 -5.8924E+04 -5.5626E+02 -6.8584E+00  0.0000E+00 -2.0000E-03   1   3
  1.1560E-03  1.0746E-03  6.2511E-04 -5.5622E+04  6.1102E+04  7.4093E+00  0.0000E+00 -2.0000E-03   1   5
  8.7104E-04  7.6422E-04  1.8390E-04 -3.9591E+04  4.5877E+04  1.0167E+03  0.0000E+00 -2.0000E-03   1   5
  6.7649E-04  5.4725E-04 -1.9612E-04 -2.8392E+04  3.5454E+04 -1.0124E+03  0.0000E+00 -2.0000E-03   1   5
  5.2009E-04  3.6839E-04 -6.3733E-04 -1.9165E+04  2.7041E+04  1.7208E+03  0.0000E+00 -2.0000E-03   1   5
  3.8422E-04  2.0858E-04  1.3069E-03 -1.0934E+04  1.9689E+04 -4.7306E+02  0.0000E+00 -2.0000E-03   1   5
  2.6058E-04  5.7953E-05  5.2362E-04 -3.1726E+03  1.2892E+04  4.8203E+02  0.0000E+00 -2.0000E-03   1   5
  1.4417E-04 -8.6819E-05  1.0712E-04  4.2598E+03  8.9643E+03 -1.7258E+03  0.0000E+00 -2.0000E-03   1   5
  3.1697E-05 -2.3783E-04 -2.7495E-04  1.2019E+04  2.3641E+03  2.2970E+03  0.0000E+00 -2.0000E-03   1   5
 -7.9537E-05 -3.9760E-04 -7.5195E-04  2.0200E+04 -3.7618E+03 -2.4152E+02  0.0000E+00 -2.0000E-03   1   5
 -1.9194E-04 -5.7624E-04  1.0477E-03  2.9294E+04 -9.8797E+03  7.3865E+02  0.0000E+00 -2.0000E-03   1   5
 -3.0466E-04 -7.9269E-04  4.3102E-04  4.3234E+04 -1.5980E+04 -1.3298E+03  0.0000E+00 -2.0000E-03   1   5
 -4.2815E-04 -1.1020E-03  3.1506E-05  5.8698E+04 -2.2669E+04  1.3297E+03  0.0000E+00 -2.0000E-03   1   5
 -5.8239E-04  1.8913E-03 -3.5688E-04 -9.8390E+04 -3.1678E+04 -7.4640E+02  0.0000E+00 -2.0000E-03   1   5
 -7.3488E-04  1.0340E-03 -8.8735E-04 -5.3653E+04 -3.7499E+04  2.3144E+02  0.0000E+00 -2.0000E-03   1   5
 -9.2901E-04  7.3528E-04  8.7513E-04 -3.8148E+04 -4.8211E+04 -2.2967E+03  0.0000E+00 -2.0000E-03   1   5
 -1.2145E-03  5.2182E-04  3.4466E-04 -2.7070E+04 -6.3440E+04  2.7957E+03  0.0000E+00 -2.0000E-03   1   5
  2.0203E-03  3.6459E-04 -4.3725E-05 -1.9582E+04  1.0583E+05 -1.2436E+02  0.0000E+00 -2.0000E-03   1   5
  1.1379E-03  2.0140E-04 -4.4324E-04 -1.1027E+04  5.9368E+04  8.6149E+02  0.0000E+00 -2.0000E-03   1   5
  8.6075E-04  5.0382E-05 -1.0599E-03 -3.2404E+03  4.4584E+04 -1.1718E+03  0.0000E+00 -2.0000E-03   1   5
  6.6889E-04 -9.7813E-05  7.3973E-04  4.3438E+03  3.4174E+04  1.5180E+03  0.0000E+00 -2.0000E-03   1   5
  5.1372E-04 -2.4635E-04  2.6273E-04  1.1836E+04  2.8008E+04 -6.0738E+02  0.0000E+00 -2.0000E-03   1   5
  3.8189E-04 -4.0751E-04 -1.1934E-04  2.2736E+04  2.0648E+04  3.5673E+02  0.0000E+00 -2.0000E-03   1   5
  2.5838E-04 -5.8828E-04 -5.3584E-04  3.1614E+04  1.3907E+04 -1.9812E+03  0.0000E+00 -2.0000E-03   1   5
  1.4257E-04 -8.0908E-04 -1.3191E-03  4.2921E+04  7.6223E+03  1.9714E+03  0.0000E+00 -2.0000E-03   1   5
  3.1287E-05 -1.1312E-03  6.0393E-04  5.9642E+04  1.6069E+03 -3.5121E+02  0.0000E+00 -2.0000E-03   1   5
 -9.7300E-05  1.7010E-03  1.6841E-04 -8.8914E+04 -5.9519E+03  5.9770E+02  0.0000E+00 -2.0000E-03   1   5
 -2.0672E-04  1.0058E-03 -2.1169E-04 -5.2615E+04 -1.1993E+04 -1.5242E+03  0.0000E+00 -2.0000E-03   1   5
 -3.2262E-04  7.2100E-04 -6.5902E-04 -3.7839E+04 -1.6088E+04  1.1632E+03  0.0000E+00 -2.0000E-03   1   5
 -4.4658E-04  5.1206E-04  1.2423E-03 -2.7036E+04 -2.2992E+04 -8.6305E+02  0.0000E+00 -2.0000E-03   1   5
 -5.8326E-04  3.3707E-04  5.0449E-04 -1.8022E+04 -3.0408E+04  1.2393E+02  0.0000E+00 -2.0000E-03   1   5
 -7.4145E-04  1.7905E-04  9.1927E-05 -9.9314E+03 -3.8918E+04 -2.7900E+03  0.0000E+00 -2.0000E-03   1   5
 -9.3978E-04  2.8951E-05 -2.9105E-04 -2.3549E+03 -4.9534E+04  3.2329E+03  0.0000E+00 -2.0000E-03   1   5
 -1.2321E-03 -1.1980E-04 -7.7703E-04  7.8452E+03 -6.5100E+04 -7.1547E+01  0.0000E+00 -2.0000E-03   1   5
  1.8435E-03 -2.5294E-04  1.0088E-03  1.3729E+04  9.5579E+04  9.4239E+02  0.0000E+00 -2.0000E-03   1   5
  1.1215E-03 -4.1577E-04  4.1332E-04  2.2125E+04  5.9708E+04 -1.0835E+03  0.0000E+00 -2.0000E-03   1   5
  8.5258E-04 -5.9968E-04  1.6453E-05  3.1615E+04  4.5247E+04  1.6151E+03  0.0000E+00 -2.0000E-03   1   5
  6.6417E-04 -8.2557E-04 -3.7375E-04  4.3313E+04  3.5133E+04 -5.4509E+02  0.0000E+00 -2.0000E-03   1   5
  5.1173E-04 -1.1625E-03 -9.1808E-04  6.0823E+04  2.6954E+04  4.0941E+02  0.0000E+00 -2.0000E-03   1   5
  3.6082E-04  1.5826E-03  8.4581E-04 -8.3130E+04  1.8283E+04 -1.8441E+03  0.0000E+00 -2.0000E-03   1   5
  2.4089E-04  9.8144E-04  3.2797E-04 -5.1766E+04  1.1801E+04  2.1245E+03  0.0000E+00 -2.0000E-03   1   5
  1.2586E-04  7.0315E-04 -5.8792E-05 -3.7341E+04  5.2463E+03 -3.0386E+02  0.0000E+00 -2.0000E-03   1   5
  1.3914E-05  5.0081E-04 -4.6119E-04 -2.6953E+04  1.4199E+03  6.6690E+02  0.0000E+00 -2.0000E-03   1   5
 -9.7401E-05  3.2762E-04 -1.1019E-03 -1.8198E+04 -4.7500E+03 -1.4246E+03  0.0000E+00 -2.0000E-03   1   5
 -2.0720E-04  1.7073E-04  7.1546E-04 -7.6531E+03 -1.0735E+04  1.2494E+03  0.0000E+00 -2.0000E-03   1   5
 -3.2460E-04  2.1436E-05  2.4676E-04 -2.7891E+02 -1.7110E+04 -7.9998E+02  0.0000E+00 -2.0000E-03   1   5
 -4.4954E-04 -1.2640E-04 -1.3457E-04  7.2382E+03 -2.3890E+04  1.7333E+02  0.0000E+00 -2.0000E-03   1   5
 -5.8736E-04 -2.7856E-04 -5.5532E-04  1.5041E+04 -3.1408E+04 -2.5187E+03  0.0000E+00 -2.0000E-03   1   5
 -7.4717E-04 -4.4239E-04 -1.3952E-03  2.3479E+04 -4.0474E+04  2.5090E+03  0.0000E+00 -2.0000E-03   1   5
 -9.4849E-04 -6.2379E-04  5.8322E-04  3.2858E+04 -4.7696E+04 -1.7846E+02  0.0000E+00 -2.0000E-03   1   5
 -1.2536E-03 -8.5633E-04  1.5299E-04  4.4946E+04 -6.4816E+04  7.9679E+02  0.0000E+00 -2.0000E-03   1   5
  1.7346E-03 -1.1916E-03 -2.2735E-04  6.1802E+04  9.1476E+04 -1.2564E+03  0.0000E+00 -2.0000E-03   1   5
  1.0891E-03  1.4966E-03 -6.8128E-04 -7.9109E+04  5.6882E+04  1.4099E+03  0.0000E+00 -2.0000E-03   1   5
  8.2952E-04  9.5942E-04  1.1858E-03 -5.1162E+04  4.3136E+04 -6.6574E+02  0.0000E+00 -2.0000E-03   1   5
  6.4402E-04  6.8966E-04  4.8569E-04 -3.7354E+04  3.3199E+04  2.9362E+02  0.0000E+00 -2.0000E-03   1   5
  4.9524E-04  4.8765E-04  7.6778E-05 -2.4452E+04  2.5106E+04 -2.1247E+03  0.0000E+00 -2.0000E-03   1   5
  3.6177E-04  3.1897E-04 -3.0729E-04 -1.6028E+04  2.0256E+04  1.8480E+03  0.0000E+00 -2.0000E-03   1   5
  2.3964E-04  1.6233E-04 -8.0300E-04 -8.0382E+03  1.3180E+04 -4.2064E+02  0.0000E+00 -2.0000E-03   1   5
  1.2411E-04  1.3291E-05  9.7240E-04 -4.0053E+02  6.8321E+03  5.4592E+02  0.0000E+00 -2.0000E-03   1   5
  1.2039E-05 -1.3460E-04  3.9585E-04  7.2025E+03  7.2590E+02 -1.6125E+03  0.0000E+00 -2.0000E-03   1   5
 -9.9205E-05 -2.8710E-04  1.4104E-06  1.5055E+04 -5.3240E+03  1.0872E+03  0.0000E+00 -2.0000E-03   1   5
 -2.1207E-04 -4.5137E-04 -3.9081E-04  2.3523E+04 -1.1481E+04 -9.4064E+02  0.0000E+00 -2.0000E-03   1   5
 -3.2927E-04 -6.3900E-04 -9.5042E-04  3.3204E+04 -1.7958E+04  5.5116E+01  0.0000E+00 -2.0000E-03   1   5
 -4.5416E-04 -8.7206E-04  8.1774E-04  4.5253E+04 -2.2472E+04 -3.2294E+03  0.0000E+00 -2.0000E-03   1   5
 -5.9175E-04 -1.2445E-03  3.1144E-04  6.4560E+04 -3.0179E+04  3.6256E+03  0.0000E+00 -2.0000E-03   1   5
 -7.6993E-04  1.4129E-03 -7.3881E-05 -7.5044E+04 -4.0322E+04 -2.8687E+01  0.0000E+00 -2.0000E-03   1   5
 -9.7017E-04  9.2420E-04 -4.7941E-04 -4.7118E+04 -5.0959E+04  9.6437E+02  0.0000E+00 -2.0000E-03   1   5
 -1.2868E-03  6.6166E-04 -1.1476E-03 -3.3692E+04 -6.7733E+04 -1.0585E+03  0.0000E+00 -2.0000E-03   1   5
  1.6420E-03  4.8075E-04  6.9193E-04 -2.5001E+04  8.5460E+04  1.6727E+03  0.0000E+00 -2.0000E-03   1   5
  1.0776E-03  3.0808E-04  2.3089E-04 -1.6030E+04  5.5507E+04 -5.0789E+02  0.0000E+00 -2.0000E-03   1   5
  8.2288E-04  1.5462E-04 -1.4986E-04 -8.1194E+03  4.4120E+04  4.4646E+02  0.0000E+00 -2.0000E-03   1   5
  6.3958E-04  5.2490E-06 -5.7517E-04 -4.1484E+02  3.4054E+04 -1.7886E+03  0.0000E+00 -2.0000E-03   1   5
  4.8895E-04 -1.4307E-04 -1.4891E-03  7.2235E+03  2.5884E+04  2.2058E+03  0.0000E+00 -2.0000E-03   1   5
  3.5656E-04 -2.9625E-04  1.4769E-03  1.5108E+04  1.8736E+04 -2.6167E+02  0.0000E+00 -2.0000E-03   1   5
  2.3502E-04 -4.6185E-04  5.6296E-04  2.3619E+04  1.2145E+04  7.0477E+02  0.0000E+00 -2.0000E-03   1   5
  1.1995E-04 -6.5193E-04  1.3764E-04  3.3355E+04  5.8586E+03 -1.3718E+03  0.0000E+00 -2.0000E-03   1   5
  8.2074E-06 -8.9352E-04 -2.4311E-04  4.5605E+04 -4.0013E+02  1.2901E+03  0.0000E+00 -2.0000E-03   1   5
 -9.8782E-05 -1.2847E-03 -7.0415E-04  6.8386E+04 -3.9974E+03 -7.7851E+02  0.0000E+00 -2.0000E-03   1   5
 -2.2836E-04  1.3544E-03  1.1354E-03 -7.0226E+04 -1.1719E+04  2.1004E+02  0.0000E+00 -2.0000E-03   1   5
 -3.4439E-04  9.0403E-04  4.6719E-04 -4.6833E+04 -1.7998E+04 -2.3981E+03  0.0000E+00 -2.0000E-03   1   5
 -4.6982E-04  6.4978E-04  6.1661E-05 -3.3670E+04 -2.4772E+04  2.6411E+03  0.0000E+00 -2.0000E-03   1   5
 -6.0935E-04  4.5413E-04 -3.2366E-04 -2.3557E+04 -3.2299E+04 -1.5225E+02  0.0000E+00 -2.0000E-03   1   5
 -7.7264E-04  2.8548E-04 -8.2996E-04 -1.4846E+04 -4.1119E+04  8.2756E+02  0.0000E+00 -2.0000E-03   1   5
 -9.8156E-04  1.3005E-04  9.3820E-04 -6.8196E+03 -5.2555E+04 -1.2005E+03  0.0000E+00 -2.0000E-03   1   5
 -1.3111E-03 -1.6976E-05  3.7859E-04  7.6186E+02 -6.7848E+04  1.4705E+03  0.0000E+00 -2.0000E-03   1   5
  1.5771E-03 -1.4793E-04 -1.3630E-05  6.9001E+03  8.3116E+04 -6.4284E+02  0.0000E+00 -2.0000E-03   1   5
  1.0611E-03 -3.0411E-04 -4.0806E-04  1.4927E+04  5.5821E+04  3.1555E+02  0.0000E+00 -2.0000E-03   1   5
  8.1258E-04 -4.7179E-04 -9.8462E-04  2.3284E+04  4.2572E+04 -2.0585E+03  0.0000E+00 -2.0000E-03   1   5
  6.3515E-04 -6.6479E-04  7.9078E-04  3.5745E+04  3.3084E+04  1.9170E+03  0.0000E+00 -2.0000E-03   1   5
  4.8624E-04 -9.1261E-04  2.9507E-04  4.8415E+04  2.5009E+04 -3.7904E+02  0.0000E+00 -2.0000E-03   1   5
  3.5607E-04 -1.3326E-03 -8.8997E-05  7.0223E+04  1.7669E+04  5.7655E+02  0.0000E+00 -2.0000E-03   1   5
  2.1882E-04  1.3034E-03 -4.9790E-04 -6.8058E+04  1.2002E+04 -1.5662E+03  0.0000E+00 -2.0000E-03   1   5
  1.0548E-04  8.8378E-04 -1.1981E-03 -4.6203E+04  5.7749E+03  1.1199E+03  0.0000E+00 -2.0000E-03   1   5
 -5.8619E-06  6.3625E-04  6.6906E-04 -3.3388E+04 -2.8635E+02 -8.9835E+02  0.0000E+00 -2.0000E-03   1   5
 -1.1692E-04  4.4358E-04  2.1513E-04 -2.3429E+04 -6.3177E+03  8.9905E+01  0.0000E+00 -2.0000E-03   1   5
 -2.3014E-04  2.7668E-04 -1.6521E-04 -1.4833E+04 -1.2481E+04 -2.9831E+03  0.0000E+00 -2.0000E-03   1   5
 -3.4828E-04  1.2278E-04 -5.9544E-04 -6.9435E+03 -1.8970E+04  2.9773E+03  0.0000E+00 -2.0000E-03   1   5
 -4.7506E-04 -2.6181E-05  1.3830E-03  6.2972E+02 -2.6360E+04 -8.3084E+01  0.0000E+00 -2.0000E-03   1   5
 -6.1638E-04 -1.7062E-04  5.4310E-04  7.6738E+03 -3.0549E+04  9.1169E+02  0.0000E+00 -2.0000E-03   1   5
 -7.7862E-04 -3.2631E-04  1.2235E-04  1.8219E+04 -4.0026E+04 -1.1324E+03  0.0000E+00 -2.0000E-03   1   5
 -9.9163E-04 -4.9530E-04 -2.5898E-04  2.6787E+04 -5.1494E+04  1.5561E+03  0.0000E+00 -2.0000E-03   1   5
 -1.3348E-03 -6.9211E-04 -7.2768E-04  3.6939E+04 -6.9697E+04 -5.8153E+02  0.0000E+00 -2.0000E-03   1   5
  1.5261E-03 -9.2901E-04  1.0897E-03  4.8655E+04  8.0001E+04  3.8782E+02  0.0000E+00 -2.0000E-03   1   5
  1.0505E-03 -1.3815E-03  4.4897E-04  7.2294E+04  5.4891E+04 -1.9067E+03  0.0000E+00 -2.0000E-03   1   5
  7.9206E-04  1.2569E-03  4.6573E-05 -6.6062E+04  4.0498E+04  2.0422E+03  0.0000E+00 -2.0000E-03   1   5
  6.1526E-04  8.6552E-04 -3.4019E-04 -4.5690E+04  3.3395E+04 -3.2441E+02  0.0000E+00 -2.0000E-03   1   5
  4.6787E-04  6.2344E-04 -8.5803E-04 -3.3144E+04  2.5037E+04  6.3026E+02  0.0000E+00 -2.0000E-03   1   5
  3.3714E-04  4.3329E-04  9.0586E-04 -2.3367E+04  1.7904E+04 -1.4620E+03  0.0000E+00 -2.0000E-03   1   5
  2.1647E-04  2.6769E-04  3.6153E-04 -1.4936E+04  1.1352E+04  1.2067E+03  0.0000E+00 -2.0000E-03   1   5
  1.0130E-04  1.1454E-04 -2.8673E-05 -7.5040E+03  5.0927E+03 -8.3616E+02  0.0000E+00 -2.0000E-03   1   5
 -7.3420E-06 -3.3488E-05 -4.2554E-04  2.7030E+03 -8.3171E+02  1.4369E+02  0.0000E+00 -2.0000E-03   1   5
 -1.1890E-04 -1.8230E-04 -1.0210E-03  1.0211E+04 -7.0268E+03 -2.6474E+03  0.0000E+00 -2.0000E-03   1   5
 -2.3244E-04 -3.3488E-04  7.6481E-04  1.8005E+04 -1.0972E+04  2.4038E+03  0.0000E+00 -2.0000E-03   1   5
 -3.5086E-04 -5.0509E-04  2.7884E-04  2.6768E+04 -1.7696E+04 -2.0698E+02  0.0000E+00 -2.0000E-03   1   5
 -4.7790E-04 -7.0373E-04 -1.0415E-04  3.7036E+04 -2.4623E+04  7.6279E+02  0.0000E+00 -2.0000E-03   1   5
 -6.1921E-04 -9.6530E-04 -5.1671E-04  5.0606E+04 -3.2233E+04 -1.2934E+03  0.0000E+00 -2.0000E-03   1   5
 -7.8455E-04 -1.4538E-03 -1.2545E-03  7.6051E+04 -4.1048E+04  1.3667E+03  0.0000E+00 -2.0000E-03   1   5
 -1.0179E-03  1.2033E-03  6.4680E-04 -6.3275E+04 -5.4074E+04 -6.9897E+02  0.0000E+00 -2.0000E-03   1   5
 -1.3754E-03  8.2972E-04  1.9947E-04 -4.3837E+04 -7.3141E+04  2.6458E+02  0.0000E+00 -2.0000E-03   1   5
  1.4665E-03  6.1383E-04 -1.8063E-04 -3.3338E+04  7.7736E+04 -2.2182E+03  0.0000E+00 -2.0000E-03   1   5
  1.0205E-03  4.2413E-04 -6.1614E-04 -2.4077E+04  5.3914E+04  1.7703E+03  0.0000E+00 -2.0000E-03   1   5
  7.8875E-04  2.5921E-04  6.2083E-04 -1.1551E+04  4.1540E+04 -4.3352E+02  0.0000E+00 -2.0000E-03   1   5
  6.1160E-04  1.0631E-04  1.8080E-04 -4.7766E+03  3.2024E+04  5.1490E+02  0.0000E+00 -2.0000E-03   1   5
  4.6478E-04 -4.1784E-05 -1.9923E-04  2.7180E+03  2.4104E+04 -1.6695E+03  0.0000E+00 -2.0000E-03   1   5
  3.3461E-04 -1.9089E-04 -6.4162E-04  1.0345E+04  1.7017E+04  1.0457E+03  0.0000E+00 -2.0000E-03   1   5
  2.1447E-04 -3.4718E-04  1.2932E-03  1.8383E+04  1.0303E+04 -9.6950E+02  0.0000E+00 -2.0000E-03   1   5
  1.0016E-04 -5.1600E-04  5.1976E-04  2.7078E+04  6.2661E+03  3.0283E+01  0.0000E+00 -2.0000E-03   1   5
 -1.1190E-05 -7.1788E-04  1.0408E-04  3.7519E+04  4.1036E+01 -3.6287E+03  0.0000E+00 -2.0000E-03   1   5
 -1.2195E-04 -9.8718E-04 -2.7816E-04  5.1486E+04 -5.9988E+03  3.9852E+03  0.0000E+00 -2.0000E-03   1   5
 -2.3349E-04 -1.5236E-03 -7.5690E-04  7.9428E+04 -1.1994E+04 -2.2392E+01  0.0000E+00 -2.0000E-03   1   5
 -3.6895E-04  1.1676E-03  1.0397E-03 -6.1756E+04 -1.9855E+04  9.9649E+02  0.0000E+00 -2.0000E-03   1   5
 -4.9585E-04  8.1431E-04  4.2746E-04 -4.3513E+04 -2.6739E+04 -1.0276E+03  0.0000E+00 -2.0000E-03   1   5
 -6.3516E-04  5.8350E-04  2.8494E-05 -2.8830E+04 -3.4492E+04  1.6846E+03  0.0000E+00 -2.0000E-03   1   5
 -8.0492E-04  4.0076E-04 -3.6024E-04 -1.9983E+04 -4.1401E+04 -4.9993E+02  0.0000E+00 -2.0000E-03   1   5
 -1.0266E-03  2.3698E-04 -8.9338E-04 -1.1640E+04 -5.3367E+04  4.5427E+02  0.0000E+00 -2.0000E-03   1   5
 -1.4029E-03  8.3375E-05  8.6916E-04 -3.7234E+03 -7.3353E+04 -1.7527E+03  0.0000E+00 -2.0000E-03   1   5
  1.4282E-03 -4.7225E-05  3.4131E-04  2.4224E+03  7.4767E+04  2.2567E+03  0.0000E+00 -2.0000E-03   1   5
  1.0092E-03 -1.9830E-04 -4.6737E-05  1.0257E+04  5.2581E+04 -2.5202E+02  0.0000E+00 -2.0000E-03   1   5
  7.7798E-04 -3.5596E-04 -4.4681E-04  1.8403E+04  4.0173E+04  7.1311E+02  0.0000E+00 -2.0000E-03   1   5
  6.0454E-04 -5.2982E-04 -1.0680E-03  2.7379E+04  3.0498E+04 -1.3573E+03  0.0000E+00 -2.0000E-03   1   5
  4.5948E-04 -7.3226E-04  7.3482E-04  3.7830E+04  2.4980E+04  1.3100E+03  0.0000E+00 -2.0000E-03   1   5
  3.3076E-04 -1.0104E-03  2.5953E-04  5.2215E+04  1.7922E+04 -7.5241E+02  0.0000E+00 -2.0000E-03   1   5
  2.1343E-04 -1.6114E-03 -1.2238E-04  8.3417E+04  1.1613E+04  2.1474E+02  0.0000E+00 -2.0000E-03   1   5
  8.5610E-05  1.1337E-03 -5.3970E-04 -5.7962E+04  4.1710E+03 -2.3558E+03  0.0000E+00 -2.0000E-03   1   5
 -2.5382E-05  7.9703E-04 -1.3333E-03 -4.0897E+04 -1.8460E+03  2.7088E+03  0.0000E+00 -2.0000E-03   1   5
 -1.3664E-04  5.7154E-04  5.9975E-04 -2.9348E+04 -7.9708E+03 -1.3086E+02  0.0000E+00 -2.0000E-03   1   5
 -2.5042E-04  3.8806E-04  1.6532E-04 -1.9910E+04 -1.4709E+04  8.4686E+02  0.0000E+00 -2.0000E-03   1   5
 -3.6971E-04  2.3025E-04 -2.1482E-04 -1.1810E+04 -1.7787E+04 -1.1842E+03  0.0000E+00 -2.0000E-03   1   5
 -4.9835E-04  7.7966E-05 -6.6343E-04 -3.9630E+03 -2.5425E+04  1.4860E+03  0.0000E+00 -2.0000E-03   1   5
 -6.4257E-04 -7.0064E-05  1.2304E-03  3.6668E+03 -3.3299E+04 -6.1437E+02  0.0000E+00 -2.0000E-03   1   5
 -8.1394E-04 -2.2002E-04  5.0070E-04  1.1392E+04 -4.2515E+04  3.4560E+02  0.0000E+00 -2.0000E-03   1   5
 -1.0402E-03 -3.7842E-04  8.8894E-05  1.9551E+04 -5.4588E+04 -2.0099E+03  0.0000E+00 -2.0000E-03   1   5
 -1.4362E-03 -5.5488E-04 -2.9429E-04  2.8649E+04 -7.5573E+04  1.9414E+03  0.0000E+00 -2.0000E-03   1   5
  1.3914E-03 -7.4663E-04 -7.8215E-04  3.7851E+04  7.2247E+04 -3.8132E+02  0.0000E+00 -2.0000E-03   1   5
  9.9925E-04 -1.0327E-03  1.0013E-03  5.5255E+04  5.3857E+04  5.8996E+02  0.0000E+00 -2.0000E-03   1   5
  7.7569E-04 -1.7290E-03  4.0981E-04  9.1262E+04  4.1616E+04 -1.5420E+03  0.0000E+00 -2.0000E-03   1   5
  5.8688E-04  1.1029E-03  1.3444E-05 -5.7348E+04  3.0866E+04  1.1466E+03  0.0000E+00 -2.0000E-03   1   5
  4.4363E-04  7.8054E-04 -3.7715E-04 -4.0622E+04  2.3159E+04 -8.8905E+02  0.0000E+00 -2.0000E-03   1   5
  3.1539E-04  5.5967E-04 -9.2441E-04 -2.9192E+04  1.6229E+04  9.6989E+01  0.0000E+00 -2.0000E-03   1   5
  1.9619E-04  3.7898E-04  8.4010E-04 -1.9871E+04  9.7441E+03 -2.8776E+03  0.0000E+00 -2.0000E-03   1   5
  8.2337E-05  2.1807E-04  3.2465E-04 -1.1573E+04  3.4265E+03  3.0967E+03  0.0000E+00 -2.0000E-03   1   5
 -2.9166E-05  6.9838E-05 -6.1808E-05 -3.9624E+03 -4.2028E+02 -7.3281E+01  0.0000E+00 -2.0000E-03   1   5
 -1.4077E-04 -7.8132E-05 -4.6481E-04  3.6297E+03 -6.7786E+03  9.1783E+02  0.0000E+00 -2.0000E-03   1   5
 -2.5503E-04 -2.2820E-04 -1.1107E-03  1.1286E+04 -1.3041E+04 -1.1108E+03  0.0000E+00 -2.0000E-03   1   5
 -3.7492E-04 -3.8699E-04  7.1070E-04  1.9289E+04 -1.9555E+04  1.5978E+03  0.0000E+00 -2.0000E-03   1   5
 -5.0119E-04 -5.6372E-04  2.4358E-04  3.0878E+04 -2.6375E+04 -5.5799E+02  0.0000E+00 -2.0000E-03   1   5
 -6.4661E-04 -7.7634E-04 -1.3763E-04  4.1578E+04 -3.4239E+04  3.9778E+02  0.0000E+00 -2.0000E-03   1   5
 -8.1944E-04 -1.0746E-03 -5.5926E-04  5.6980E+04 -4.3653E+04 -1.8810E+03  0.0000E+00 -2.0000E-03   1   5
 -1.0468E-03 -1.9323E-03 -1.4123E-03  1.0173E+05 -5.3466E+04  2.0755E+03  0.0000E+00 -2.0000E-03   1   5
 -1.4922E-03  2.4950E-03  5.7913E-04 -1.3032E+05 -7.8138E+04 -3.1599E+02  0.0000E+00 -2.0000E-03   1   5
  1.3464E-03  1.0727E-03  1.4992E-04 -5.6452E+04  7.0590E+04  6.4999E+02  0.0000E+00 -2.0000E-03   1   5
  9.7108E-04  7.6285E-04 -2.3050E-04 -4.0297E+04  5.0724E+04 -1.4483E+03  0.0000E+00 -2.0000E-03   1   5
  7.4991E-04  5.4608E-04 -6.8580E-04 -2.9059E+04  3.8919E+04  1.2172E+03  0.0000E+00 -2.0000E-03   1   5
  5.8074E-04  3.6731E-04  1.1753E-03 -1.9856E+04  2.9801E+04 -8.1366E+02  0.0000E+00 -2.0000E-03   1   5
  4.3767E-04  2.0723E-04  4.8196E-04 -1.1668E+04  2.1873E+04  1.6198E+02  0.0000E+00 -2.0000E-03   1   5
  3.0945E-04  5.9350E-05  7.3752E-05 -4.2760E+03  1.7104E+04 -2.5777E+03  0.0000E+00 -2.0000E-03   1   5
  1.9345E-04 -8.8497E-05 -3.1055E-04  5.7776E+03  1.0646E+04  2.4550E+03  0.0000E+00 -2.0000E-03   1   5
  7.9411E-05 -2.3901E-04 -8.0831E-04  1.3259E+04  4.4118E+03 -1.9656E+02  0.0000E+00 -2.0000E-03   1   5
 -3.2029E-05 -3.9878E-04  9.6540E-04  2.1413E+04 -1.6468E+03  7.8851E+02  0.0000E+00 -2.0000E-03   1   5
 -1.4355E-04 -5.7753E-04  3.9238E-04  3.0609E+04 -7.7137E+03 -1.2622E+03  0.0000E+00 -2.0000E-03   1   5
 -2.5760E-04 -7.9439E-04 -1.5978E-06  4.1823E+04 -1.3954E+04  1.3995E+03  0.0000E+00 -2.0000E-03   1   5
 -3.7686E-04 -1.1050E-03 -3.9424E-04  5.7957E+04 -2.0671E+04 -6.8250E+02  0.0000E+00 -2.0000E-03   1   5
 -5.2499E-04  1.8736E-03 -9.5711E-04 -9.8225E+04 -2.7021E+04  2.7263E+02  0.0000E+00 -2.0000E-03   1   5
 -6.6778E-04  1.0311E-03  8.1226E-04 -5.4245E+04 -3.4746E+04 -2.1619E+03  0.0000E+00 -2.0000E-03   1   5
 -8.4276E-04  7.3386E-04  3.0816E-04 -3.8821E+04 -4.4133E+04  1.8185E+03  0.0000E+00 -2.0000E-03   1   5
 -1.0791E-03  5.2106E-04 -7.6902E-05 -2.7863E+04 -5.6721E+04 -4.3044E+02  0.0000E+00 -2.0000E-03   1   5
 -1.5247E-03  3.4264E-04 -4.8308E-04 -1.8829E+04 -8.0292E+04  5.2329E+02  0.0000E+00 -2.0000E-03   1   5
  1.3198E-03  2.0096E-04 -1.1573E-03 -9.6409E+03  6.8442E+04 -1.6481E+03  0.0000E+00 -2.0000E-03   1   5
  9.6076E-04  4.9216E-05  6.8730E-04 -2.0206E+03  4.9048E+04  1.0749E+03  0.0000E+00 -2.0000E-03   1   5
  7.4353E-04 -9.6301E-05  2.2773E-04  5.3969E+03  3.9738E+04 -9.5332E+02  0.0000E+00 -2.0000E-03   1   5
  5.7626E-04 -2.4769E-04 -1.5293E-04  1.3173E+04  3.0640E+04  4.2566E+01  0.0000E+00 -2.0000E-03   1   5
  4.3437E-04 -4.0872E-04 -5.7919E-04  2.1469E+04  2.2962E+04 -3.4041E+03  0.0000E+00 -2.0000E-03   1   5
  3.0731E-04 -5.8957E-04  1.4562E-03  3.0813E+04  1.6098E+04  3.4033E+03  0.0000E+00 -2.0000E-03   1   5
  1.8919E-04 -8.1075E-04  5.5895E-04  4.2268E+04  9.6839E+03 -3.8565E+01  0.0000E+00 -2.0000E-03   1   5
  7.6664E-05 -1.1341E-03  1.3458E-04  5.9065E+04  3.5111E+03  9.6154E+02  0.0000E+00 -2.0000E-03   1   5
 -5.1976E-05  1.6890E-03 -2.4628E-04 -8.9019E+04 -4.6186E+03 -1.0832E+03  0.0000E+00 -2.0000E-03   1   5
 -1.6071E-04  1.0069E-03 -7.0880E-04 -5.3512E+04 -7.0602E+03  1.6444E+03  0.0000E+00 -2.0000E-03   1   5
 -2.7497E-04  7.1955E-04  1.1259E-03 -3.8875E+04 -1.3865E+04 -5.1765E+02  0.0000E+00 -2.0000E-03   1   5
 -3.9230E-04  5.1110E-04  4.6352E-04 -2.5642E+04 -2.0293E+04  4.3406E+02  0.0000E+00 -2.0000E-03   1   5
 -5.2326E-04  3.3631E-04  5.8642E-05 -1.6822E+04 -2.7385E+04 -1.8165E+03  0.0000E+00 -2.0000E-03   1   5
 -6.7122E-04  1.7843E-04 -3.2696E-04 -8.7522E+03 -3.5355E+04  2.1614E+03  0.0000E+00 -2.0000E-03   1   5
 -8.4947E-04  2.8458E-05 -8.3548E-04 -1.0468E+03 -4.4930E+04 -2.8785E+02  0.0000E+00 -2.0000E-03   1   5
 -1.0917E-03 -1.2020E-04  9.3159E-04  6.6284E+03 -5.7967E+04  6.8763E+02  0.0000E+00 -2.0000E-03   1   5
 -1.5690E-03 -2.7097E-04  3.7516E-04  1.4445E+04 -8.0903E+04 -1.3979E+03  0.0000E+00 -2.0000E-03   1   5
  1.2912E-03 -4.1609E-04 -1.6638E-05  2.1366E+04  6.8361E+04  1.2614E+03  0.0000E+00 -2.0000E-03   1   5
  9.4809E-04 -6.0050E-04 -4.1154E-04  3.0920E+04  5.0093E+04 -7.9127E+02  0.0000E+00 -2.0000E-03   1   5
  7.3556E-04 -8.2687E-04 -9.9171E-04  4.2619E+04  3.8733E+04  1.8347E+02  0.0000E+00 -2.0000E-03   1   5
  5.7134E-04 -1.1650E-03  7.8551E-04  6.0128E+04  2.9959E+04 -2.4534E+03  0.0000E+00 -2.0000E-03   1   5
  4.1328E-04  1.5749E-03  2.9181E-04 -8.3885E+04  2.0882E+04  2.5702E+03  0.0000E+00 -2.0000E-03   1   5
  2.9222E-04  9.7942E-04 -9.2024E-05 -5.0342E+04  1.4278E+04 -1.6740E+02  0.0000E+00 -2.0000E-03   1   5
  1.7461E-04  7.0485E-04 -5.0164E-04 -3.6285E+04  1.0125E+04  8.1899E+02  0.0000E+00 -2.0000E-03   1   5
  6.1551E-05  4.9975E-04 -1.2088E-03 -2.5734E+04  3.7122E+03 -1.2296E+03  0.0000E+00 -2.0000E-03   1   5
 -4.9711E-05  3.2675E-04  6.6456E-04 -1.6842E+04 -2.3909E+03  1.4491E+03  0.0000E+00 -2.0000E-03   1   5
 -1.6150E-04  1.6995E-04  2.1199E-04 -8.7679E+03 -8.4745E+03 -6.4948E+02  0.0000E+00 -2.0000E-03   1   5
 -2.7642E-04  2.0699E-05 -1.6829E-04 -1.0836E+03 -1.4718E+04  3.0896E+02  0.0000E+00 -2.0000E-03   1   5
 -3.9754E-04 -1.2715E-04 -5.9954E-04  6.5255E+03 -2.1320E+04 -2.0909E+03  0.0000E+00 -2.0000E-03   1   5
 -5.2915E-04 -2.7950E-04  1.3666E-03  1.4368E+04 -2.8612E+04  1.8817E+03  0.0000E+00 -2.0000E-03   1   5
 -6.7839E-04 -4.4018E-04  5.3917E-04  2.2603E+04 -3.4479E+04 -3.9751E+02  0.0000E+00 -2.0000E-03   1   5
 -8.5901E-04 -6.2607E-04  1.1930E-04  3.2115E+04 -4.4369E+04  5.5827E+02  0.0000E+00 -2.0000E-03   1   5
 -1.1072E-03 -8.5762E-04 -2.6216E-04  4.3756E+04 -5.7624E+04 -1.5894E+03  0.0000E+00 -2.0000E-03   1   5
 -1.6190E-03 -1.2144E-03 -7.3248E-04  6.4895E+04 -8.4602E+04  1.0926E+03  0.0000E+00 -2.0000E-03   1   5
  1.2525E-03  1.4910E-03  1.0810E-03 -7.7712E+04  6.5085E+04 -9.2055E+02  0.0000E+00 -2.0000E-03   1   5
  9.2529E-04  9.5748E-04  4.4536E-04 -4.9902E+04  4.7744E+04  7.4841E+01  0.0000E+00 -2.0000E-03   1   5
  7.1705E-04  6.8801E-04  4.3558E-05 -3.5917E+04  3.6412E+04 -3.0996E+03  0.0000E+00 -2.0000E-03   1   5
  5.5394E-04  4.8889E-04 -3.4352E-04 -2.5626E+04  2.9828E+04  2.8819E+03  0.0000E+00 -2.0000E-03   1   5
  4.1428E-04  3.1726E-04 -8.6379E-04 -1.6762E+04  2.2123E+04 -1.0786E+02  0.0000E+00 -2.0000E-03   1   5
  2.8826E-04  1.6120E-04  8.9959E-04 -8.7268E+03  1.5271E+04  8.9135E+02  0.0000E+00 -2.0000E-03   1   5
  1.7050E-04  1.2232E-05  3.5814E-04 -1.0707E+03  8.8773E+03 -1.1420E+03  0.0000E+00 -2.0000E-03   1   5
  5.7320E-05 -1.3567E-04 -3.1682E-05  6.4987E+03  2.7174E+03  1.5393E+03  0.0000E+00 -2.0000E-03   1   5
 -5.4092E-05 -2.8828E-04 -4.2906E-04  1.4243E+04 -3.3991E+03 -5.8896E+02  0.0000E+00 -2.0000E-03   1   5
 -1.6652E-04 -4.5296E-04 -1.0286E-03  2.2264E+04 -9.7985E+03  3.6833E+02  0.0000E+00 -2.0000E-03   1   5
 -2.7834E-04 -6.3797E-04  7.5973E-04  3.4417E+04 -1.3641E+04 -1.9417E+03  0.0000E+00 -2.0000E-03   1   5
 -3.9962E-04 -8.7424E-04  2.7560E-04  4.6512E+04 -2.0335E+04  2.0100E+03  0.0000E+00 -2.0000E-03   1   5
 -5.3084E-04 -1.2479E-03 -1.0718E-04  6.5900E+04 -2.7417E+04 -3.4635E+02  0.0000E+00 -2.0000E-03   1   5
 -6.9769E-04  1.4078E-03 -5.2051E-04 -7.3387E+04 -3.6900E+04  6.1097E+02  0.0000E+00 -2.0000E-03   1   5
 -8.7901E-04  9.2242E-04 -1.2667E-03 -4.8074E+04 -4.6556E+04 -1.4984E+03  0.0000E+00 -2.0000E-03   1   5
 -1.1332E-03  6.6059E-04  6.4242E-04 -3.4481E+04 -6.0170E+04  1.1862E+03  0.0000E+00 -2.0000E-03   1   5
 -1.6974E-03  4.5925E-04  1.9635E-04 -2.3985E+04 -9.0349E+04 -8.5441E+02  0.0000E+00 -2.0000E-03   1   5
  1.2313E-03  3.0998E-04 -1.8372E-04 -1.6886E+04  6.5204E+04  1.2694E+02  0.0000E+00 -2.0000E-03   1   5
  9.1433E-04  1.5348E-04 -6.2034E-04 -8.8301E+03  4.8261E+04 -2.7233E+03  0.0000E+00 -2.0000E-03   1   5
  7.0903E-04  4.3191E-06  6.1657E-04 -1.2630E+03  3.7271E+04  2.3507E+03  0.0000E+00 -2.0000E-03   1   5
  5.4667E-04 -1.4402E-04  1.7770E-04  5.7540E+03  2.8537E+04 -2.2735E+02  0.0000E+00 -2.0000E-03   1   5
  4.1257E-04 -2.9735E-04 -2.0234E-04  1.7542E+04  2.1296E+04  7.5540E+02  0.0000E+00 -2.0000E-03   1   5
  2.8608E-04 -4.6317E-04 -6.4594E-04  2.5118E+04  1.4354E+04 -1.3104E+03  0.0000E+00 -2.0000E-03   1   5
  1.6883E-04 -6.5419E-04  1.2799E-03  3.4867E+04  7.3230E+03  1.3598E+03  0.0000E+00 -2.0000E-03   1   5
  5.6320E-05 -8.9194E-04  5.1592E-04  4.7118E+04  4.6105E+03 -7.2019E+02  0.0000E+00 -2.0000E-03   1   5
 -5.3545E-05 -1.2882E-03  1.0104E-04  6.7729E+04 -1.8852E+03  2.4487E+02  0.0000E+00 -2.0000E-03   1   5
 -1.8176E-04  1.3501E-03 -2.8138E-04 -7.0642E+04 -9.4268E+03 -2.2577E+03  0.0000E+00 -2.0000E-03   1   5
 -2.9548E-04  9.0237E-04 -7.6188E-04 -4.7313E+04 -1.5561E+04  1.7486E+03  0.0000E+00 -2.0000E-03   1   5
 -4.1704E-04  6.4863E-04  1.0318E-03 -3.4167E+04 -2.2141E+04 -4.5789E+02  0.0000E+00 -2.0000E-03   1   5
 -5.5003E-04  4.5323E-04  4.2391E-04 -2.4079E+04 -2.9342E+04  4.9714E+02  0.0000E+00 -2.0000E-03   1   5
 -7.0200E-04  2.8467E-04  2.5483E-05 -1.5427E+04 -3.7634E+04 -1.6962E+03  0.0000E+00 -2.0000E-03   1   5
 -8.8814E-04  1.3256E-04 -3.6361E-04 -7.7328E+03 -4.5326E+04  1.0327E+03  0.0000E+00 -2.0000E-03   1   5
 -1.1465E-03 -1.7081E-05 -8.9946E-04  2.6980E+03 -5.9423E+04 -1.0059E+03  0.0000E+00 -2.0000E-03   1   5
 -1.7762E-03 -1.6852E-04  8.6324E-04  1.0029E+04 -9.2734E+04  1.2970E+01  0.0000E+00 -2.0000E-03   1   5
  1.2107E-03 -3.0428E-04  3.3797E-04  1.6309E+04  6.3548E+04 -3.9854E+03  0.0000E+00 -2.0000E-03   1   5
  9.0512E-04 -4.7242E-04 -4.9750E-05  2.4972E+04  4.7313E+04  4.3293E+03  0.0000E+00 -2.0000E-03   1   5
  7.0378E-04 -6.6587E-04 -4.5039E-04  3.4969E+04  3.6518E+04 -9.3553E+00  0.0000E+00 -2.0000E-03   1   5
  5.4446E-04 -9.1433E-04 -1.0763E-03  4.7847E+04  2.7820E+04  9.9760E+02  0.0000E+00 -2.0000E-03   1   5
  4.0834E-04 -1.3334E-03  7.2993E-04  6.9681E+04  2.2734E+04 -1.0230E+03  0.0000E+00 -2.0000E-03   1   5
  2.6731E-04  1.2996E-03  2.5633E-04 -6.8420E+04  1.4332E+04  1.7149E+03  0.0000E+00 -2.0000E-03   1   5
  1.5183E-04  8.8213E-04 -1.2543E-04 -4.6699E+04  8.0566E+03 -4.8700E+02  0.0000E+00 -2.0000E-03   1   5
  3.9570E-05  6.3511E-04 -5.4359E-04 -3.3946E+04  1.9656E+03  4.6539E+02  0.0000E+00 -2.0000E-03   1   5
 -7.1588E-05  4.4265E-04 -1.3479E-03 -2.4148E+04 -4.0734E+03 -1.7448E+03  0.0000E+00 -2.0000E-03   1   5
 -1.8062E-04  2.7585E-04  5.9559E-04 -1.2983E+04 -1.0030E+04  2.2794E+03  0.0000E+00 -2.0000E-03   1   5
 -2.9688E-04  1.2188E-04  1.6223E-04 -5.4888E+03 -1.6522E+04 -2.4507E+02  0.0000E+00 -2.0000E-03   1   5
 -4.1963E-04 -2.3757E-05 -2.1795E-04  1.8831E+03 -2.1003E+04  7.2033E+02  0.0000E+00 -2.0000E-03   1   5
 -5.5381E-04 -1.7255E-04 -6.6785E-04  9.5035E+03 -2.8457E+04 -1.3484E+03  0.0000E+00 -2.0000E-03   1   5
 -7.0724E-04 -3.2745E-04  1.2189E-03  1.7483E+04 -3.6765E+04  1.3240E+03  0.0000E+00 -2.0000E-03   1   5
 -8.9597E-04 -4.9630E-04  4.9693E-04  2.6205E+04 -4.6876E+04 -7.3837E+02  0.0000E+00 -2.0000E-03   1   5
 -1.1648E-03 -6.9291E-04  8.5863E-05  3.6398E+04 -6.1176E+04  2.2866E+02  0.0000E+00 -2.0000E-03   1   5
 -1.8862E-03 -9.5117E-04 -2.9753E-04  4.9898E+04 -9.9223E+04 -2.3315E+03  0.0000E+00 -2.0000E-03   1   5
  1.1915E-03 -1.3860E-03 -7.8731E-04  7.1930E+04  6.1629E+04  2.7459E+03  0.0000E+00 -2.0000E-03   1   5
  8.8000E-04  1.2559E-03  9.9394E-04 -6.6672E+04  4.6755E+04 -1.2191E+02  0.0000E+00 -2.0000E-03   1   5
  6.8312E-04  8.6324E-04  4.0630E-04 -4.6380E+04  3.6101E+04  8.6082E+02  0.0000E+00 -2.0000E-03   1   5
  5.2849E-04  6.2204E-04  1.0435E-05 -3.1364E+04  2.7775E+04 -1.1693E+03  0.0000E+00 -2.0000E-03   1   5
  3.9148E-04  4.3209E-04 -3.8055E-04 -2.1901E+04  2.0378E+04  1.5016E+03  0.0000E+00 -2.0000E-03   1   5
  2.6723E-04  2.6659E-04 -9.3081E-04 -1.3463E+04  1.3639E+04 -6.1642E+02  0.0000E+00 -2.0000E-03   1   5
  1.5048E-04  1.1344E-04  8.3444E-04 -5.6177E+03  7.2452E+03  3.5368E+02  0.0000E+00 -2.0000E-03   1   5
  3.7853E-05 -3.4947E-05  3.2134E-04  2.0105E+03  8.1989E+02 -1.9910E+03  0.0000E+00 -2.0000E-03   1   5
 -7.3394E-05 -1.8095E-04 -6.4825E-05  9.5087E+03 -3.0043E+03  1.9575E+03  0.0000E+00 -2.0000E-03   1   5
 -1.8568E-04 -3.3640E-04 -4.6844E-04  1.7516E+04 -9.2359E+03 -3.6836E+02  0.0000E+00 -2.0000E-03   1   5
 -3.0165E-04 -5.0637E-04 -1.1197E-03  2.6273E+04 -1.5552E+04  5.8988E+02  0.0000E+00 -2.0000E-03   1   5
 -4.2447E-04 -7.0519E-04  7.0597E-04  3.6543E+04 -2.2204E+04 -1.5214E+03  0.0000E+00 -2.0000E-03   1   5
 -5.5891E-04 -9.6731E-04  2.4040E-04  5.0076E+04 -2.9461E+04  1.1599E+03  0.0000E+00 -2.0000E-03   1   5
 -7.1216E-04 -1.4592E-03 -1.4068E-04  7.5527E+04 -3.7723E+04 -8.7576E+02  0.0000E+00 -2.0000E-03   1   5
 -9.1723E-04  1.1997E-03 -5.6321E-04 -6.1436E+04 -4.9620E+04  9.3232E+01  0.0000E+00 -2.0000E-03   1   5
 -1.1935E-03  8.3123E-04 -1.4302E-03 -4.2544E+04 -6.1914E+04 -2.8441E+03  0.0000E+00 -2.0000E-03   1   5
 -2.0756E-03  5.9128E-04  5.7506E-04 -3.0074E+04 -1.0849E+05  3.1569E+03  0.0000E+00 -2.0000E-03   1   5
  2.6534E-03  4.3213E-04  1.4685E-04 -2.2802E+04  1.3909E+05 -7.2929E+01  0.0000E+00 -2.0000E-03   1   5
  1.1586E-03  2.5995E-04 -2.3364E-04 -1.3666E+04  6.0529E+04  9.2697E+02  0.0000E+00 -2.0000E-03   1   5
  8.7335E-04  1.0645E-04 -6.9035E-04 -5.7271E+03  4.5340E+04 -1.1023E+03  0.0000E+00 -2.0000E-03   1   5
  6.7865E-04 -4.1933E-05  1.1650E-03  1.9216E+03  3.4835E+04  1.6078E+03  0.0000E+00 -2.0000E-03   1   5
  5.2218E-04 -1.9211E-04  4.7825E-04  9.6614E+03  2.5642E+04 -5.4264E+02  0.0000E+00 -2.0000E-03   1   5
  3.8632E-04 -3.4423E-04  7.0727E-05  1.7451E+04  2.1742E+04  4.0330E+02  0.0000E+00 -2.0000E-03   1   5
  2.6272E-04 -5.1644E-04 -3.1382E-04  2.6267E+04  1.4525E+04 -1.8682E+03  0.0000E+00 -2.0000E-03   1   5
  1.4638E-04 -7.1848E-04 -8.1366E-04  3.6499E+04  8.1349E+03  2.0992E+03  0.0000E+00 -2.0000E-03   1   5
  3.7640E-05 -9.8837E-04  9.5848E-04  5.2957E+04  2.2461E+03 -2.9915E+02  0.0000E+00 -2.0000E-03   1   5
 -7.1644E-05 -1.5290E-03  3.8892E-04  8.0888E+04 -3.6315E+03  6.6090E+02  0.0000E+00 -2.0000E-03   1   5
 -2.0074E-04  1.1654E-03 -4.6058E-06 -6.0515E+04 -1.1173E+04 -1.4371E+03  0.0000E+00 -2.0000E-03   1   5
 -3.1599E-04  8.1353E-04 -3.9769E-04 -4.2241E+04 -1.7509E+04  1.2259E+03  0.0000E+00 -2.0000E-03   1   5
 -4.3923E-04  5.8626E-04 -9.6386E-04 -3.0487E+04 -2.1905E+04 -8.1227E+02  0.0000E+00 -2.0000E-03   1   5
 -5.7502E-04  4.0078E-04  8.0683E-04 -2.0906E+04 -2.9591E+04  1.7543E+02  0.0000E+00 -2.0000E-03   1   5
 -7.3158E-04  2.3753E-04  3.0488E-04 -1.2481E+04 -3.8077E+04 -2.5406E+03  0.0000E+00 -2.0000E-03   1   5
 -9.2664E-04  8.5177E-05 -7.9924E-05 -4.6289E+03 -4.8524E+04  2.4845E+03  0.0000E+00 -2.0000E-03   1   5
 -1.2131E-03 -6.3560E-05 -4.8677E-04  3.0276E+03 -6.3751E+04 -1.8673E+02  0.0000E+00 -2.0000E-03   1   5
  2.0082E-03 -1.9370E-04 -1.1672E-03  9.0225E+03  1.0474E+05  7.7982E+02  0.0000E+00 -2.0000E-03   1   5
  1.1388E-03 -3.5504E-04  6.8270E-04  1.7236E+04  5.8855E+04 -1.2566E+03  0.0000E+00 -2.0000E-03   1   5
  8.6521E-04 -5.2657E-04  2.2458E-04  2.8541E+04  4.6507E+04  1.4121E+03  0.0000E+00 -2.0000E-03   1   5
  6.7364E-04 -7.3265E-04 -1.5600E-04  3.8986E+04  3.5998E+04 -6.7828E+02  0.0000E+00 -2.0000E-03   1   5
  5.1938E-04 -1.0115E-03 -5.8323E-04  5.3386E+04  2.7662E+04  2.8196E+02  0.0000E+00 -2.0000E-03   1   5
  3.8721E-04 -1.6185E-03  1.4366E-03  8.5043E+04  2.0611E+04 -2.1461E+03  0.0000E+00 -2.0000E-03   1   5
  2.4713E-04  1.1318E-03  5.5497E-04 -5.9213E+04  1.2495E+04  1.8312E+03  0.0000E+00 -2.0000E-03   1   5
  1.3219E-04  7.9622E-04  1.3152E-04 -4.1763E+04  6.2486E+03 -4.2689E+02  0.0000E+00 -2.0000E-03   1   5
  2.0335E-05  5.7098E-04 -2.4944E-04 -3.0095E+04 -3.3133E+00  5.2507E+02  0.0000E+00 -2.0000E-03   1   5
 -9.0717E-05  3.9097E-04 -7.1348E-04 -2.0821E+04 -3.8661E+03 -1.6323E+03  0.0000E+00 -2.0000E-03   1   5
 -2.0334E-04  2.2896E-04  1.1166E-03 -1.2505E+04 -1.0187E+04  1.0833E+03  0.0000E+00 -2.0000E-03   1   5
 -3.2014E-04  7.7536E-05  4.5987E-04 -4.7944E+03 -1.6569E+04 -9.4152E+02  0.0000E+00 -2.0000E-03   1   5
 -4.4474E-04 -7.0206E-05  5.5623E-05  2.5355E+03 -2.3323E+04  5.6525E+01  0.0000E+00 -2.0000E-03   1   5
 -5.7870E-04 -2.1997E-04 -3.3026E-04  1.2695E+04 -3.0552E+04 -3.3179E+03  0.0000E+00 -2.0000E-03   1   5
 -7.3717E-04 -3.7810E-04 -8.4105E-04  2.0645E+04 -3.9119E+04  3.4955E+03  0.0000E+00 -2.0000E-03   1   5
 -9.3540E-04 -5.5392E-04  9.2506E-04  2.9677E+04 -4.9970E+04 -3.2443E+01  0.0000E+00 -2.0000E-03   1   5
 -1.2310E-03 -7.6122E-04  3.7174E-04  4.0396E+04 -6.3484E+04  9.6286E+02  0.0000E+00 -2.0000E-03   1   5
  1.8394E-03 -1.0310E-03 -1.9646E-05  5.3802E+04  9.7043E+04 -1.0653E+03  0.0000E+00 -2.0000E-03   1   5
  1.1272E-03 -1.7389E-03 -4.1503E-04  9.0863E+04  5.9571E+04  1.6460E+03  0.0000E+00 -2.0000E-03   1   5
  8.4136E-04  1.1014E-03 -9.9889E-04 -5.8042E+04  4.3806E+04 -5.2504E+02  0.0000E+00 -2.0000E-03   1   5
  6.5360E-04  7.7985E-04  7.8028E-04 -4.1351E+04  3.3781E+04  4.4173E+02  0.0000E+00 -2.0000E-03   1   5
  5.0060E-04  5.5909E-04  2.8856E-04 -2.9945E+04  2.5494E+04 -1.8011E+03  0.0000E+00 -2.0000E-03   1   5
  3.6662E-04  3.7809E-04 -9.5052E-05 -2.0686E+04  1.7941E+04  2.1811E+03  0.0000E+00 -2.0000E-03   1   5
  2.4371E-04  2.2006E-04 -5.0539E-04 -1.2874E+04  1.3517E+04 -2.7859E+02  0.0000E+00 -2.0000E-03   1   5
  1.3095E-04  6.9048E-05 -1.2198E-03 -2.6246E+03  7.2760E+03  6.8770E+02  0.0000E+00 -2.0000E-03   1   5
  1.8541E-05 -7.8600E-05  6.6009E-04  4.7915E+03  1.1414E+03 -1.3808E+03  0.0000E+00 -2.0000E-03   1   5
 -9.2772E-05 -2.2863E-04  2.0886E-04  1.2450E+04 -4.9132E+03  1.2790E+03  0.0000E+00 -2.0000E-03   1   5
 -2.0554E-04 -3.8742E-04 -1.7137E-04  2.0608E+04 -1.1053E+04 -7.7608E+02  0.0000E+00 -2.0000E-03   1   5
 -3.2246E-04 -5.6433E-04 -6.0367E-04  2.9732E+04 -1.7470E+04  1.9615E+02  0.0000E+00 -2.0000E-03   1   5
 -4.4686E-04 -7.7769E-04  1.3509E-03  4.0790E+04 -2.4652E+04 -2.4224E+03  0.0000E+00 -2.0000E-03   1   5
 -5.8388E-04 -1.0735E-03  5.3526E-04  5.6145E+04 -2.9664E+04  2.6085E+03  0.0000E+00 -2.0000E-03   1   5
 -7.3964E-04 -1.9528E-03  1.1625E-04  1.0208E+05 -3.8012E+04 -1.6038E+02  0.0000E+00 -2.0000E-03   1   5
 -9.6723E-04  2.3466E-03 -2.6535E-04 -1.2336E+05 -5.1008E+04  8.1572E+02  0.0000E+00 -2.0000E-03   1   5
 -1.2670E-03  1.0549E-03 -7.3730E-04 -5.5876E+04 -6.6710E+04 -1.2212E+03  0.0000E+00 -2.0000E-03   1   5
  1.7164E-03  7.6537E-04  1.0725E-03 -4.1814E+04  8.9392E+04  1.4524E+03  0.0000E+00 -2.0000E-03   1   5
  1.0952E-03  5.4642E-04  4.4176E-04 -2.7853E+04  5.6550E+04 -6.3802E+02  0.0000E+00 -2.0000E-03   1   5
  8.3395E-04  3.6613E-04  4.0544E-05 -1.8671E+04  4.1716E+04  3.1653E+02  0.0000E+00 -2.0000E-03   1   5
  6.4807E-04  2.1150E-04 -3.4685E-04 -1.0776E+04  3.6206E+04 -2.0659E+03  0.0000E+00 -2.0000E-03   1   5
  4.9613E-04  5.9312E-05 -8.6960E-04 -2.9459E+03  2.6699E+04  1.8879E+03  0.0000E+00 -2.0000E-03   1   5
  3.6290E-04 -8.8499E-05  8.9339E-04  4.6592E+03  1.9408E+04 -3.8832E+02  0.0000E+00 -2.0000E-03   1   5
  2.4085E-04 -2.3908E-04  3.5476E-04  1.2416E+04  1.2773E+04  5.6681E+02  0.0000E+00 -2.0000E-03   1   5
  1.2545E-04 -3.9896E-04 -3.4692E-05  2.0654E+04  6.5067E+03 -1.5778E+03  0.0000E+00 -2.0000E-03   1   5
  1.3544E-05 -5.7788E-04 -4.3259E-04  2.9874E+04  4.0862E+02  1.1136E+03  0.0000E+00 -2.0000E-03   1   5
 -9.7407E-05 -7.9509E-04 -1.0362E-03  4.1066E+04 -5.7106E+03 -9.1669E+02  0.0000E+00 -2.0000E-03   1   5
 -2.0949E-04 -1.1034E-03  7.5468E-04  5.6972E+04 -9.3843E+03  7.9613E+01  0.0000E+00 -2.0000E-03   1   5
 -3.4557E-04  1.8557E-03  2.7238E-04 -9.8692E+04 -1.7804E+04 -3.0330E+03  0.0000E+00 -2.0000E-03   1   5
 -4.6392E-04  1.0299E-03 -1.1022E-04 -5.2942E+04 -2.4159E+04  2.9267E+03  0.0000E+00 -2.0000E-03   1   5
 -6.0207E-04  7.3377E-04 -5.2432E-04 -3.7701E+04 -3.1600E+04 -1.0270E+02  0.0000E+00 -2.0000E-03   1   5
 -7.6347E-04  5.2171E-04 -1.2792E-03 -2.6768E+04 -4.0256E+04  8.8817E+02  0.0000E+00 -2.0000E-03   1   5
 -9.6875E-04  3.4469E-04  6.3806E-04 -1.7640E+04 -5.1272E+04 -1.1331E+03  0.0000E+00 -2.0000E-03   1   5
 -1.2863E-03  1.8482E-04  1.9323E-04 -9.3660E+03 -6.8251E+04  1.5504E+03  0.0000E+00 -2.0000E-03   1   5
  1.6395E-03  5.5199E-05 -1.8682E-04 -3.2800E+03  8.7075E+04 -5.8541E+02  0.0000E+00 -2.0000E-03   1   5
  1.0782E-03 -9.5457E-05 -6.2456E-04  4.5594E+03  5.7106E+04  3.7080E+02  0.0000E+00 -2.0000E-03   1   5
  8.2382E-04 -2.4726E-04  6.1234E-04  1.2385E+04  4.3506E+04 -1.9237E+03  0.0000E+00 -2.0000E-03   1   5
  6.4070E-04 -4.0860E-04  1.7460E-04  2.0668E+04  3.3681E+04  2.0286E+03  0.0000E+00 -2.0000E-03   1   5
  4.9019E-04 -5.8980E-04 -2.0545E-04  2.9905E+04  2.5575E+04 -3.3815E+02  0.0000E+00 -2.0000E-03   1   5
  3.5741E-04 -8.1142E-04 -6.5028E-04  4.0727E+04  1.8372E+04  6.2060E+02  0.0000E+00 -2.0000E-03   1   5
  2.4157E-04 -1.1359E-03  1.2670E-03  6.1428E+04  1.1995E+04 -1.4728E+03  0.0000E+00 -2.0000E-03   1   5
  1.0799E-04  1.6824E-03  5.1210E-04 -8.7288E+04  6.3951E+03  1.2012E+03  0.0000E+00 -2.0000E-03   1   5
 -9.9915E-07  1.0045E-03  9.7998E-05 -5.2026E+04  3.1907E+02 -8.3928E+02  0.0000E+00 -2.0000E-03   1   5
 -1.1154E-04  7.1861E-04 -2.8460E-04 -3.7231E+04 -5.7181E+03  1.3752E+02  0.0000E+00 -2.0000E-03   1   5
 -2.2435E-04  5.1057E-04 -7.6690E-04 -2.6482E+04 -1.1843E+04 -2.6835E+03  0.0000E+00 -2.0000E-03   1   5
 -3.4201E-04  3.3597E-04  1.0240E-03 -1.7478E+04 -1.8233E+04  2.3801E+03  0.0000E+00 -2.0000E-03   1   5
 -4.6800E-04  1.7823E-04  4.2037E-04 -9.3464E+03 -2.5093E+04 -2.1034E+02  0.0000E+00 -2.0000E-03   1   5
 -6.0787E-04  2.8294E-05  2.2473E-05 -1.6245E+03 -3.2833E+04  7.5885E+02  0.0000E+00 -2.0000E-03   1   5
 -7.7142E-04 -1.1707E-04 -3.6698E-04  5.8320E+03 -3.9451E+04 -1.3006E+03  0.0000E+00 -2.0000E-03   1   5
 -9.8064E-04 -2.6930E-04 -9.0561E-04  1.3634E+04 -5.0816E+04  1.3588E+03  0.0000E+00 -2.0000E-03   1   5
 -1.3109E-03 -4.3274E-04  8.5738E-04  2.1973E+04 -6.8399E+04 -7.0232E+02  0.0000E+00 -2.0000E-03   1   5
  1.5787E-03 -5.9838E-04  3.3463E-04  3.2643E+04  8.2814E+04  2.6648E+02  0.0000E+00 -2.0000E-03   1   5
  1.0651E-03 -8.2687E-04 -5.2763E-05  4.3997E+04  5.5677E+04 -2.2296E+03  0.0000E+00 -2.0000E-03   1   5
  8.1814E-04 -1.1668E-03 -4.5398E-04  6.1571E+04  4.2498E+04  1.7673E+03  0.0000E+00 -2.0000E-03   1   5
  6.2093E-04  1.5676E-03 -1.0847E-03 -8.1838E+04  3.1157E+04 -4.6583E+02  0.0000E+00 -2.0000E-03   1   5
  4.7416E-04  9.8051E-04  7.2508E-04 -5.1264E+04  2.5522E+04  5.0882E+02  0.0000E+00 -2.0000E-03   1   5
  3.4332E-04  7.0370E-04  2.5313E-04 -3.6891E+04  1.8319E+04 -1.6792E+03  0.0000E+00 -2.0000E-03   1   5
  2.2258E-04  4.9912E-04 -1.2847E-04 -2.6303E+04  1.1750E+04  1.0384E+03  0.0000E+00 -2.0000E-03   1   5
  1.0781E-04  3.2630E-04 -5.4748E-04 -1.7387E+04  5.5184E+03 -9.8899E+02  0.0000E+00 -2.0000E-03   1   5
 -3.9920E-06  1.6956E-04 -1.3631E-03 -9.3311E+03 -5.6761E+02  1.7263E+01  0.0000E+00 -2.0000E-03   1   5
 -1.1540E-04  2.0274E-05  5.9145E-04 -1.7064E+03 -6.6913E+03 -3.7752E+03  0.0000E+00 -2.0000E-03   1   5
 -2.2892E-04 -1.2790E-04  1.5915E-04  5.7683E+03 -1.3194E+04  3.7857E+03  0.0000E+00 -2.0000E-03   1   5
 -3.4400E-04 -2.7722E-04 -2.2108E-04  1.6005E+04 -1.7177E+04 -3.0582E+01  0.0000E+00 -2.0000E-03   1   5
 -4.7113E-04 -4.4063E-04 -6.7231E-04  2.4001E+04 -2.4177E+04  9.7565E+02  0.0000E+00 -2.0000E-03   1   5
 -6.1191E-04 -6.2632E-04  1.2076E-03  3.3498E+04 -3.1796E+04 -1.0363E+03  0.0000E+00 -2.0000E-03   1   5
 -7.7690E-04 -8.5773E-04  4.9317E-04  4.5454E+04 -4.0649E+04  1.6853E+03  0.0000E+00 -2.0000E-03   1   5
 -9.8888E-04 -1.2142E-03  8.2833E-05  6.3998E+04 -5.1952E+04 -5.0262E+02  0.0000E+00 -2.0000E-03   1   5
 -1.3495E-03  1.4694E-03 -3.0078E-04 -7.6706E+04 -7.1672E+04  4.4392E+02  0.0000E+00 -2.0000E-03   1   5
  1.5116E-03  9.5781E-04 -7.9250E-04 -5.0569E+04  7.7579E+04 -1.7814E+03  0.0000E+00 -2.0000E-03   1   5
  1.0369E-03  6.9205E-04  9.8667E-04 -3.6758E+04  5.6059E+04  2.2377E+03  0.0000E+00 -2.0000E-03   1   5
  7.9532E-04  4.8902E-04  4.0281E-04 -2.6245E+04  4.2290E+04 -2.5572E+02  0.0000E+00 -2.0000E-03   1   5
  6.1730E-04  3.1736E-04  7.4268E-06 -1.7435E+04  3.2650E+04  7.0540E+02  0.0000E+00 -2.0000E-03   1   5
  4.6929E-04  1.6122E-04 -3.8396E-04 -9.5540E+03  2.4655E+04 -1.3714E+03  0.0000E+00 -2.0000E-03   1   5
  3.4147E-04  1.2226E-05 -9.3728E-04  6.1519E+02  1.7748E+04  1.2950E+03  0.0000E+00 -2.0000E-03   1   5
  2.2042E-04 -1.3572E-04  8.2883E-04  7.8780E+03  1.1169E+04 -7.5105E+02  0.0000E+00 -2.0000E-03   1   5
  1.0569E-04 -2.8845E-04  3.1804E-04  1.5645E+04  4.8342E+03  2.1927E+02  0.0000E+00 -2.0000E-03   1   5
 -6.0280E-06 -4.5005E-04 -6.7842E-05  2.3922E+04  1.1216E+03 -2.3817E+03  0.0000E+00 -2.0000E-03   1   5
 -1.1720E-04 -6.3843E-04 -4.7209E-04  3.3642E+04 -5.3685E+03  2.6701E+03  0.0000E+00 -2.0000E-03   1   5
 -2.3026E-04 -8.7500E-04 -1.1288E-03  4.5890E+04 -1.1571E+04 -1.4658E+02  0.0000E+00 -2.0000E-03   1   5
 -3.4739E-04 -1.2502E-03  7.0126E-04  6.5434E+04 -1.7900E+04  8.4578E+02  0.0000E+00 -2.0000E-03   1   5
 -4.9106E-04  1.4039E-03  2.3723E-04 -7.3774E+04 -2.6176E+04 -1.1957E+03  0.0000E+00 -2.0000E-03   1   5
 -6.3114E-04  9.2181E-04 -1.4374E-04 -4.8668E+04 -3.3696E+04  1.4749E+03  0.0000E+00 -2.0000E-03   1   5
 -7.9791E-04  6.6112E-04 -5.6718E-04 -3.5201E+04 -4.2755E+04 -6.3300E+02  0.0000E+00 -2.0000E-03   1   5
 -1.0153E-03  4.6522E-04 -1.4488E-03 -2.5254E+04 -5.2103E+04  3.2868E+02  0.0000E+00 -2.0000E-03   1   5
 -1.3720E-03  2.9373E-04  5.7101E-04 -1.3906E+04 -7.1341E+04 -2.0340E+03  0.0000E+00 -2.0000E-03   1   5
  1.4685E-03  1.5572E-04  1.4378E-04 -7.6541E+03  7.7209E+04  1.9297E+03  0.0000E+00 -2.0000E-03   1   5
  1.0245E-03  5.1362E-06 -2.3680E-04  7.0258E+01  5.3713E+04 -3.7896E+02  0.0000E+00 -2.0000E-03   1   5
  7.8819E-04 -1.4365E-04 -6.9492E-04  7.7163E+03  4.1102E+04  5.7550E+02  0.0000E+00 -2.0000E-03   1   5
  6.1252E-04 -2.9721E-04  1.1550E-03  1.5625E+04  3.1656E+04 -1.5466E+03  0.0000E+00 -2.0000E-03   1   5
  4.6603E-04 -4.6335E-04  4.7455E-04  2.4202E+04  2.3603E+04  1.1419E+03  0.0000E+00 -2.0000E-03   1   5
  3.3618E-04 -6.5124E-04  6.7704E-05  3.3900E+04  1.8766E+04 -9.0062E+02  0.0000E+00 -2.0000E-03   1   5
  2.1654E-04 -8.9385E-04 -3.1710E-04  4.6467E+04  1.2056E+04  8.7978E+01  0.0000E+00 -2.0000E-03   1   5
  1.0351E-04 -1.2914E-03 -8.1905E-04  6.7124E+04  5.9089E+03 -2.9385E+03  0.0000E+00 -2.0000E-03   1   5
 -2.4395E-05  1.3463E-03  9.5165E-04 -7.1282E+04 -1.5406E+03  3.0390E+03  0.0000E+00 -2.0000E-03   1   5
 -1.3432E-04  9.0108E-04  3.8547E-04 -4.8302E+04 -7.4675E+03 -7.8670E+01  0.0000E+00 -2.0000E-03   1   5
 -2.4451E-04  6.4793E-04 -7.6136E-06 -3.2733E+04 -1.3468E+04  9.0685E+02  0.0000E+00 -2.0000E-03   1   5
 -3.6348E-04  4.5261E-04 -4.0114E-04 -2.2891E+04 -2.0112E+04 -1.1255E+03  0.0000E+00 -2.0000E-03   1   5
 -4.9149E-04  2.8705E-04 -9.7070E-04 -1.4445E+04 -2.4863E+04  1.5719E+03  0.0000E+00 -2.0000E-03   1   5
 -6.3465E-04  1.3222E-04  8.0144E-04 -6.4973E+03 -3.2778E+04 -5.5940E+02  0.0000E+00 -2.0000E-03   1   5
 -8.0403E-04 -1.6519E-05  3.0160E-04  1.1603E+03 -4.1912E+04  3.9507E+02  0.0000E+00 -2.0000E-03   1   5
 -1.0259E-03 -1.6537E-04 -8.2947E-05  8.8419E+03 -5.3757E+04 -1.8949E+03  0.0000E+00 -2.0000E-03   1   5
 -1.4032E-03 -3.2078E-04 -4.9047E-04  1.6894E+04 -7.3747E+04  2.0627E+03  0.0000E+00 -2.0000E-03   1   5
  1.4275E-03 -4.7099E-04 -1.1773E-03  2.4079E+04  7.4265E+04 -3.2651E+02  0.0000E+00 -2.0000E-03   1   5
  1.0103E-03 -6.6603E-04  6.7813E-04  3.4194E+04  5.1963E+04  6.4767E+02  0.0000E+00 -2.0000E-03   1   5
  7.7977E-04 -9.1262E-04  2.2143E-04  4.6906E+04  4.1873E+04 -1.4623E+03  0.0000E+00 -2.0000E-03   1   5
  6.0763E-04 -1.3371E-03 -1.5907E-04  6.8773E+04  3.2533E+04  1.2049E+03  0.0000E+00 -2.0000E-03   1   5
  4.4911E-04  1.2963E-03 -5.8728E-04 -6.6886E+04  2.3472E+04 -8.2958E+02  0.0000E+00 -2.0000E-03   1   5
  3.2095E-04  8.8099E-04  1.4179E-03 -4.5499E+04  1.6580E+04  1.5833E+02  0.0000E+00 -2.0000E-03   1   5
  2.0174E-04  6.3439E-04  5.5099E-04 -3.2788E+04  1.0124E+04 -2.6049E+03  0.0000E+00 -2.0000E-03   1   5
  8.7821E-05  4.4205E-04  1.2846E-04 -2.2873E+04  3.8768E+03  2.4272E+03  0.0000E+00 -2.0000E-03   1   5
 -2.3639E-05  2.7496E-04 -2.5262E-04 -1.4260E+04 -2.5301E+03 -2.0458E+02  0.0000E+00 -2.0000E-03   1   5
 -1.3513E-04  1.2401E-04 -7.1819E-04 -6.5013E+03 -6.3255E+03  7.7046E+02  0.0000E+00 -2.0000E-03   1   5
 -2.4909E-04 -2.4330E-05  1.1075E-03  1.1351E+03 -1.2638E+04 -1.2716E+03  0.0000E+00 -2.0000E-03   1   5
 -3.6845E-04 -1.7284E-04  4.5623E-04  8.7707E+03 -1.9135E+04  1.3911E+03  0.0000E+00 -2.0000E-03   1   5
 -4.9716E-04 -3.2753E-04  5.2605E-05  1.6707E+04 -2.6100E+04 -6.8940E+02  0.0000E+00 -2.0000E-03   1   5
 -6.4146E-04 -4.9625E-04 -3.3356E-04  2.5326E+04 -3.3890E+04  2.7433E+02  0.0000E+00 -2.0000E-03   1   5
 -8.1304E-04 -6.9262E-04 -8.4666E-04  3.5204E+04 -4.3170E+04 -2.1900E+03  0.0000E+00 -2.0000E-03   1   5
 -1.0360E-03 -9.4923E-04  9.1859E-04  5.1002E+04 -5.5576E+04  1.8021E+03  0.0000E+00 -2.0000E-03   1   5
 -1.4318E-03 -1.4024E-03  3.6833E-04  7.4442E+04 -7.3055E+04 -4.4977E+02  0.0000E+00 -2.0000E-03   1   5
  1.3794E-03  1.2552E-03 -2.2655E-05 -6.5555E+04  7.2749E+04  5.1664E+02  0.0000E+00 -2.0000E-03   1   5
  9.8601E-04  8.6315E-04 -4.1852E-04 -4.5118E+04  5.1863E+04 -1.6592E+03  0.0000E+00 -2.0000E-03   1   5
  7.6057E-04  6.2200E-04 -1.0062E-03 -3.2600E+04  3.9824E+04  1.0522E+03  0.0000E+00 -2.0000E-03   1   5
  5.8951E-04  4.3213E-04  7.7509E-04 -2.2791E+04  3.0659E+04 -9.6168E+02  0.0000E+00 -2.0000E-03   1   5
  4.4546E-04  2.6659E-04  2.8531E-04 -1.4246E+04  2.2873E+04  3.7638E+01  0.0000E+00 -2.0000E-03   1   5
  3.1686E-04  1.1334E-04 -9.8082E-05 -6.3600E+03  1.5809E+04 -3.5059E+03  0.0000E+00 -2.0000E-03   1   5
  1.9749E-04 -3.1908E-05 -5.0915E-04  1.0639E+03  1.1667E+04  3.3045E+03  0.0000E+00 -2.0000E-03   1   5
  8.3435E-05 -1.8113E-04 -1.2311E-03  8.6489E+03  5.0433E+03 -5.7126E+01  0.0000E+00 -2.0000E-03   1   5
 -2.8386E-05 -3.3656E-04  6.5564E-04  1.6334E+04 -1.1089E+03  9.5274E+02  0.0000E+00 -2.0000E-03   1   5
 -1.3687E-04 -5.0661E-04  2.0573E-04  2.7583E+04 -7.0080E+03 -1.0770E+03  0.0000E+00 -2.0000E-03   1   5
 -2.5099E-04 -7.0559E-04 -1.7445E-04  3.7690E+04 -1.3201E+04  1.6267E+03  0.0000E+00 -2.0000E-03   1   5
 -3.7021E-04 -9.6822E-04 -6.0781E-04  5.1244E+04 -1.9673E+04 -5.3688E+02  0.0000E+00 -2.0000E-03   1   5
 -4.9752E-04 -1.4634E-03  1.3357E-03  7.7049E+04 -2.6626E+04  4.2709E+02  0.0000E+00 -2.0000E-03   1   5
 -6.5947E-04  1.2010E-03  5.3137E-04 -6.2715E+04 -3.3642E+04 -1.8218E+03  0.0000E+00 -2.0000E-03   1   5
 -8.3185E-04  8.3144E-04  1.1321E-04 -4.3469E+04 -4.3150E+04  2.1495E+03  0.0000E+00 -2.0000E-03   1   5
 -1.0629E-03  5.9589E-04 -2.6855E-04 -3.1242E+04 -5.5518E+04 -2.9059E+02  0.0000E+00 -2.0000E-03   1   5
 -1.4830E-03  4.0705E-04 -7.4215E-04 -2.1440E+04 -7.7742E+04  6.6926E+02  0.0000E+00 -2.0000E-03   1   5
  1.3484E-03  2.6009E-04  1.0641E-03 -1.4464E+04  7.0383E+04 -1.4074E+03  0.0000E+00 -2.0000E-03   1   5
  9.7312E-04  1.0606E-04  4.3817E-04 -6.5821E+03  5.0461E+04  1.2544E+03  0.0000E+00 -2.0000E-03   1   5
  7.5135E-04 -4.2636E-05  3.7530E-05  7.0448E+02  3.8452E+04 -7.9973E+02  0.0000E+00 -2.0000E-03   1   5
  5.8523E-04 -1.8934E-04 -3.5019E-04  1.0780E+04  3.1717E+04  1.8355E+02  0.0000E+00 -2.0000E-03   1   5
  4.4206E-04 -3.4595E-04 -8.7546E-04  1.8691E+04  2.3765E+04 -2.4897E+03  0.0000E+00 -2.0000E-03   1   5
  3.1423E-04 -5.1771E-04  8.8724E-04  2.7502E+04  1.6812E+04  2.5494E+03  0.0000E+00 -2.0000E-03   1   5
  1.9562E-04 -7.1993E-04  3.5139E-04  3.7940E+04  1.0379E+04 -1.6611E+02  0.0000E+00 -2.0000E-03   1   5
  8.2591E-05 -9.9049E-04 -3.7703E-05  5.1973E+04  4.2529E+03  8.0851E+02  0.0000E+00 -2.0000E-03   1   5
 -2.6571E-05 -1.5356E-03 -4.3613E-04  8.0395E+04 -1.6580E+03 -1.2390E+03  0.0000E+00 -2.0000E-03   1   5
 -1.5463E-04  1.1621E-03 -1.0440E-03 -6.1068E+04 -9.3200E+03  1.4222E+03  0.0000E+00 -2.0000E-03   1   5
 -2.6802E-04  8.1429E-04  7.4966E-04 -4.3026E+04 -1.3281E+04 -6.5113E+02  0.0000E+00 -2.0000E-03   1   5
 -3.8780E-04  5.8449E-04  2.6916E-04 -3.1162E+04 -1.9939E+04  3.0922E+02  0.0000E+00 -2.0000E-03   1   5
 -5.1787E-04  3.9964E-04 -1.1326E-04 -2.1724E+04 -2.7004E+04 -2.1044E+03  0.0000E+00 -2.0000E-03   1   5
 -6.6510E-04  2.3662E-04 -5.2814E-04 -1.3802E+04 -3.4939E+04  1.8629E+03  0.0000E+00 -2.0000E-03   1   5
 -8.3792E-04  8.4460E-05 -1.2921E-03 -3.3362E+03 -4.4194E+04 -4.1613E+02  0.0000E+00 -2.0000E-03   1   5
 -1.0750E-03 -6.4166E-05  6.3372E-04  4.1944E+03 -5.6913E+04  5.4885E+02  0.0000E+00 -2.0000E-03   1   5
 -1.5224E-03 -2.1573E-04  1.9012E-04  1.2007E+04 -8.0844E+04 -1.6063E+03  0.0000E+00 -2.0000E-03   1   5
  1.3202E-03 -3.5295E-04 -1.8991E-04  1.8484E+04  7.0073E+04  1.0919E+03  0.0000E+00 -2.0000E-03   1   5
  9.6241E-04 -5.2788E-04 -6.2879E-04  2.7553E+04  5.0965E+04 -9.3721E+02  0.0000E+00 -2.0000E-03   1   5
  7.4591E-04 -7.3403E-04  6.0812E-04  3.8242E+04  3.9394E+04  6.8893E+01  0.0000E+00 -2.0000E-03   1   5
  5.7953E-04 -1.0136E-03  1.7150E-04  5.2763E+04  3.0476E+04 -3.1602E+03  0.0000E+00 -2.0000E-03   1   5
  4.4031E-04 -1.6268E-03 -2.0857E-04  8.4738E+04  2.3034E+04  2.8323E+03  0.0000E+00 -2.0000E-03   1   5
  2.9619E-04  1.1288E-03 -6.5464E-04 -5.9813E+04  1.4652E+04 -1.2082E+02  0.0000E+00 -2.0000E-03   1   5
  1.7853E-04  7.9408E-04  1.2545E-03 -4.2546E+04  7.9313E+03  8.7916E+02  0.0000E+00 -2.0000E-03   1   5
  6.4677E-05  5.7215E-04  5.0829E-04 -3.1744E+04  4.0380E+03 -1.1483E+03  0.0000E+00 -2.0000E-03   1   5
 -4.1941E-05  3.8958E-04  9.4962E-05 -1.8523E+04 -1.8538E+03  1.5289E+03  0.0000E+00 -2.0000E-03   1   5
 -1.5460E-04  2.2788E-04 -2.8782E-04 -1.1016E+04 -8.0014E+03 -5.9913E+02  0.0000E+00 -2.0000E-03   1   5
 -2.6942E-04  7.6570E-05 -7.7195E-04 -3.3557E+03 -1.4237E+04  3.5745E+02  0.0000E+00 -2.0000E-03   1   5
 -3.9016E-04 -7.1197E-05  1.0163E-03  4.2031E+03 -2.0804E+04 -1.9549E+03  0.0000E+00 -2.0000E-03   1   5
 -5.2108E-04 -2.2107E-04  4.1684E-04  1.1905E+04 -2.7969E+04  1.9986E+03  0.0000E+00 -2.0000E-03   1   5
 -6.6903E-04 -3.7985E-04  1.9463E-05  2.0093E+04 -3.6509E+04 -3.4486E+02  0.0000E+00 -2.0000E-03   1   5
 -8.4728E-04 -5.5124E-04 -3.7036E-04  2.8927E+04 -4.2677E+04  6.0206E+02  0.0000E+00 -2.0000E-03   1   5
 -1.0896E-03 -7.6193E-04 -9.1181E-04  3.9846E+04 -5.6242E+04 -1.5109E+03  0.0000E+00 -2.0000E-03   1   5
 -1.5680E-03 -1.0532E-03  8.5157E-04  5.5041E+04 -8.1613E+04  1.1759E+03  0.0000E+00 -2.0000E-03   1   5
  1.2967E-03 -1.7498E-03  3.3130E-04  9.0803E+04  6.8371E+04 -8.6534E+02  0.0000E+00 -2.0000E-03   1   5
