  8.5491E-08  1.0000E+00  8.0544E-01  6.7636E-01  4.8128E-01  1.0000E+00  8.0483E-01  6.7314E-01  4.7911E-01  9.6718E-01  8.0053E-01  6.8364E-01  4.9768E-01
  3.0000E-03  1.0000E+00  8.0544E-01  6.7636E-01  4.8128E-01  1.0000E+00  8.0483E-01  6.7314E-01  4.7911E-01  9.6718E-01  8.0053E-01  6.8364E-01  4.9768E-01
  5.9979E-03  1.0000E+00  8.0544E-01  6.7636E-01  4.8128E-01  1.0000E+00  8.0483E-01  6.7314E-01  4.7911E-01  9.6718E-01  8.0053E-01  6.8364E-01  4.9768E-01
  8.9958E-03  1.0000E+00  8.0544E-01  6.7636E-01  4.8128E-01  1.0000E+00  8.0483E-01  6.7314E-01  4.7911E-01  9.6718E-01  8.0053E-01  6.8364E-01  4.9768E-01
  1.1994E-02  1.0000E+00  8.0544E-01  6.7636E-01  4.8128E-01  1.0000E+00  8.0483E-01  6.7314E-01  4.7911E-01  9.6718E-01  8.0053E-01  6.8364E-01  4.9768E-01
  1.4992E-02  1.0000E+00  8.0544E-01  6.7636E-01  4.8128E-01  1.0000E+00  8.0483E-01  6.7314E-01  4.7911E-01  9.6718E-01  8.0053E-01  6.8364E-01  4.9768E-01
  1.7990E-02  1.0000E+00  8.0544E-01  6.7636E-01  4.8128E-01  1.0000E+00  8.0483E-01  6.7314E-01  4.7911E-01  9.6718E-01  8.0053E-01  6.8364E-01  4.9768E-01
  2.0988E-02  1.0000E+00  8.0544E-01  6.7636E-01  4.8128E-01  1.0000E+00  8.0483E-01  6.7314E-01  4.7911E-01  9.6718E-01  8.0053E-01  6.8364E-01  4.9768E-01
  2.3985E-02  1.0000E+00  8.0544E-01  6.7636E-01  4.8128E-01  1.0000E+00  8.0483E-01  6.7314E-01  4.7911E-01  9.6718E-01  8.0053E-01  6.8364E-01  4.9768E-01
  2.6983E-02  1.0000E+00  8.0544E-01  6.7636E-01  4.8128E-01  1.0000E+00  8.0482E-01  6.7314E-01  4.7911E-01  9.6718E-01  8.0053E-01  6.8364E-01  4.9768E-01
  2.9981E-02  1.0000E+00  8.0544E-01  6.7636E-01  4.8128E-01  1.0000E+00  8.0482E-01  6.7314E-01  4.7911E-01  9.6718E-01  8.0053E-01  6.8364E-01  4.9768E-01
  3.2979E-02  1.0000E+00  8.0544E-01  6.7636E-01  4.8128E-01  1.0000E+00  8.0482E-01  6.7314E-01  4.7911E-01  9.6718E-01  8.0053E-01  6.8364E-01  4.9768E-01
  3.5977E-02  1.0000E+00  8.0544E-01  6.7636E-01  4.8128E-01  1.0000E+00  8.0482E-01  6.7314E-01  4.7911E-01  9.6718E-01  8.0053E-01  6.8364E-01  4.9768E-01
  3.8975E-02  1.0000E+00  8.0544E-01  6.7636E-01  4.8128E-01  1.0000E+00  8.0482E-01  6.7314E-01  4.7911E-01  9.6718E-01  8.0053E-01  6.8364E-01  4.9768E-01
  4.1973E-02  1.0000E+00  8.0544E-01  6.7636E-01  4.8128E-01  1.0000E+00  8.0482E-01  6.7314E-01  4.7911E-01  9.6718E-01  8.0053E-01  6.8364E-01  4.9768E-01
  4.4971E-02  1.0000E+00  8.0544E-01  6.7636E-01  4.8128E-01  1.0000E+00  8.0482E-01  6.7314E-01  4.7911E-01  9.6718E-01  8.0053E-01  6.8364E-01  4.9768E-01
  4.7969E-02  1.0000E+00  8.0544E-01  6.7636E-01  4.8128E-01  1.0000E+00  8.0482E-01  6.7314E-01  4.7911E-01  9.6718E-01  8.0053E-01  6.8364E-01  4.9768E-01
  5.0967E-02  1.0000E+00  8.0544E-01  6.7636E-01  4.8128E-01  1.0000E+00  8.0482E-01  6.7314E-01  4.7911E-01  9.6718E-01  8.0053E-01  6.8364E-01  4.9768E-01
  5.3965E-02  1.0000E+00  8.0544E-01  6.7636E-01  4.8128E-01  1.0000E+00  8.0482E-01  6.7314E-01  4.7910E-01  9.6718E-01  8.0053E-01  6.8364E-01  4.9768E-01
  5.6963E-02  1.0000E+00  8.0544E-01  6.7636E-01  4.8128E-01  1.0000E+00  8.0482E-01  6.7314E-01  4.7910E-01  9.6718E-01  8.0053E-01  6.8364E-01  4.9768E-01
  5.9961E-02  1.0000E+00  8.0544E-01  6.7636E-01  4.8128E-01  1.0000E+00  8.0482E-01  6.7314E-01  4.7910E-01  9.6718E-01  8.0053E-01  6.8364E-01  4.9768E-01
  6.2958E-02  1.0000E+00  8.0544E-01  6.7636E-01  4.8128E-01  1.0000E+00  8.0482E-01  6.7314E-01  4.7910E-01  9.6718E-01  8.0053E-01  6.8364E-01  4.9768E-01
  6.5956E-02  1.0000E+00  8.0544E-01  6.7636E-01  4.8128E-01  1.0000E+00  8.0482E-01  6.7314E-01  4.7910E-01  9.6718E-01  8.0053E-01  6.8364E-01  4.9768E-01
  6.8954E-02  1.0000E+00  8.0544E-01  6.7636E-01  4.8128E-01  1.0000E+00  8.0482E-01  6.7314E-01  4.7910E-01  9.6718E-01  8.0053E-01  6.8364E-01  4.9768E-01
  7.1952E-02  1.0000E+00  8.0544E-01  6.7636E-01  4.8128E-01  1.0000E+00  8.0482E-01  6.7314E-01  4.7910E-01  9.6718E-01  8.0053E-01  6.8364E-01  4.9768E-01
  7.4950E-02  1.0000E+00  8.0544E-01  6.7636E-01  4.8128E-01  1.0000E+00  8.0482E-01  6.7314E-01  4.7910E-01  9.6718E-01  8.0053E-01  6.8364E-01  4.9768E-01
  7.7948E-02  1.0000E+00  8.0544E-01  6.7636E-01  4.8128E-01  1.0000E+00  8.0482E-01  6.7314E-01  4.7910E-01  9.6718E-01  8.0053E-01  6.8364E-01  4.9768E-01
  8.0946E-02  1.0000E+00  8.0544E-01  6.7636E-01  4.8128E-01  1.0000E+00  8.0482E-01  6.7314E-01  4.7910E-01  9.6718E-01  8.0053E-01  6.8364E-01  4.9768E-01
  8.3944E-02  1.0000E+00  8.0544E-01  6.7636E-01  4.8128E-01  1.0000E+00  8.0482E-01  6.7314E-01  4.7910E-01  9.6718E-01  8.0053E-01  6.8364E-01  4.9768E-01
  8.6942E-02  1.0000E+00  8.0544E-01  6.7636E-01  4.8128E-01  1.0000E+00  8.0482E-01  6.7314E-01  4.7910E-01  9.6718E-01  8.0053E-01  6.8364E-01  4.9768E-01
  8.9940E-02  1.0000E+00  8.0544E-01  6.7636E-01  4.8128E-01  1.0000E+00  8.0482E-01  6.7314E-01  4.7910E-01  9.6718E-01  8.0053E-01  6.8364E-01  4.9768E-01
  9.2938E-02  1.0000E+00  8.0544E-01  6.7636E-01  4.8128E-01  1.0000E+00  8.0482E-01  6.7314E-01  4.7910E-01  9.6718E-01  8.0053E-01  6.8364E-01  4.9768E-01
  9.5936E-02  1.0000E+00  8.0544E-01  6.7636E-01  4.8128E-01  1.0000E+00  8.0482E-01  6.7314E-01  4.7910E-01  9.6718E-01  8.0053E-01  6.8364E-01  4.9768E-01
  9.8934E-02  1.0000E+00  8.0544E-01  6.7636E-01  4.8128E-01  1.0000E+00  8.0482E-01  6.7314E-01  4.7910E-01  9.6718E-01  8.0053E-01  6.8364E-01  4.9768E-01
  1.0193E-01  1.0000E+00  8.0544E-01  6.7636E-01  4.8128E-01  1.0000E+00  8.0482E-01  6.7314E-01  4.7910E-01  9.6718E-01  8.0053E-01  6.8364E-01  4.9768E-01
  1.0493E-01  1.0000E+00  8.0544E-01  6.7636E-01  4.8128E-01  1.0000E+00  8.0482E-01  6.7314E-01  4.7910E-01  9.6718E-01  8.0053E-01  6.8364E-01  4.9768E-01
  1.0793E-01  1.0000E+00  8.0544E-01  6.7636E-01  4.8128E-01  1.0000E+00  8.0482E-01  6.7314E-01  4.7910E-01  9.6718E-01  8.0053E-01  6.8364E-01  4.9768E-01
  1.1093E-01  1.0000E+00  8.0544E-01  6.7636E-01  4.8128E-01  1.0000E+00  8.0482E-01  6.7314E-01  4.7910E-01  9.6718E-01  8.0053E-01  6.8364E-01  4.9768E-01
  1.1392E-01  1.0000E+00  8.0544E-01  6.7636E-01  4.8128E-01  1.0000E+00  8.0482E-01  6.7314E-01  4.7910E-01  9.6718E-01  8.0053E-01  6.8364E-01  4.9768E-01
  1.1692E-01  1.0000E+00  8.0544E-01  6.7636E-01  4.8128E-01  1.0000E+00  8.0482E-01  6.7314E-01  4.7910E-01  9.6718E-01  8.0053E-01  6.8364E-01  4.9768E-01
  1.1992E-01  1.0000E+00  8.0544E-01  6.7636E-01  4.8128E-01  1.0000E+00  8.0482E-01  6.7314E-01  4.7910E-01  9.6718E-01  8.0053E-01  6.8364E-01  4.9768E-01
  1.2292E-01  1.0000E+00  8.0544E-01  6.7636E-01  4.8128E-01  1.0000E+00  8.0482E-01  6.7314E-01  4.7910E-01  9.6718E-01  8.0053E-01  6.8364E-01  4.9768E-01
  1.2591E-01  1.0000E+00  8.0544E-01  6.7636E-01  4.8128E-01  1.0000E+00  8.0482E-01  6.7314E-01  4.7910E-01  9.6718E-01  8.0053E-01  6.8364E-01  4.9768E-01
  1.2891E-01  1.0000E+00  8.0544E-01  6.7636E-01  4.8128E-01  1.0000E+00  8.0482E-01  6.7314E-01  4.7910E-01  9.6718E-01  8.0053E-01  6.8364E-01  4.9768E-01
  1.3191E-01  1.0000E+00  8.0544E-01  6.7636E-01  4.8128E-01  1.0000E+00  8.0482E-01  6.7314E-01  4.7910E-01  9.6718E-01  8.0053E-01  6.8364E-01  4.9768E-01
  1.3491E-01  1.0000E+00  8.0544E-01  6.7636E-01  4.8128E-01  1.0000E+00  8.0482E-01  6.7314E-01  4.7910E-01  9.6718E-01  8.0054E-01  6.8364E-01  4.9768E-01
  1.3791E-01  1.0000E+00  8.0544E-01  6.7636E-01  4.8128E-01  1.0000E+00  8.0482E-01  6.7314E-01  4.7910E-01  9.6718E-01  8.0054E-01  6.8364E-01  4.9768E-01
  1.4090E-01  1.0000E+00  8.0544E-01  6.7636E-01  4.8128E-01  1.0000E+00  8.0482E-01  6.7314E-01  4.7910E-01  9.6718E-01  8.0054E-01  6.8364E-01  4.9768E-01
  1.4390E-01  1.0000E+00  8.0544E-01  6.7636E-01  4.8128E-01  1.0000E+00  8.0482E-01  6.7314E-01  4.7910E-01  9.6718E-01  8.0054E-01  6.8364E-01  4.9768E-01
  1.4690E-01  1.0000E+00  8.0544E-01  6.7636E-01  4.8128E-01  1.0000E+00  8.0482E-01  6.7314E-01  4.7910E-01  9.6718E-01  8.0054E-01  6.8364E-01  4.9768E-01
  1.5000E-01  1.0000E+00  8.0544E-01  6.7636E-01  4.8128E-01  1.0000E+00  8.0482E-01  6.7314E-01  4.7910E-01  9.6718E-01  8.0054E-01  6.8364E-01  4.9768E-01
  1.5300E-01  1.0000E+00  8.0544E-01  6.7636E-01  4.8128E-01  9.9999E-01  8.0482E-01  6.7314E-01  4.7910E-01  9.6718E-01  8.0054E-01  6.8364E-01  4.9768E-01
  1.5600E-01  1.0000E+00  8.0544E-01  6.7636E-01  4.8128E-01  9.9999E-01  8.0482E-01  6.7314E-01  4.7910E-01  9.6718E-01  8.0054E-01  6.8364E-01  4.9768E-01
  1.5899E-01  1.0000E+00  8.0544E-01  6.7636E-01  4.8128E-01  9.9999E-01  8.0482E-01  6.7314E-01  4.7910E-01  9.6718E-01  8.0054E-01  6.8364E-01  4.9768E-01
  1.6199E-01  1.0000E+00  8.0544E-01  6.7636E-01  4.8128E-01  9.9999E-01  8.0482E-01  6.7314E-01  4.7910E-01  9.6718E-01  8.0054E-01  6.8364E-01  4.9768E-01
  1.6499E-01  1.0000E+00  8.0544E-01  6.7636E-01  4.8128E-01  9.9999E-01  8.0482E-01  6.7314E-01  4.7910E-01  9.6718E-01  8.0054E-01  6.8364E-01  4.9768E-01
  1.6799E-01  1.0000E+00  8.0544E-01  6.7636E-01  4.8128E-01  9.9999E-01  8.0482E-01  6.7314E-01  4.7910E-01  9.6718E-01  8.0054E-01  6.8364E-01  4.9768E-01
  1.7099E-01  1.0000E+00  8.0544E-01  6.7636E-01  4.8128E-01  9.9999E-01  8.0482E-01  6.7314E-01  4.7910E-01  9.6718E-01  8.0054E-01  6.8364E-01  4.9768E-01
  1.7398E-01  1.0000E+00  8.0544E-01  6.7636E-01  4.8128E-01  9.9999E-01  8.0482E-01  6.7314E-01  4.7910E-01  9.6718E-01  8.0054E-01  6.8364E-01  4.9768E-01
  1.7698E-01  1.0000E+00  8.0544E-01  6.7636E-01  4.8128E-01  9.9999E-01  8.0482E-01  6.7314E-01  4.7910E-01  9.6718E-01  8.0054E-01  6.8364E-01  4.9768E-01
  1.7998E-01  1.0000E+00  8.0544E-01  6.7636E-01  4.8128E-01  9.9999E-01  8.0482E-01  6.7314E-01  4.7910E-01  9.6718E-01  8.0054E-01  6.8364E-01  4.9768E-01
  1.8298E-01  1.0000E+00  8.0544E-01  6.7636E-01  4.8128E-01  9.9999E-01  8.0482E-01  6.7314E-01  4.7910E-01  9.6718E-01  8.0054E-01  6.8364E-01  4.9768E-01
  1.8598E-01  1.0000E+00  8.0544E-01  6.7636E-01  4.8128E-01  9.9999E-01  8.0482E-01  6.7314E-01  4.7910E-01  9.6718E-01  8.0054E-01  6.8364E-01  4.9768E-01
  1.8897E-01  1.0000E+00  8.0544E-01  6.7636E-01  4.8128E-01  9.9999E-01  8.0482E-01  6.7314E-01  4.7910E-01  9.6719E-01  8.0054E-01  6.8364E-01  4.9768E-01
  1.9197E-01  1.0000E+00  8.0544E-01  6.7636E-01  4.8128E-01  9.9999E-01  8.0482E-01  6.7314E-01  4.7910E-01  9.6719E-01  8.0054E-01  6.8364E-01  4.9768E-01
  1.9497E-01  1.0000E+00  8.0544E-01  6.7636E-01  4.8128E-01  9.9999E-01  8.0482E-01  6.7314E-01  4.7910E-01  9.6719E-01  8.0054E-01  6.8364E-01  4.9768E-01
  1.9797E-01  1.0000E+00  8.0544E-01  6.7636E-01  4.8128E-01  9.9999E-01  8.0482E-01  6.7314E-01  4.7910E-01  9.6719E-01  8.0054E-01  6.8364E-01  4.9768E-01
  2.0096E-01  1.0000E+00  8.0544E-01  6.7636E-01  4.8128E-01  9.9999E-01  8.0482E-01  6.7314E-01  4.7910E-01  9.6719E-01  8.0054E-01  6.8364E-01  4.9768E-01
  2.0396E-01  1.0000E+00  8.0544E-01  6.7636E-01  4.8128E-01  9.9999E-01  8.0482E-01  6.7314E-01  4.7910E-01  9.6719E-01  8.0054E-01  6.8364E-01  4.9768E-01
  2.0696E-01  1.0000E+00  8.0544E-01  6.7636E-01  4.8128E-01  9.9999E-01  8.0482E-01  6.7314E-01  4.7910E-01  9.6719E-01  8.0054E-01  6.8364E-01  4.9768E-01
  2.0996E-01  1.0000E+00  8.0544E-01  6.7636E-01  4.8128E-01  9.9999E-01  8.0482E-01  6.7314E-01  4.7910E-01  9.6719E-01  8.0054E-01  6.8364E-01  4.9768E-01
  2.1296E-01  1.0000E+00  8.0544E-01  6.7636E-01  4.8128E-01  9.9999E-01  8.0482E-01  6.7314E-01  4.7910E-01  9.6719E-01  8.0054E-01  6.8364E-01  4.9769E-01
  2.1595E-01  1.0000E+00  8.0544E-01  6.7636E-01  4.8128E-01  9.9999E-01  8.0482E-01  6.7314E-01  4.7910E-01  9.6719E-01  8.0054E-01  6.8364E-01  4.9769E-01
  2.1895E-01  1.0000E+00  8.0544E-01  6.7636E-01  4.8128E-01  9.9999E-01  8.0482E-01  6.7314E-01  4.7910E-01  9.6719E-01  8.0054E-01  6.8364E-01  4.9769E-01
  2.2195E-01  1.0000E+00  8.0544E-01  6.7636E-01  4.8128E-01  9.9999E-01  8.0482E-01  6.7314E-01  4.7910E-01  9.6719E-01  8.0054E-01  6.8364E-01  4.9769E-01
  2.2495E-01  1.0000E+00  8.0544E-01  6.7636E-01  4.8128E-01  9.9999E-01  8.0482E-01  6.7314E-01  4.7910E-01  9.6719E-01  8.0054E-01  6.8364E-01  4.9769E-01
  2.2795E-01  1.0000E+00  8.0544E-01  6.7636E-01  4.8128E-01  9.9999E-01  8.0482E-01  6.7314E-01  4.7910E-01  9.6719E-01  8.0054E-01  6.8364E-01  4.9769E-01
  2.3094E-01  1.0000E+00  8.0544E-01  6.7636E-01  4.8128E-01  9.9999E-01  8.0482E-01  6.7314E-01  4.7910E-01  9.6719E-01  8.0054E-01  6.8364E-01  4.9769E-01
  2.3394E-01  1.0000E+00  8.0544E-01  6.7636E-01  4.8128E-01  9.9999E-01  8.0482E-01  6.7314E-01  4.7910E-01  9.6719E-01  8.0054E-01  6.8364E-01  4.9769E-01
  2.3694E-01  1.0000E+00  8.0544E-01  6.7636E-01  4.8128E-01  9.9999E-01  8.0482E-01  6.7314E-01  4.7910E-01  9.6719E-01  8.0054E-01  6.8364E-01  4.9769E-01
  2.3994E-01  1.0000E+00  8.0544E-01  6.7636E-01  4.8128E-01  9.9999E-01  8.0482E-01  6.7314E-01  4.7910E-01  9.6719E-01  8.0054E-01  6.8364E-01  4.9769E-01
  2.4294E-01  1.0000E+00  8.0544E-01  6.7636E-01  4.8128E-01  9.9999E-01  8.0482E-01  6.7314E-01  4.7910E-01  9.6719E-01  8.0054E-01  6.8364E-01  4.9769E-01
  2.4593E-01  1.0000E+00  8.0544E-01  6.7636E-01  4.8128E-01  9.9999E-01  8.0482E-01  6.7314E-01  4.7910E-01  9.6719E-01  8.0054E-01  6.8364E-01  4.9769E-01
  2.4893E-01  1.0000E+00  8.0544E-01  6.7636E-01  4.8128E-01  9.9999E-01  8.0482E-01  6.7314E-01  4.7910E-01  9.6719E-01  8.0054E-01  6.8364E-01  4.9769E-01
  2.5193E-01  1.0000E+00  8.0544E-01  6.7636E-01  4.8128E-01  9.9999E-01  8.0482E-01  6.7314E-01  4.7910E-01  9.6719E-01  8.0054E-01  6.8364E-01  4.9769E-01
  2.5493E-01  1.0000E+00  8.0544E-01  6.7636E-01  4.8128E-01  9.9999E-01  8.0482E-01  6.7313E-01  4.7910E-01  9.6719E-01  8.0054E-01  6.8364E-01  4.9769E-01
  2.5793E-01  1.0000E+00  8.0544E-01  6.7636E-01  4.8128E-01  9.9999E-01  8.0482E-01  6.7313E-01  4.7910E-01  9.6719E-01  8.0054E-01  6.8364E-01  4.9769E-01
  2.6092E-01  1.0000E+00  8.0544E-01  6.7636E-01  4.8128E-01  9.9999E-01  8.0482E-01  6.7313E-01  4.7910E-01  9.6719E-01  8.0054E-01  6.8364E-01  4.9769E-01
  2.6392E-01  1.0000E+00  8.0544E-01  6.7636E-01  4.8128E-01  9.9999E-01  8.0482E-01  6.7313E-01  4.7910E-01  9.6719E-01  8.0054E-01  6.8364E-01  4.9769E-01
  2.6692E-01  1.0000E+00  8.0544E-01  6.7636E-01  4.8128E-01  9.9999E-01  8.0482E-01  6.7313E-01  4.7910E-01  9.6719E-01  8.0054E-01  6.8364E-01  4.9769E-01
  2.6992E-01  1.0000E+00  8.0544E-01  6.7636E-01  4.8128E-01  9.9999E-01  8.0482E-01  6.7313E-01  4.7910E-01  9.6719E-01  8.0054E-01  6.8364E-01  4.9769E-01
  2.7291E-01  1.0000E+00  8.0544E-01  6.7636E-01  4.8128E-01  9.9999E-01  8.0482E-01  6.7313E-01  4.7910E-01  9.6719E-01  8.0054E-01  6.8364E-01  4.9769E-01
  2.7591E-01  1.0000E+00  8.0544E-01  6.7636E-01  4.8128E-01  9.9999E-01  8.0482E-01  6.7313E-01  4.7910E-01  9.6719E-01  8.0054E-01  6.8364E-01  4.9769E-01
  2.7891E-01  1.0000E+00  8.0544E-01  6.7636E-01  4.8128E-01  9.9999E-01  8.0482E-01  6.7313E-01  4.7910E-01  9.6719E-01  8.0054E-01  6.8364E-01  4.9769E-01
  2.8191E-01  1.0000E+00  8.0544E-01  6.7636E-01  4.8128E-01  9.9999E-01  8.0482E-01  6.7313E-01  4.7910E-01  9.6719E-01  8.0054E-01  6.8364E-01  4.9769E-01
  2.8491E-01  1.0000E+00  8.0544E-01  6.7636E-01  4.8128E-01  9.9999E-01  8.0482E-01  6.7313E-01  4.7910E-01  9.6719E-01  8.0054E-01  6.8364E-01  4.9769E-01
  2.8790E-01  1.0000E+00  8.0544E-01  6.7636E-01  4.8128E-01  9.9999E-01  8.0482E-01  6.7313E-01  4.7910E-01  9.6719E-01  8.0054E-01  6.8364E-01  4.9769E-01
  2.9090E-01  1.0000E+00  8.0544E-01  6.7636E-01  4.8128E-01  9.9999E-01  8.0482E-01  6.7313E-01  4.7910E-01  9.6719E-01  8.0054E-01  6.8364E-01  4.9769E-01
  2.9390E-01  1.0000E+00  8.0544E-01  6.7636E-01  4.8128E-01  9.9999E-01  8.0482E-01  6.7313E-01  4.7910E-01  9.6719E-01  8.0054E-01  6.8364E-01  4.9769E-01
  2.9700E-01  1.0000E+00  8.0544E-01  6.7636E-01  4.8128E-01  9.9999E-01  8.0482E-01  6.7313E-01  4.7910E-01  9.6719E-01  8.0054E-01  6.8364E-01  4.9769E-01
  3.0000E-01  1.0000E+00  8.0544E-01  6.7636E-01  4.8128E-01  9.9999E-01  8.0482E-01  6.7313E-01  4.7910E-01  9.6719E-01  8.0054E-01  6.8364E-01  4.9769E-01
  3.0300E-01  1.0000E+00  8.0544E-01  6.7636E-01  4.8128E-01  9.9999E-01  8.0482E-01  6.7313E-01  4.7910E-01  9.6719E-01  8.0054E-01  6.8364E-01  4.9769E-01
  3.0599E-01  1.0000E+00  8.0544E-01  6.7636E-01  4.8128E-01  9.9999E-01  8.0482E-01  6.7313E-01  4.7910E-01  9.6719E-01  8.0054E-01  6.8364E-01  4.9769E-01
  3.0899E-01  1.0000E+00  8.0544E-01  6.7636E-01  4.8128E-01  9.9999E-01  8.0482E-01  6.7313E-01  4.7910E-01  9.6719E-01  8.0054E-01  6.8364E-01  4.9769E-01
  3.1199E-01  1.0000E+00  8.0544E-01  6.7636E-01  4.8128E-01  9.9999E-01  8.0482E-01  6.7313E-01  4.7910E-01  9.6719E-01  8.0054E-01  6.8364E-01  4.9769E-01
  3.1499E-01  1.0000E+00  8.0544E-01  6.7636E-01  4.8128E-01  9.9999E-01  8.0482E-01  6.7313E-01  4.7910E-01  9.6719E-01  8.0054E-01  6.8364E-01  4.9769E-01
  3.1799E-01  1.0000E+00  8.0544E-01  6.7636E-01  4.8128E-01  9.9999E-01  8.0482E-01  6.7313E-01  4.7910E-01  9.6719E-01  8.0054E-01  6.8364E-01  4.9769E-01
  3.2098E-01  1.0000E+00  8.0544E-01  6.7636E-01  4.8128E-01  9.9999E-01  8.0482E-01  6.7313E-01  4.7910E-01  9.6719E-01  8.0054E-01  6.8364E-01  4.9769E-01
  3.2398E-01  1.0000E+00  8.0544E-01  6.7636E-01  4.8128E-01  9.9999E-01  8.0482E-01  6.7313E-01  4.7910E-01  9.6719E-01  8.0054E-01  6.8364E-01  4.9769E-01
  3.2698E-01  1.0000E+00  8.0544E-01  6.7636E-01  4.8128E-01  9.9999E-01  8.0481E-01  6.7313E-01  4.7910E-01  9.6719E-01  8.0054E-01  6.8364E-01  4.9769E-01
  3.2998E-01  1.0000E+00  8.0544E-01  6.7636E-01  4.8128E-01  9.9999E-01  8.0481E-01  6.7313E-01  4.7910E-01  9.6719E-01  8.0054E-01  6.8364E-01  4.9769E-01
  3.3298E-01  1.0000E+00  8.0544E-01  6.7636E-01  4.8128E-01  9.9999E-01  8.0481E-01  6.7313E-01  4.7910E-01  9.6719E-01  8.0054E-01  6.8364E-01  4.9769E-01
  3.3597E-01  1.0000E+00  8.0544E-01  6.7636E-01  4.8128E-01  9.9999E-01  8.0481E-01  6.7313E-01  4.7910E-01  9.6719E-01  8.0054E-01  6.8364E-01  4.9769E-01
  3.3897E-01  1.0000E+00  8.0544E-01  6.7636E-01  4.8128E-01  9.9999E-01  8.0481E-01  6.7313E-01  4.7910E-01  9.6719E-01  8.0054E-01  6.8364E-01  4.9769E-01
  3.4197E-01  1.0000E+00  8.0544E-01  6.7636E-01  4.8128E-01  9.9999E-01  8.0481E-01  6.7313E-01  4.7910E-01  9.6719E-01  8.0054E-01  6.8364E-01  4.9769E-01
  3.4497E-01  1.0000E+00  8.0544E-01  6.7636E-01  4.8128E-01  9.9999E-01  8.0481E-01  6.7313E-01  4.7910E-01  9.6719E-01  8.0054E-01  6.8364E-01  4.9769E-01
  3.4796E-01  1.0000E+00  8.0544E-01  6.7636E-01  4.8128E-01  9.9999E-01  8.0481E-01  6.7313E-01  4.7910E-01  9.6719E-01  8.0054E-01  6.8364E-01  4.9769E-01
  3.5096E-01  1.0000E+00  8.0544E-01  6.7636E-01  4.8128E-01  9.9999E-01  8.0481E-01  6.7313E-01  4.7910E-01  9.6719E-01  8.0054E-01  6.8364E-01  4.9769E-01
  3.5396E-01  1.0000E+00  8.0544E-01  6.7636E-01  4.8128E-01  9.9999E-01  8.0481E-01  6.7313E-01  4.7910E-01  9.6719E-01  8.0054E-01  6.8364E-01  4.9769E-01
  3.5696E-01  1.0000E+00  8.0544E-01  6.7636E-01  4.8128E-01  9.9999E-01  8.0481E-01  6.7313E-01  4.7910E-01  9.6719E-01  8.0054E-01  6.8364E-01  4.9769E-01
  3.5996E-01  1.0000E+00  8.0544E-01  6.7636E-01  4.8128E-01  9.9999E-01  8.0481E-01  6.7313E-01  4.7910E-01  9.6719E-01  8.0054E-01  6.8364E-01  4.9769E-01
  3.6295E-01  1.0000E+00  8.0544E-01  6.7636E-01  4.8128E-01  9.9999E-01  8.0481E-01  6.7313E-01  4.7910E-01  9.6719E-01  8.0054E-01  6.8364E-01  4.9769E-01
  3.6595E-01  1.0000E+00  8.0544E-01  6.7636E-01  4.8128E-01  9.9999E-01  8.0481E-01  6.7313E-01  4.7910E-01  9.6719E-01  8.0054E-01  6.8364E-01  4.9769E-01
  3.6895E-01  1.0000E+00  8.0544E-01  6.7636E-01  4.8128E-01  9.9999E-01  8.0481E-01  6.7313E-01  4.7910E-01  9.6719E-01  8.0054E-01  6.8364E-01  4.9769E-01
  3.7195E-01  1.0000E+00  8.0544E-01  6.7636E-01  4.8128E-01  9.9999E-01  8.0481E-01  6.7313E-01  4.7910E-01  9.6719E-01  8.0054E-01  6.8364E-01  4.9769E-01
  3.7495E-01  1.0000E+00  8.0544E-01  6.7636E-01  4.8128E-01  9.9999E-01  8.0481E-01  6.7313E-01  4.7910E-01  9.6719E-01  8.0054E-01  6.8364E-01  4.9769E-01
  3.7794E-01  1.0000E+00  8.0544E-01  6.7636E-01  4.8128E-01  9.9999E-01  8.0481E-01  6.7313E-01  4.7910E-01  9.6719E-01  8.0054E-01  6.8364E-01  4.9769E-01
  3.8094E-01  1.0000E+00  8.0544E-01  6.7636E-01  4.8128E-01  9.9999E-01  8.0481E-01  6.7313E-01  4.7910E-01  9.6719E-01  8.0054E-01  6.8364E-01  4.9769E-01
  3.8394E-01  1.0000E+00  8.0544E-01  6.7636E-01  4.8128E-01  9.9999E-01  8.0481E-01  6.7313E-01  4.7910E-01  9.6719E-01  8.0054E-01  6.8364E-01  4.9769E-01
  3.8694E-01  1.0000E+00  8.0544E-01  6.7636E-01  4.8128E-01  9.9999E-01  8.0481E-01  6.7313E-01  4.7910E-01  9.6720E-01  8.0054E-01  6.8364E-01  4.9769E-01
  3.8994E-01  1.0000E+00  8.0544E-01  6.7636E-01  4.8128E-01  9.9999E-01  8.0481E-01  6.7313E-01  4.7910E-01  9.6720E-01  8.0054E-01  6.8364E-01  4.9769E-01
  3.9293E-01  1.0000E+00  8.0544E-01  6.7636E-01  4.8128E-01  9.9999E-01  8.0481E-01  6.7313E-01  4.7910E-01  9.6720E-01  8.0054E-01  6.8364E-01  4.9769E-01
  3.9593E-01  1.0000E+00  8.0544E-01  6.7636E-01  4.8128E-01  9.9999E-01  8.0481E-01  6.7313E-01  4.7910E-01  9.6720E-01  8.0054E-01  6.8364E-01  4.9769E-01
  3.9893E-01  1.0000E+00  8.0544E-01  6.7636E-01  4.8128E-01  9.9999E-01  8.0481E-01  6.7313E-01  4.7910E-01  9.6720E-01  8.0054E-01  6.8364E-01  4.9769E-01
  4.0193E-01  1.0000E+00  8.0544E-01  6.7636E-01  4.8128E-01  9.9999E-01  8.0481E-01  6.7313E-01  4.7910E-01  9.6720E-01  8.0054E-01  6.8364E-01  4.9769E-01
  4.0493E-01  1.0000E+00  8.0544E-01  6.7636E-01  4.8128E-01  9.9999E-01  8.0481E-01  6.7313E-01  4.7910E-01  9.6720E-01  8.0054E-01  6.8364E-01  4.9769E-01
  4.0792E-01  1.0000E+00  8.0544E-01  6.7636E-01  4.8128E-01  9.9999E-01  8.0481E-01  6.7313E-01  4.7910E-01  9.6720E-01  8.0054E-01  6.8364E-01  4.9769E-01
  4.1092E-01  1.0000E+00  8.0544E-01  6.7636E-01  4.8128E-01  9.9999E-01  8.0481E-01  6.7313E-01  4.7910E-01  9.6720E-01  8.0054E-01  6.8364E-01  4.9769E-01
  4.1392E-01  1.0000E+00  8.0544E-01  6.7636E-01  4.8128E-01  9.9999E-01  8.0481E-01  6.7313E-01  4.7910E-01  9.6720E-01  8.0054E-01  6.8364E-01  4.9769E-01
  4.1692E-01  1.0000E+00  8.0544E-01  6.7636E-01  4.8128E-01  9.9999E-01  8.0481E-01  6.7313E-01  4.7910E-01  9.6720E-01  8.0054E-01  6.8364E-01  4.9769E-01
  4.1991E-01  1.0000E+00  8.0544E-01  6.7636E-01  4.8128E-01  9.9999E-01  8.0481E-01  6.7313E-01  4.7910E-01  9.6720E-01  8.0054E-01  6.8364E-01  4.9769E-01
  4.2291E-01  1.0000E+00  8.0544E-01  6.7636E-01  4.8128E-01  9.9999E-01  8.0481E-01  6.7313E-01  4.7910E-01  9.6720E-01  8.0054E-01  6.8364E-01  4.9769E-01
  4.2591E-01  1.0000E+00  8.0544E-01  6.7636E-01  4.8128E-01  9.9999E-01  8.0481E-01  6.7313E-01  4.7910E-01  9.6720E-01  8.0054E-01  6.8364E-01  4.9769E-01
  4.2891E-01  1.0000E+00  8.0544E-01  6.7636E-01  4.8128E-01  9.9999E-01  8.0481E-01  6.7313E-01  4.7910E-01  9.6720E-01  8.0054E-01  6.8364E-01  4.9769E-01
  4.3191E-01  1.0000E+00  8.0544E-01  6.7636E-01  4.8128E-01  9.9999E-01  8.0481E-01  6.7313E-01  4.7910E-01  9.6720E-01  8.0054E-01  6.8364E-01  4.9769E-01
  4.3490E-01  1.0000E+00  8.0544E-01  6.7636E-01  4.8128E-01  9.9999E-01  8.0481E-01  6.7313E-01  4.7910E-01  9.6720E-01  8.0054E-01  6.8364E-01  4.9769E-01
  4.3790E-01  1.0000E+00  8.0544E-01  6.7636E-01  4.8128E-01  9.9999E-01  8.0481E-01  6.7313E-01  4.7910E-01  9.6720E-01  8.0055E-01  6.8364E-01  4.9770E-01
  4.4090E-01  1.0000E+00  8.0544E-01  6.7636E-01  4.8128E-01  9.9999E-01  8.0481E-01  6.7313E-01  4.7910E-01  9.6720E-01  8.0055E-01  6.8364E-01  4.9770E-01
  4.4400E-01  1.0000E+00  8.0544E-01  6.7636E-01  4.8128E-01  9.9999E-01  8.0481E-01  6.7313E-01  4.7910E-01  9.6720E-01  8.0055E-01  6.8364E-01  4.9770E-01
  4.4700E-01  1.0000E+00  8.0544E-01  6.7636E-01  4.8128E-01  9.9999E-01  8.0481E-01  6.7313E-01  4.7910E-01  9.6720E-01  8.0055E-01  6.8364E-01  4.9770E-01
  4.5000E-01  1.0000E+00  8.0544E-01  6.7636E-01  4.8128E-01  9.9999E-01  8.0481E-01  6.7313E-01  4.7910E-01  9.6720E-01  8.0055E-01  6.8364E-01  4.9770E-01
  4.5299E-01  1.0000E+00  8.0544E-01  6.7636E-01  4.8128E-01  9.9999E-01  8.0481E-01  6.7313E-01  4.7910E-01  9.6720E-01  8.0055E-01  6.8364E-01  4.9770E-01
  4.5599E-01  1.0000E+00  8.0544E-01  6.7636E-01  4.8128E-01  9.9999E-01  8.0481E-01  6.7313E-01  4.7910E-01  9.6720E-01  8.0055E-01  6.8364E-01  4.9770E-01
  4.5899E-01  1.0000E+00  8.0544E-01  6.7636E-01  4.8128E-01  9.9999E-01  8.0481E-01  6.7313E-01  4.7910E-01  9.6720E-01  8.0055E-01  6.8364E-01  4.9770E-01
  4.6199E-01  1.0000E+00  8.0544E-01  6.7636E-01  4.8128E-01  9.9999E-01  8.0481E-01  6.7313E-01  4.7910E-01  9.6720E-01  8.0055E-01  6.8364E-01  4.9770E-01
  4.6499E-01  1.0000E+00  8.0544E-01  6.7636E-01  4.8128E-01  9.9999E-01  8.0481E-01  6.7313E-01  4.7910E-01  9.6720E-01  8.0055E-01  6.8364E-01  4.9770E-01
  4.6798E-01  1.0000E+00  8.0544E-01  6.7636E-01  4.8128E-01  9.9999E-01  8.0481E-01  6.7313E-01  4.7910E-01  9.6720E-01  8.0055E-01  6.8364E-01  4.9770E-01
  4.7098E-01  1.0000E+00  8.0544E-01  6.7636E-01  4.8128E-01  9.9999E-01  8.0481E-01  6.7313E-01  4.7910E-01  9.6720E-01  8.0055E-01  6.8364E-01  4.9770E-01
  4.7398E-01  1.0000E+00  8.0544E-01  6.7636E-01  4.8128E-01  9.9999E-01  8.0481E-01  6.7313E-01  4.7910E-01  9.6720E-01  8.0055E-01  6.8364E-01  4.9770E-01
  4.7698E-01  1.0000E+00  8.0544E-01  6.7636E-01  4.8128E-01  9.9998E-01  8.0481E-01  6.7313E-01  4.7910E-01  9.6720E-01  8.0055E-01  6.8364E-01  4.9770E-01
  4.7998E-01  1.0000E+00  8.0544E-01  6.7636E-01  4.8128E-01  9.9998E-01  8.0481E-01  6.7313E-01  4.7910E-01  9.6720E-01  8.0055E-01  6.8364E-01  4.9770E-01
  4.8297E-01  1.0000E+00  8.0544E-01  6.7636E-01  4.8128E-01  9.9998E-01  8.0481E-01  6.7313E-01  4.7910E-01  9.6720E-01  8.0055E-01  6.8364E-01  4.9770E-01
  4.8597E-01  1.0000E+00  8.0544E-01  6.7636E-01  4.8128E-01  9.9998E-01  8.0481E-01  6.7313E-01  4.7910E-01  9.6720E-01  8.0055E-01  6.8364E-01  4.9770E-01
  4.8897E-01  1.0000E+00  8.0544E-01  6.7636E-01  4.8128E-01  9.9998E-01  8.0481E-01  6.7313E-01  4.7910E-01  9.6720E-01  8.0055E-01  6.8364E-01  4.9770E-01
  4.9197E-01  1.0000E+00  8.0544E-01  6.7636E-01  4.8128E-01  9.9998E-01  8.0481E-01  6.7313E-01  4.7910E-01  9.6720E-01  8.0055E-01  6.8364E-01  4.9770E-01
  4.9496E-01  1.0000E+00  8.0544E-01  6.7636E-01  4.8128E-01  9.9998E-01  8.0481E-01  6.7313E-01  4.7910E-01  9.6720E-01  8.0055E-01  6.8364E-01  4.9770E-01
  4.9796E-01  1.0000E+00  8.0544E-01  6.7636E-01  4.8128E-01  9.9998E-01  8.0481E-01  6.7313E-01  4.7910E-01  9.6720E-01  8.0055E-01  6.8364E-01  4.9770E-01
  5.0096E-01  1.0000E+00  8.0544E-01  6.7636E-01  4.8128E-01  9.9998E-01  8.0481E-01  6.7313E-01  4.7910E-01  9.6720E-01  8.0055E-01  6.8364E-01  4.9770E-01
  5.0396E-01  1.0000E+00  8.0544E-01  6.7636E-01  4.8128E-01  9.9998E-01  8.0481E-01  6.7313E-01  4.7910E-01  9.6720E-01  8.0055E-01  6.8365E-01  4.9770E-01
  5.0696E-01  1.0000E+00  8.0544E-01  6.7636E-01  4.8128E-01  9.9998E-01  8.0481E-01  6.7313E-01  4.7910E-01  9.6720E-01  8.0055E-01  6.8365E-01  4.9770E-01
  5.0995E-01  1.0000E+00  8.0544E-01  6.7636E-01  4.8128E-01  9.9998E-01  8.0481E-01  6.7313E-01  4.7910E-01  9.6720E-01  8.0055E-01  6.8365E-01  4.9770E-01
  5.1295E-01  1.0000E+00  8.0544E-01  6.7636E-01  4.8128E-01  9.9998E-01  8.0481E-01  6.7313E-01  4.7910E-01  9.6720E-01  8.0055E-01  6.8365E-01  4.9770E-01
  5.1595E-01  1.0000E+00  8.0544E-01  6.7636E-01  4.8128E-01  9.9998E-01  8.0481E-01  6.7313E-01  4.7910E-01  9.6720E-01  8.0055E-01  6.8365E-01  4.9770E-01
  5.1895E-01  1.0000E+00  8.0544E-01  6.7636E-01  4.8128E-01  9.9998E-01  8.0481E-01  6.7313E-01  4.7910E-01  9.6720E-01  8.0055E-01  6.8365E-01  4.9770E-01
  5.2195E-01  1.0000E+00  8.0544E-01  6.7636E-01  4.8128E-01  9.9998E-01  8.0481E-01  6.7313E-01  4.7910E-01  9.6720E-01  8.0055E-01  6.8365E-01  4.9770E-01
  5.2494E-01  1.0000E+00  8.0544E-01  6.7636E-01  4.8128E-01  9.9998E-01  8.0481E-01  6.7313E-01  4.7910E-01  9.6720E-01  8.0055E-01  6.8365E-01  4.9770E-01
  5.2794E-01  1.0000E+00  8.0544E-01  6.7636E-01  4.8128E-01  9.9998E-01  8.0481E-01  6.7313E-01  4.7910E-01  9.6720E-01  8.0055E-01  6.8365E-01  4.9770E-01
  5.3094E-01  1.0000E+00  8.0544E-01  6.7636E-01  4.8128E-01  9.9998E-01  8.0481E-01  6.7313E-01  4.7910E-01  9.6720E-01  8.0055E-01  6.8365E-01  4.9770E-01
  5.3394E-01  1.0000E+00  8.0544E-01  6.7636E-01  4.8128E-01  9.9998E-01  8.0481E-01  6.7313E-01  4.7910E-01  9.6720E-01  8.0055E-01  6.8365E-01  4.9770E-01
  5.3694E-01  1.0000E+00  8.0544E-01  6.7636E-01  4.8128E-01  9.9998E-01  8.0481E-01  6.7313E-01  4.7910E-01  9.6720E-01  8.0055E-01  6.8365E-01  4.9770E-01
  5.3993E-01  1.0000E+00  8.0544E-01  6.7636E-01  4.8128E-01  9.9998E-01  8.0481E-01  6.7313E-01  4.7910E-01  9.6720E-01  8.0055E-01  6.8365E-01  4.9770E-01
  5.4293E-01  1.0000E+00  8.0544E-01  6.7636E-01  4.8128E-01  9.9998E-01  8.0481E-01  6.7313E-01  4.7910E-01  9.6720E-01  8.0055E-01  6.8365E-01  4.9770E-01
  5.4593E-01  1.0000E+00  8.0544E-01  6.7636E-01  4.8128E-01  9.9998E-01  8.0481E-01  6.7313E-01  4.7910E-01  9.6720E-01  8.0055E-01  6.8365E-01  4.9770E-01
  5.4893E-01  1.0000E+00  8.0544E-01  6.7636E-01  4.8128E-01  9.9998E-01  8.0481E-01  6.7313E-01  4.7910E-01  9.6720E-01  8.0055E-01  6.8365E-01  4.9770E-01
  5.5193E-01  1.0000E+00  8.0544E-01  6.7636E-01  4.8128E-01  9.9998E-01  8.0481E-01  6.7313E-01  4.7910E-01  9.6720E-01  8.0055E-01  6.8365E-01  4.9770E-01
  5.5492E-01  1.0000E+00  8.0544E-01  6.7636E-01  4.8128E-01  9.9998E-01  8.0481E-01  6.7312E-01  4.7910E-01  9.6720E-01  8.0055E-01  6.8365E-01  4.9770E-01
  5.5792E-01  1.0000E+00  8.0544E-01  6.7636E-01  4.8128E-01  9.9998E-01  8.0481E-01  6.7312E-01  4.7910E-01  9.6720E-01  8.0055E-01  6.8365E-01  4.9770E-01
  5.6092E-01  1.0000E+00  8.0544E-01  6.7636E-01  4.8128E-01  9.9998E-01  8.0481E-01  6.7312E-01  4.7910E-01  9.6720E-01  8.0055E-01  6.8365E-01  4.9770E-01
  5.6392E-01  1.0000E+00  8.0544E-01  6.7636E-01  4.8128E-01  9.9998E-01  8.0481E-01  6.7312E-01  4.7910E-01  9.6720E-01  8.0055E-01  6.8365E-01  4.9770E-01
  5.6691E-01  1.0000E+00  8.0544E-01  6.7636E-01  4.8128E-01  9.9998E-01  8.0481E-01  6.7312E-01  4.7910E-01  9.6720E-01  8.0055E-01  6.8365E-01  4.9770E-01
  5.6991E-01  1.0000E+00  8.0544E-01  6.7636E-01  4.8128E-01  9.9998E-01  8.0481E-01  6.7312E-01  4.7910E-01  9.6720E-01  8.0055E-01  6.8365E-01  4.9770E-01
  5.7291E-01  1.0000E+00  8.0544E-01  6.7636E-01  4.8128E-01  9.9998E-01  8.0481E-01  6.7312E-01  4.7910E-01  9.6720E-01  8.0055E-01  6.8365E-01  4.9770E-01
  5.7591E-01  1.0000E+00  8.0544E-01  6.7636E-01  4.8128E-01  9.9998E-01  8.0481E-01  6.7312E-01  4.7910E-01  9.6720E-01  8.0055E-01  6.8365E-01  4.9770E-01
  5.7891E-01  1.0000E+00  8.0544E-01  6.7636E-01  4.8128E-01  9.9998E-01  8.0481E-01  6.7312E-01  4.7910E-01  9.6720E-01  8.0055E-01  6.8365E-01  4.9770E-01
  5.8190E-01  1.0000E+00  8.0544E-01  6.7636E-01  4.8128E-01  9.9998E-01  8.0481E-01  6.7312E-01  4.7910E-01  9.6720E-01  8.0055E-01  6.8365E-01  4.9770E-01
  5.8490E-01  1.0000E+00  8.0544E-01  6.7636E-01  4.8128E-01  9.9998E-01  8.0481E-01  6.7312E-01  4.7910E-01  9.6721E-01  8.0055E-01  6.8365E-01  4.9770E-01
  5.8790E-01  1.0000E+00  8.0544E-01  6.7636E-01  4.8128E-01  9.9998E-01  8.0481E-01  6.7312E-01  4.7910E-01  9.6721E-01  8.0055E-01  6.8365E-01  4.9770E-01
  5.9100E-01  1.0000E+00  8.0544E-01  6.7636E-01  4.8128E-01  9.9998E-01  8.0481E-01  6.7312E-01  4.7910E-01  9.6721E-01  8.0055E-01  6.8365E-01  4.9770E-01
  5.9400E-01  1.0000E+00  8.0544E-01  6.7636E-01  4.8128E-01  9.9998E-01  8.0481E-01  6.7312E-01  4.7910E-01  9.6721E-01  8.0055E-01  6.8365E-01  4.9770E-01
  5.9700E-01  1.0000E+00  8.0544E-01  6.7636E-01  4.8128E-01  9.9998E-01  8.0481E-01  6.7312E-01  4.7910E-01  9.6721E-01  8.0055E-01  6.8365E-01  4.9770E-01
  5.9999E-01  1.0000E+00  8.0545E-01  6.7637E-01  4.8129E-01  9.9998E-01  8.0480E-01  6.7311E-01  4.7908E-01  9.6721E-01  8.0055E-01  6.8365E-01  4.9770E-01
  6.0299E-01  1.0015E+00  8.0754E-01  6.7794E-01  4.8190E-01  1.0028E+00  8.0486E-01  6.7414E-01  4.7920E-01  9.6721E-01  8.0055E-01  6.8365E-01  4.9770E-01
  6.0599E-01  1.0015E+00  8.0754E-01  6.7794E-01  4.8190E-01  1.0028E+00  8.0486E-01  6.7414E-01  4.7920E-01  9.6721E-01  8.0055E-01  6.8365E-01  4.9770E-01
  6.0899E-01  1.0015E+00  8.0754E-01  6.7794E-01  4.8191E-01  1.0028E+00  8.0486E-01  6.7414E-01  4.7920E-01  9.6721E-01  8.0055E-01  6.8365E-01  4.9770E-01
  6.1199E-01  1.0015E+00  8.0755E-01  6.7794E-01  4.8191E-01  1.0028E+00  8.0486E-01  6.7414E-01  4.7920E-01  9.6721E-01  8.0055E-01  6.8365E-01  4.9770E-01
  6.1498E-01  1.0015E+00  8.0755E-01  6.7794E-01  4.8191E-01  1.0028E+00  8.0486E-01  6.7414E-01  4.7920E-01  9.6721E-01  8.0055E-01  6.8365E-01  4.9770E-01
  6.1798E-01  1.0015E+00  8.0755E-01  6.7795E-01  4.8191E-01  1.0028E+00  8.0486E-01  6.7414E-01  4.7920E-01  9.6721E-01  8.0055E-01  6.8365E-01  4.9770E-01
  6.2098E-01  1.0015E+00  8.0755E-01  6.7795E-01  4.8191E-01  1.0028E+00  8.0485E-01  6.7414E-01  4.7920E-01  9.6721E-01  8.0055E-01  6.8365E-01  4.9770E-01
  6.2398E-01  1.0015E+00  8.0755E-01  6.7795E-01  4.8191E-01  1.0027E+00  8.0485E-01  6.7414E-01  4.7919E-01  9.6721E-01  8.0055E-01  6.8365E-01  4.9770E-01
  6.2698E-01  1.0015E+00  8.0755E-01  6.7795E-01  4.8191E-01  1.0027E+00  8.0485E-01  6.7414E-01  4.7919E-01  9.6721E-01  8.0055E-01  6.8365E-01  4.9770E-01
  6.2997E-01  1.0015E+00  8.0756E-01  6.7795E-01  4.8191E-01  1.0027E+00  8.0485E-01  6.7414E-01  4.7919E-01  9.6721E-01  8.0055E-01  6.8365E-01  4.9770E-01
  6.3297E-01  1.0015E+00  8.0756E-01  6.7795E-01  4.8191E-01  1.0027E+00  8.0485E-01  6.7413E-01  4.7919E-01  9.6721E-01  8.0055E-01  6.8365E-01  4.9770E-01
  6.3597E-01  1.0015E+00  8.0756E-01  6.7795E-01  4.8191E-01  1.0027E+00  8.0485E-01  6.7413E-01  4.7919E-01  9.6721E-01  8.0055E-01  6.8365E-01  4.9770E-01
  6.3897E-01  1.0015E+00  8.0756E-01  6.7795E-01  4.8191E-01  1.0027E+00  8.0485E-01  6.7413E-01  4.7919E-01  9.6721E-01  8.0055E-01  6.8365E-01  4.9770E-01
  6.4196E-01  1.0015E+00  8.0756E-01  6.7796E-01  4.8192E-01  1.0027E+00  8.0485E-01  6.7413E-01  4.7919E-01  9.6721E-01  8.0055E-01  6.8365E-01  4.9770E-01
  6.4496E-01  1.0015E+00  8.0756E-01  6.7796E-01  4.8192E-01  1.0027E+00  8.0485E-01  6.7413E-01  4.7919E-01  9.6721E-01  8.0055E-01  6.8365E-01  4.9770E-01
  6.4796E-01  1.0015E+00  8.0757E-01  6.7796E-01  4.8192E-01  1.0027E+00  8.0485E-01  6.7413E-01  4.7919E-01  9.6721E-01  8.0055E-01  6.8365E-01  4.9770E-01
  6.5096E-01  1.0015E+00  8.0757E-01  6.7796E-01  4.8192E-01  1.0027E+00  8.0485E-01  6.7413E-01  4.7919E-01  9.6721E-01  8.0055E-01  6.8365E-01  4.9770E-01
  6.5396E-01  1.0015E+00  8.0757E-01  6.7796E-01  4.8192E-01  1.0027E+00  8.0485E-01  6.7413E-01  4.7919E-01  9.6721E-01  8.0055E-01  6.8365E-01  4.9770E-01
  6.5695E-01  1.0015E+00  8.0757E-01  6.7796E-01  4.8192E-01  1.0027E+00  8.0485E-01  6.7413E-01  4.7918E-01  9.6721E-01  8.0055E-01  6.8365E-01  4.9771E-01
  6.5995E-01  1.0015E+00  8.0758E-01  6.7796E-01  4.8192E-01  1.0027E+00  8.0485E-01  6.7412E-01  4.7918E-01  9.6721E-01  8.0055E-01  6.8365E-01  4.9771E-01
  6.6295E-01  1.0015E+00  8.0758E-01  6.7797E-01  4.8192E-01  1.0027E+00  8.0485E-01  6.7412E-01  4.7918E-01  9.6721E-01  8.0055E-01  6.8365E-01  4.9771E-01
  6.6595E-01  1.0015E+00  8.0758E-01  6.7797E-01  4.8193E-01  1.0027E+00  8.0485E-01  6.7412E-01  4.7918E-01  9.6721E-01  8.0055E-01  6.8365E-01  4.9771E-01
  6.6895E-01  1.0015E+00  8.0758E-01  6.7797E-01  4.8193E-01  1.0027E+00  8.0484E-01  6.7412E-01  4.7918E-01  9.6721E-01  8.0055E-01  6.8365E-01  4.9771E-01
  6.7194E-01  1.0016E+00  8.0759E-01  6.7797E-01  4.8193E-01  1.0027E+00  8.0484E-01  6.7412E-01  4.7918E-01  9.6721E-01  8.0055E-01  6.8365E-01  4.9771E-01
  6.7494E-01  1.0016E+00  8.0759E-01  6.7797E-01  4.8193E-01  1.0027E+00  8.0484E-01  6.7412E-01  4.7918E-01  9.6721E-01  8.0055E-01  6.8365E-01  4.9771E-01
  6.7794E-01  1.0016E+00  8.0759E-01  6.7797E-01  4.8193E-01  1.0027E+00  8.0484E-01  6.7412E-01  4.7918E-01  9.6721E-01  8.0055E-01  6.8365E-01  4.9771E-01
  6.8094E-01  1.0016E+00  8.0759E-01  6.7798E-01  4.8193E-01  1.0027E+00  8.0484E-01  6.7411E-01  4.7918E-01  9.6721E-01  8.0055E-01  6.8365E-01  4.9771E-01
  6.8394E-01  1.0016E+00  8.0760E-01  6.7798E-01  4.8194E-01  1.0027E+00  8.0484E-01  6.7411E-01  4.7917E-01  9.6721E-01  8.0055E-01  6.8365E-01  4.9771E-01
  6.8693E-01  1.0016E+00  8.0760E-01  6.7798E-01  4.8194E-01  1.0027E+00  8.0484E-01  6.7411E-01  4.7917E-01  9.6721E-01  8.0055E-01  6.8365E-01  4.9771E-01
  6.8993E-01  1.0016E+00  8.0760E-01  6.7798E-01  4.8194E-01  1.0027E+00  8.0484E-01  6.7411E-01  4.7917E-01  9.6721E-01  8.0055E-01  6.8365E-01  4.9771E-01
  6.9293E-01  1.0016E+00  8.0761E-01  6.7799E-01  4.8194E-01  1.0027E+00  8.0484E-01  6.7411E-01  4.7917E-01  9.6721E-01  8.0055E-01  6.8365E-01  4.9771E-01
  6.9593E-01  1.0016E+00  8.0761E-01  6.7799E-01  4.8194E-01  1.0027E+00  8.0484E-01  6.7410E-01  4.7917E-01  9.6721E-01  8.0055E-01  6.8365E-01  4.9771E-01
  6.9893E-01  1.0016E+00  8.0761E-01  6.7799E-01  4.8195E-01  1.0027E+00  8.0484E-01  6.7410E-01  4.7917E-01  9.6721E-01  8.0055E-01  6.8365E-01  4.9771E-01
  7.0192E-01  1.0016E+00  8.0762E-01  6.7799E-01  4.8195E-01  1.0027E+00  8.0484E-01  6.7410E-01  4.7916E-01  9.6721E-01  8.0055E-01  6.8365E-01  4.9771E-01
  7.0492E-01  1.0016E+00  8.0762E-01  6.7800E-01  4.8195E-01  1.0027E+00  8.0483E-01  6.7410E-01  4.7916E-01  9.6721E-01  8.0055E-01  6.8365E-01  4.9771E-01
  7.0792E-01  1.0016E+00  8.0763E-01  6.7800E-01  4.8195E-01  1.0027E+00  8.0483E-01  6.7410E-01  4.7916E-01  9.6721E-01  8.0055E-01  6.8365E-01  4.9771E-01
  7.1092E-01  1.0016E+00  8.0763E-01  6.7800E-01  4.8195E-01  1.0027E+00  8.0483E-01  6.7409E-01  4.7916E-01  9.6721E-01  8.0055E-01  6.8365E-01  4.9771E-01
  7.1391E-01  1.0016E+00  8.0764E-01  6.7801E-01  4.8196E-01  1.0027E+00  8.0483E-01  6.7409E-01  4.7916E-01  9.6721E-01  8.0055E-01  6.8365E-01  4.9771E-01
  7.1691E-01  1.0016E+00  8.0764E-01  6.7801E-01  4.8196E-01  1.0027E+00  8.0483E-01  6.7409E-01  4.7916E-01  9.6721E-01  8.0055E-01  6.8365E-01  4.9771E-01
  7.1991E-01  1.0016E+00  8.0764E-01  6.7801E-01  4.8196E-01  1.0027E+00  8.0483E-01  6.7409E-01  4.7915E-01  9.6721E-01  8.0055E-01  6.8365E-01  4.9771E-01
  7.2291E-01  1.0016E+00  8.0765E-01  6.7801E-01  4.8196E-01  1.0027E+00  8.0483E-01  6.7408E-01  4.7915E-01  9.6721E-01  8.0055E-01  6.8365E-01  4.9771E-01
  7.2591E-01  1.0016E+00  8.0765E-01  6.7802E-01  4.8197E-01  1.0027E+00  8.0483E-01  6.7408E-01  4.7915E-01  9.6721E-01  8.0055E-01  6.8365E-01  4.9771E-01
  7.2890E-01  1.0016E+00  8.0766E-01  6.7802E-01  4.8197E-01  1.0027E+00  8.0483E-01  6.7408E-01  4.7915E-01  9.6721E-01  8.0055E-01  6.8365E-01  4.9771E-01
  7.3190E-01  1.0016E+00  8.0767E-01  6.7803E-01  4.8197E-01  1.0027E+00  8.0482E-01  6.7408E-01  4.7914E-01  9.6721E-01  8.0055E-01  6.8365E-01  4.9771E-01
  7.3490E-01  1.0017E+00  8.0767E-01  6.7803E-01  4.8198E-01  1.0027E+00  8.0482E-01  6.7407E-01  4.7914E-01  9.6721E-01  8.0056E-01  6.8365E-01  4.9771E-01
  7.3800E-01  1.0017E+00  8.0768E-01  6.7803E-01  4.8198E-01  1.0027E+00  8.0482E-01  6.7407E-01  4.7914E-01  9.6721E-01  8.0056E-01  6.8365E-01  4.9771E-01
  7.4100E-01  1.0017E+00  8.0768E-01  6.7804E-01  4.8198E-01  1.0027E+00  8.0482E-01  6.7407E-01  4.7914E-01  9.6721E-01  8.0056E-01  6.8365E-01  4.9771E-01
  7.4400E-01  1.0017E+00  8.0769E-01  6.7804E-01  4.8199E-01  1.0027E+00  8.0482E-01  6.7406E-01  4.7913E-01  9.6721E-01  8.0056E-01  6.8365E-01  4.9771E-01
  7.4699E-01  1.0017E+00  8.0769E-01  6.7805E-01  4.8199E-01  1.0027E+00  8.0482E-01  6.7406E-01  4.7913E-01  9.6721E-01  8.0056E-01  6.8365E-01  4.9771E-01
  7.4999E-01  1.0017E+00  8.0770E-01  6.7805E-01  4.8199E-01  1.0027E+00  8.0481E-01  6.7406E-01  4.7913E-01  9.6721E-01  8.0056E-01  6.8365E-01  4.9771E-01
  7.5299E-01  1.0017E+00  8.0771E-01  6.7806E-01  4.8200E-01  1.0027E+00  8.0481E-01  6.7405E-01  4.7913E-01  9.6721E-01  8.0056E-01  6.8365E-01  4.9771E-01
  7.5599E-01  1.0017E+00  8.0772E-01  6.7806E-01  4.8200E-01  1.0027E+00  8.0481E-01  6.7405E-01  4.7912E-01  9.6721E-01  8.0056E-01  6.8365E-01  4.9771E-01
  7.5899E-01  1.0017E+00  8.0772E-01  6.7806E-01  4.8201E-01  1.0027E+00  8.0481E-01  6.7405E-01  4.7912E-01  9.6721E-01  8.0056E-01  6.8365E-01  4.9771E-01
  7.6198E-01  1.0017E+00  8.0773E-01  6.7807E-01  4.8201E-01  1.0027E+00  8.0481E-01  6.7404E-01  4.7912E-01  9.6721E-01  8.0056E-01  6.8365E-01  4.9771E-01
  7.6498E-01  1.0017E+00  8.0774E-01  6.7808E-01  4.8202E-01  1.0027E+00  8.0481E-01  6.7404E-01  4.7911E-01  9.6721E-01  8.0056E-01  6.8365E-01  4.9771E-01
  7.6798E-01  1.0017E+00  8.0775E-01  6.7808E-01  4.8202E-01  1.0027E+00  8.0480E-01  6.7403E-01  4.7911E-01  9.6721E-01  8.0056E-01  6.8365E-01  4.9771E-01
  7.7098E-01  1.0018E+00  8.0776E-01  6.7809E-01  4.8203E-01  1.0027E+00  8.0480E-01  6.7403E-01  4.7911E-01  9.6721E-01  8.0056E-01  6.8365E-01  4.9771E-01
  7.7398E-01  1.0018E+00  8.0777E-01  6.7809E-01  4.8203E-01  1.0027E+00  8.0480E-01  6.7403E-01  4.7910E-01  9.6721E-01  8.0056E-01  6.8365E-01  4.9771E-01
  7.7697E-01  1.0018E+00  8.0777E-01  6.7810E-01  4.8203E-01  1.0027E+00  8.0480E-01  6.7402E-01  4.7910E-01  9.6722E-01  8.0056E-01  6.8365E-01  4.9771E-01
  7.7997E-01  1.0018E+00  8.0778E-01  6.7811E-01  4.8204E-01  1.0027E+00  8.0480E-01  6.7402E-01  4.7910E-01  9.6722E-01  8.0056E-01  6.8365E-01  4.9771E-01
  7.8297E-01  1.0018E+00  8.0779E-01  6.7811E-01  4.8205E-01  1.0027E+00  8.0479E-01  6.7401E-01  4.7909E-01  9.6722E-01  8.0056E-01  6.8365E-01  4.9771E-01
  7.8597E-01  1.0018E+00  8.0780E-01  6.7812E-01  4.8205E-01  1.0027E+00  8.0479E-01  6.7401E-01  4.7909E-01  9.6722E-01  8.0056E-01  6.8365E-01  4.9771E-01
  7.8896E-01  1.0018E+00  8.0781E-01  6.7813E-01  4.8206E-01  1.0027E+00  8.0479E-01  6.7400E-01  4.7908E-01  9.6722E-01  8.0056E-01  6.8365E-01  4.9771E-01
  7.9196E-01  1.0018E+00  8.0783E-01  6.7814E-01  4.8207E-01  1.0027E+00  8.0478E-01  6.7399E-01  4.7908E-01  9.6722E-01  8.0056E-01  6.8365E-01  4.9771E-01
  7.9496E-01  1.0019E+00  8.0784E-01  6.7814E-01  4.8207E-01  1.0027E+00  8.0478E-01  6.7399E-01  4.7907E-01  9.6722E-01  8.0056E-01  6.8365E-01  4.9771E-01
  7.9796E-01  1.0019E+00  8.0785E-01  6.7815E-01  4.8208E-01  1.0027E+00  8.0478E-01  6.7398E-01  4.7907E-01  9.6722E-01  8.0056E-01  6.8365E-01  4.9771E-01
  8.0096E-01  1.0019E+00  8.0786E-01  6.7816E-01  4.8209E-01  1.0027E+00  8.0477E-01  6.7398E-01  4.7906E-01  9.6722E-01  8.0056E-01  6.8365E-01  4.9771E-01
  8.0395E-01  1.0019E+00  8.0788E-01  6.7817E-01  4.8209E-01  1.0027E+00  8.0477E-01  6.7397E-01  4.7906E-01  9.6722E-01  8.0056E-01  6.8365E-01  4.9771E-01
  8.0695E-01  1.0019E+00  8.0789E-01  6.7818E-01  4.8210E-01  1.0027E+00  8.0477E-01  6.7396E-01  4.7905E-01  9.6722E-01  8.0056E-01  6.8365E-01  4.9771E-01
  8.0995E-01  1.0019E+00  8.0790E-01  6.7819E-01  4.8211E-01  1.0027E+00  8.0476E-01  6.7396E-01  4.7905E-01  9.6722E-01  8.0056E-01  6.8365E-01  4.9771E-01
  8.1295E-01  1.0020E+00  8.0792E-01  6.7820E-01  4.8212E-01  1.0027E+00  8.0476E-01  6.7395E-01  4.7904E-01  9.6722E-01  8.0056E-01  6.8365E-01  4.9771E-01
  8.1595E-01  1.0020E+00  8.0793E-01  6.7821E-01  4.8213E-01  1.0027E+00  8.0476E-01  6.7394E-01  4.7904E-01  9.6722E-01  8.0056E-01  6.8365E-01  4.9771E-01
  8.1894E-01  1.0020E+00  8.0795E-01  6.7822E-01  4.8214E-01  1.0027E+00  8.0475E-01  6.7393E-01  4.7903E-01  9.6722E-01  8.0056E-01  6.8365E-01  4.9771E-01
  8.2194E-01  1.0020E+00  8.0797E-01  6.7823E-01  4.8215E-01  1.0027E+00  8.0475E-01  6.7393E-01  4.7902E-01  9.6722E-01  8.0056E-01  6.8365E-01  4.9771E-01
  8.2494E-01  1.0020E+00  8.0798E-01  6.7825E-01  4.8216E-01  1.0027E+00  8.0475E-01  6.7392E-01  4.7902E-01  9.6722E-01  8.0056E-01  6.8365E-01  4.9771E-01
  8.2794E-01  1.0021E+00  8.0800E-01  6.7826E-01  4.8217E-01  1.0027E+00  8.0474E-01  6.7391E-01  4.7901E-01  9.6722E-01  8.0056E-01  6.8365E-01  4.9771E-01
  8.3094E-01  1.0021E+00  8.0802E-01  6.7827E-01  4.8218E-01  1.0027E+00  8.0474E-01  6.7390E-01  4.7900E-01  9.6722E-01  8.0056E-01  6.8365E-01  4.9771E-01
  8.3393E-01  1.0021E+00  8.0804E-01  6.7829E-01  4.8219E-01  1.0027E+00  8.0473E-01  6.7389E-01  4.7899E-01  9.6722E-01  8.0056E-01  6.8365E-01  4.9771E-01
  8.3693E-01  1.0021E+00  8.0806E-01  6.7830E-01  4.8220E-01  1.0027E+00  8.0473E-01  6.7388E-01  4.7899E-01  9.6722E-01  8.0056E-01  6.8365E-01  4.9771E-01
  8.3993E-01  1.0022E+00  8.0809E-01  6.7832E-01  4.8222E-01  1.0027E+00  8.0472E-01  6.7387E-01  4.7898E-01  9.6722E-01  8.0056E-01  6.8365E-01  4.9771E-01
  8.4293E-01  1.0022E+00  8.0811E-01  6.7833E-01  4.8223E-01  1.0027E+00  8.0472E-01  6.7386E-01  4.7897E-01  9.6722E-01  8.0056E-01  6.8365E-01  4.9771E-01
  8.4593E-01  1.0022E+00  8.0813E-01  6.7835E-01  4.8224E-01  1.0027E+00  8.0471E-01  6.7385E-01  4.7896E-01  9.6722E-01  8.0056E-01  6.8365E-01  4.9771E-01
  8.4892E-01  1.0023E+00  8.0816E-01  6.7837E-01  4.8226E-01  1.0027E+00  8.0470E-01  6.7384E-01  4.7895E-01  9.6722E-01  8.0056E-01  6.8365E-01  4.9771E-01
  8.5192E-01  1.0023E+00  8.0819E-01  6.7839E-01  4.8227E-01  1.0027E+00  8.0470E-01  6.7383E-01  4.7894E-01  9.6722E-01  8.0056E-01  6.8365E-01  4.9771E-01
  8.5492E-01  1.0023E+00  8.0821E-01  6.7840E-01  4.8229E-01  1.0027E+00  8.0469E-01  6.7382E-01  4.7893E-01  9.6722E-01  8.0056E-01  6.8365E-01  4.9771E-01
  8.5792E-01  1.0024E+00  8.0824E-01  6.7842E-01  4.8231E-01  1.0027E+00  8.0469E-01  6.7380E-01  4.7892E-01  9.6722E-01  8.0056E-01  6.8365E-01  4.9771E-01
  8.6091E-01  1.0024E+00  8.0827E-01  6.7845E-01  4.8232E-01  1.0027E+00  8.0468E-01  6.7379E-01  4.7891E-01  9.6722E-01  8.0056E-01  6.8365E-01  4.9771E-01
  8.6391E-01  1.0024E+00  8.0830E-01  6.7847E-01  4.8234E-01  1.0027E+00  8.0468E-01  6.7378E-01  4.7890E-01  9.6722E-01  8.0056E-01  6.8365E-01  4.9771E-01
  8.6691E-01  1.0025E+00  8.0833E-01  6.7849E-01  4.8236E-01  1.0027E+00  8.0467E-01  6.7376E-01  4.7889E-01  9.6722E-01  8.0056E-01  6.8365E-01  4.9771E-01
  8.6991E-01  1.0025E+00  8.0837E-01  6.7851E-01  4.8238E-01  1.0027E+00  8.0466E-01  6.7375E-01  4.7887E-01  9.6722E-01  8.0056E-01  6.8365E-01  4.9771E-01
  8.7291E-01  1.0025E+00  8.0840E-01  6.7854E-01  4.8240E-01  1.0027E+00  8.0466E-01  6.7374E-01  4.7886E-01  9.6722E-01  8.0056E-01  6.8365E-01  4.9771E-01
  8.7590E-01  1.0026E+00  8.0844E-01  6.7856E-01  4.8242E-01  1.0027E+00  8.0465E-01  6.7372E-01  4.7885E-01  9.6722E-01  8.0056E-01  6.8365E-01  4.9772E-01
  8.7890E-01  1.0026E+00  8.0848E-01  6.7859E-01  4.8245E-01  1.0027E+00  8.0464E-01  6.7370E-01  4.7883E-01  9.6722E-01  8.0056E-01  6.8365E-01  4.9772E-01
  8.8190E-01  1.0027E+00  8.0852E-01  6.7862E-01  4.8247E-01  1.0027E+00  8.0463E-01  6.7369E-01  4.7882E-01  9.6722E-01  8.0056E-01  6.8365E-01  4.9772E-01
  8.8500E-01  1.0027E+00  8.0857E-01  6.7865E-01  4.8250E-01  1.0027E+00  8.0463E-01  6.7367E-01  4.7880E-01  9.6722E-01  8.0056E-01  6.8365E-01  4.9772E-01
  8.8800E-01  1.0028E+00  8.0862E-01  6.7869E-01  4.8253E-01  1.0027E+00  8.0462E-01  6.7365E-01  4.7879E-01  9.6722E-01  8.0056E-01  6.8365E-01  4.9772E-01
  8.9100E-01  1.0029E+00  8.0867E-01  6.7872E-01  4.8256E-01  1.0027E+00  8.0461E-01  6.7363E-01  4.7877E-01  9.6722E-01  8.0056E-01  6.8365E-01  4.9772E-01
  8.9399E-01  1.0029E+00  8.0871E-01  6.7876E-01  4.8259E-01  1.0027E+00  8.0460E-01  6.7361E-01  4.7875E-01  9.6722E-01  8.0056E-01  6.8365E-01  4.9772E-01
  8.9699E-01  1.0030E+00  8.0877E-01  6.7880E-01  4.8262E-01  1.0027E+00  8.0459E-01  6.7359E-01  4.7873E-01  9.6722E-01  8.0056E-01  6.8365E-01  4.9772E-01
  8.9999E-01  1.0031E+00  8.0883E-01  6.7884E-01  4.8266E-01  1.0027E+00  8.0459E-01  6.7357E-01  4.7872E-01  9.6722E-01  8.0056E-01  6.8365E-01  4.9772E-01
  9.0299E-01  1.0031E+00  8.0888E-01  6.7888E-01  4.8269E-01  1.0027E+00  8.0458E-01  6.7355E-01  4.7870E-01  9.6722E-01  8.0056E-01  6.8365E-01  4.9772E-01
  9.0599E-01  1.0032E+00  8.0895E-01  6.7893E-01  4.8273E-01  1.0027E+00  8.0457E-01  6.7352E-01  4.7868E-01  9.6722E-01  8.0056E-01  6.8365E-01  4.9772E-01
  9.0898E-01  1.0033E+00  8.0902E-01  6.7898E-01  4.8277E-01  1.0027E+00  8.0456E-01  6.7351E-01  4.7866E-01  9.6722E-01  8.0056E-01  6.8365E-01  4.9772E-01
  9.1198E-01  1.0034E+00  8.0908E-01  6.7902E-01  4.8280E-01  1.0027E+00  8.0455E-01  6.7348E-01  4.7864E-01  9.6722E-01  8.0056E-01  6.8365E-01  4.9772E-01
  9.1498E-01  1.0035E+00  8.0915E-01  6.7907E-01  4.8285E-01  1.0027E+00  8.0454E-01  6.7346E-01  4.7862E-01  9.6722E-01  8.0056E-01  6.8365E-01  4.9772E-01
  9.1798E-01  1.0035E+00  8.0923E-01  6.7913E-01  4.8289E-01  1.0028E+00  8.0454E-01  6.7344E-01  4.7860E-01  9.6722E-01  8.0056E-01  6.8365E-01  4.9772E-01
  9.2098E-01  1.0036E+00  8.0929E-01  6.7917E-01  4.8293E-01  1.0028E+00  8.0453E-01  6.7341E-01  4.7858E-01  9.6722E-01  8.0056E-01  6.8365E-01  4.9772E-01
  9.2397E-01  1.0037E+00  8.0938E-01  6.7923E-01  4.8299E-01  1.0028E+00  8.0452E-01  6.7339E-01  4.7855E-01  9.6722E-01  8.0056E-01  6.8365E-01  4.9772E-01
  9.2697E-01  1.0038E+00  8.0947E-01  6.7930E-01  4.8304E-01  1.0028E+00  8.0451E-01  6.7336E-01  4.7853E-01  9.6722E-01  8.0056E-01  6.8365E-01  4.9772E-01
  9.2997E-01  1.0039E+00  8.0956E-01  6.7937E-01  4.8310E-01  1.0028E+00  8.0450E-01  6.7333E-01  4.7850E-01  9.6722E-01  8.0056E-01  6.8365E-01  4.9772E-01
  9.3297E-01  1.0041E+00  8.0970E-01  6.7947E-01  4.8319E-01  1.0028E+00  8.0448E-01  6.7328E-01  4.7846E-01  9.6722E-01  8.0056E-01  6.8365E-01  4.9772E-01
  9.3596E-01  1.0043E+00  8.0985E-01  6.7958E-01  4.8328E-01  1.0028E+00  8.0448E-01  6.7325E-01  4.7843E-01  9.6722E-01  8.0056E-01  6.8365E-01  4.9772E-01
  9.3896E-01  1.0044E+00  8.0997E-01  6.7966E-01  4.8335E-01  1.0028E+00  8.0448E-01  6.7322E-01  4.7841E-01  9.6722E-01  8.0056E-01  6.8365E-01  4.9772E-01
  9.4196E-01  1.0046E+00  8.1009E-01  6.7975E-01  4.8343E-01  1.0028E+00  8.0447E-01  6.7319E-01  4.7838E-01  9.6722E-01  8.0056E-01  6.8365E-01  4.9772E-01
  9.4496E-01  1.0047E+00  8.1022E-01  6.7984E-01  4.8351E-01  1.0029E+00  8.0447E-01  6.7316E-01  4.7835E-01  9.6722E-01  8.0056E-01  6.8365E-01  4.9772E-01
  9.4796E-01  1.0049E+00  8.1032E-01  6.7991E-01  4.8357E-01  1.0029E+00  8.0447E-01  6.7314E-01  4.7834E-01  9.6722E-01  8.0056E-01  6.8365E-01  4.9772E-01
  9.5095E-01  1.0050E+00  8.1043E-01  6.7999E-01  4.8364E-01  1.0029E+00  8.0446E-01  6.7312E-01  4.7831E-01  9.6722E-01  8.0056E-01  6.8365E-01  4.9772E-01
  9.5395E-01  1.0051E+00  8.1055E-01  6.8007E-01  4.8371E-01  1.0029E+00  8.0446E-01  6.7309E-01  4.7829E-01  9.6722E-01  8.0056E-01  6.8365E-01  4.9772E-01
  9.5695E-01  1.0053E+00  8.1067E-01  6.8016E-01  4.8379E-01  1.0029E+00  8.0445E-01  6.7306E-01  4.7827E-01  9.6722E-01  8.0056E-01  6.8365E-01  4.9772E-01
  9.5995E-01  1.0055E+00  8.1086E-01  6.8030E-01  4.8391E-01  1.0030E+00  8.0443E-01  6.7302E-01  4.7822E-01  9.6722E-01  8.0056E-01  6.8365E-01  4.9772E-01
  9.6295E-01  1.0058E+00  8.1108E-01  6.8046E-01  4.8405E-01  1.0030E+00  8.0442E-01  6.7298E-01  4.7819E-01  9.6722E-01  8.0056E-01  6.8365E-01  4.9772E-01
  9.6594E-01  1.0060E+00  8.1126E-01  6.8058E-01  4.8415E-01  1.0030E+00  8.0443E-01  6.7296E-01  4.7817E-01  9.6722E-01  8.0056E-01  6.8365E-01  4.9772E-01
  9.6894E-01  1.0061E+00  8.1141E-01  6.8070E-01  4.8424E-01  1.0031E+00  8.0442E-01  6.7293E-01  4.7815E-01  9.6723E-01  8.0056E-01  6.8365E-01  4.9772E-01
  9.7194E-01  1.0063E+00  8.1157E-01  6.8081E-01  4.8434E-01  1.0031E+00  8.0442E-01  6.7290E-01  4.7813E-01  9.6723E-01  8.0056E-01  6.8365E-01  4.9772E-01
  9.7494E-01  1.0065E+00  8.1174E-01  6.8094E-01  4.8444E-01  1.0031E+00  8.0442E-01  6.7287E-01  4.7811E-01  9.6723E-01  8.0056E-01  6.8365E-01  4.9772E-01
  9.7794E-01  1.0068E+00  8.1201E-01  6.8113E-01  4.8461E-01  1.0032E+00  8.0440E-01  6.7281E-01  4.7807E-01  9.6723E-01  8.0056E-01  6.8365E-01  4.9772E-01
  9.8093E-01  1.0072E+00  8.1233E-01  6.8137E-01  4.8480E-01  1.0033E+00  8.0440E-01  6.7275E-01  4.7803E-01  9.6723E-01  8.0056E-01  6.8365E-01  4.9772E-01
  9.8393E-01  1.0076E+00  8.1266E-01  6.8161E-01  4.8501E-01  1.0034E+00  8.0442E-01  6.7272E-01  4.7802E-01  9.6723E-01  8.0056E-01  6.8365E-01  4.9772E-01
  9.8693E-01  1.0081E+00  8.1307E-01  6.8193E-01  4.8526E-01  1.0035E+00  8.0443E-01  6.7264E-01  4.7797E-01  9.6723E-01  8.0056E-01  6.8365E-01  4.9772E-01
  9.8993E-01  1.0087E+00  8.1358E-01  6.8231E-01  4.8557E-01  1.0036E+00  8.0447E-01  6.7260E-01  4.7796E-01  9.6723E-01  8.0056E-01  6.8365E-01  4.9772E-01
  9.9293E-01  1.0091E+00  8.1397E-01  6.8260E-01  4.8579E-01  1.0037E+00  8.0452E-01  6.7260E-01  4.7797E-01  9.6723E-01  8.0056E-01  6.8365E-01  4.9772E-01
  9.9592E-01  1.0094E+00  8.1425E-01  6.8281E-01  4.8596E-01  1.0038E+00  8.0456E-01  6.7259E-01  4.7797E-01  9.6723E-01  8.0056E-01  6.8365E-01  4.9772E-01
  9.9892E-01  1.0098E+00  8.1453E-01  6.8303E-01  4.8614E-01  1.0039E+00  8.0459E-01  6.7258E-01  4.7796E-01  9.6723E-01  8.0056E-01  6.8365E-01  4.9772E-01
  1.0019E+00  1.0102E+00  8.1486E-01  6.8328E-01  4.8634E-01  1.0040E+00  8.0462E-01  6.7256E-01  4.7796E-01  9.6723E-01  8.0056E-01  6.8365E-01  4.9772E-01
  1.0049E+00  1.0108E+00  8.1537E-01  6.8368E-01  4.8666E-01  1.0042E+00  8.0467E-01  6.7252E-01  4.7795E-01  9.6723E-01  8.0056E-01  6.8366E-01  4.9772E-01
  1.0079E+00  1.0115E+00  8.1601E-01  6.8417E-01  4.8705E-01  1.0044E+00  8.0478E-01  6.7253E-01  4.7798E-01  9.6723E-01  8.0056E-01  6.8366E-01  4.9772E-01
  1.0109E+00  1.0121E+00  8.1652E-01  6.8455E-01  4.8736E-01  1.0046E+00  8.0489E-01  6.7257E-01  4.7803E-01  9.6723E-01  8.0056E-01  6.8366E-01  4.9772E-01
  1.0139E+00  1.0126E+00  8.1695E-01  6.8488E-01  4.8764E-01  1.0048E+00  8.0497E-01  6.7259E-01  4.7805E-01  9.6723E-01  8.0056E-01  6.8366E-01  4.9772E-01
  1.0169E+00  1.0131E+00  8.1741E-01  6.8523E-01  4.8793E-01  1.0050E+00  8.0506E-01  6.7261E-01  4.7806E-01  9.6723E-01  8.0056E-01  6.8366E-01  4.9772E-01
  1.0199E+00  1.0136E+00  8.1788E-01  6.8560E-01  4.8824E-01  1.0052E+00  8.0517E-01  6.7264E-01  4.7807E-01  9.6723E-01  8.0057E-01  6.8366E-01  4.9772E-01
  1.0229E+00  1.0144E+00  8.1854E-01  6.8614E-01  4.8868E-01  1.0054E+00  8.0530E-01  6.7267E-01  4.7809E-01  9.6723E-01  8.0057E-01  6.8366E-01  4.9772E-01
  1.0259E+00  1.0154E+00  8.1931E-01  6.8676E-01  4.8921E-01  1.0058E+00  8.0550E-01  6.7273E-01  4.7813E-01  9.6723E-01  8.0057E-01  6.8366E-01  4.9772E-01
  1.0289E+00  1.0162E+00  8.2001E-01  6.8732E-01  4.8967E-01  1.0061E+00  8.0571E-01  6.7283E-01  4.7818E-01  9.6723E-01  8.0057E-01  6.8366E-01  4.9772E-01
  1.0320E+00  1.0171E+00  8.2079E-01  6.8796E-01  4.9021E-01  1.0065E+00  8.0592E-01  6.7287E-01  4.7822E-01  9.6723E-01  8.0057E-01  6.8366E-01  4.9772E-01
  1.0350E+00  1.0181E+00  8.2162E-01  6.8864E-01  4.9077E-01  1.0069E+00  8.0617E-01  6.7294E-01  4.7830E-01  9.6723E-01  8.0057E-01  6.8366E-01  4.9772E-01
  1.0380E+00  1.0189E+00  8.2235E-01  6.8924E-01  4.9128E-01  1.0073E+00  8.0641E-01  6.7302E-01  4.7839E-01  9.6723E-01  8.0057E-01  6.8366E-01  4.9772E-01
  1.0410E+00  1.0199E+00  8.2315E-01  6.8992E-01  4.9186E-01  1.0077E+00  8.0666E-01  6.7305E-01  4.7847E-01  9.6723E-01  8.0057E-01  6.8366E-01  4.9772E-01
  1.0440E+00  1.0210E+00  8.2404E-01  6.9069E-01  4.9247E-01  1.0082E+00  8.0697E-01  6.7314E-01  4.7857E-01  9.6723E-01  8.0057E-01  6.8366E-01  4.9772E-01
  1.0470E+00  1.0222E+00  8.2500E-01  6.9150E-01  4.9313E-01  1.0087E+00  8.0730E-01  6.7324E-01  4.7865E-01  9.6723E-01  8.0057E-01  6.8366E-01  4.9772E-01
  1.0500E+00  1.0237E+00  8.2630E-01  6.9257E-01  4.9402E-01  1.0094E+00  8.0777E-01  6.7339E-01  4.7872E-01  9.6723E-01  8.0057E-01  6.8366E-01  4.9772E-01
  1.0530E+00  1.0254E+00  8.2769E-01  6.9371E-01  4.9494E-01  1.0102E+00  8.0834E-01  6.7364E-01  4.7888E-01  9.6723E-01  8.0057E-01  6.8366E-01  4.9772E-01
  1.0560E+00  1.0268E+00  8.2886E-01  6.9467E-01  4.9571E-01  1.0109E+00  8.0878E-01  6.7386E-01  4.7897E-01  9.6723E-01  8.0057E-01  6.8366E-01  4.9772E-01
  1.0590E+00  1.0282E+00  8.3011E-01  6.9571E-01  4.9654E-01  1.0117E+00  8.0923E-01  6.7410E-01  4.7907E-01  9.6723E-01  8.0057E-01  6.8366E-01  4.9772E-01
  1.0620E+00  1.0297E+00  8.3137E-01  6.9672E-01  4.9738E-01  1.0124E+00  8.0973E-01  6.7439E-01  4.7921E-01  9.6723E-01  8.0057E-01  6.8366E-01  4.9772E-01
  1.0650E+00  1.0312E+00  8.3261E-01  6.9773E-01  4.9821E-01  1.0132E+00  8.1020E-01  6.7465E-01  4.7930E-01  9.6723E-01  8.0057E-01  6.8366E-01  4.9772E-01
  1.0680E+00  1.0330E+00  8.3416E-01  6.9899E-01  4.9925E-01  1.0142E+00  8.1082E-01  6.7502E-01  4.7944E-01  9.6723E-01  8.0057E-01  6.8366E-01  4.9772E-01
  1.0710E+00  1.0348E+00  8.3571E-01  7.0025E-01  5.0027E-01  1.0152E+00  8.1150E-01  6.7544E-01  4.7964E-01  9.6723E-01  8.0057E-01  6.8366E-01  4.9772E-01
  1.0740E+00  1.0365E+00  8.3719E-01  7.0147E-01  5.0125E-01  1.0161E+00  8.1213E-01  6.7584E-01  4.7979E-01  9.6723E-01  8.0057E-01  6.8366E-01  4.9772E-01
  1.0770E+00  1.0386E+00  8.3896E-01  7.0293E-01  5.0243E-01  1.0173E+00  8.1292E-01  6.7636E-01  4.8000E-01  9.6723E-01  8.0057E-01  6.8366E-01  4.9772E-01
  1.0800E+00  1.0405E+00  8.4063E-01  7.0428E-01  5.0353E-01  1.0185E+00  8.1372E-01  6.7690E-01  4.8023E-01  9.6723E-01  8.0057E-01  6.8366E-01  4.9772E-01
  1.0830E+00  1.0425E+00  8.4229E-01  7.0563E-01  5.0463E-01  1.0196E+00  8.1450E-01  6.7743E-01  4.8047E-01  9.6723E-01  8.0057E-01  6.8366E-01  4.9772E-01
  1.0860E+00  1.0447E+00  8.4422E-01  7.0718E-01  5.0591E-01  1.0209E+00  8.1545E-01  6.7806E-01  4.8067E-01  9.6723E-01  8.0057E-01  6.8366E-01  4.9772E-01
  1.0890E+00  1.0468E+00  8.4596E-01  7.0858E-01  5.0708E-01  1.0222E+00  8.1634E-01  6.7861E-01  4.8086E-01  9.6723E-01  8.0057E-01  6.8366E-01  4.9772E-01
  1.0920E+00  1.0488E+00  8.4769E-01  7.1000E-01  5.0826E-01  1.0234E+00  8.1720E-01  6.7918E-01  4.8108E-01  9.6723E-01  8.0057E-01  6.8366E-01  4.9773E-01
  1.0950E+00  1.0510E+00  8.4959E-01  7.1157E-01  5.0950E-01  1.0248E+00  8.1814E-01  6.7984E-01  4.8130E-01  9.6723E-01  8.0057E-01  6.8366E-01  4.9773E-01
  1.0980E+00  1.0530E+00  8.5126E-01  7.1295E-01  5.1060E-01  1.0261E+00  8.1892E-01  6.8045E-01  4.8149E-01  9.6723E-01  8.0057E-01  6.8366E-01  4.9773E-01
  1.1010E+00  1.0550E+00  8.5298E-01  7.1438E-01  5.1170E-01  1.0273E+00  8.1970E-01  6.8107E-01  4.8166E-01  9.6723E-01  8.0057E-01  6.8366E-01  4.9773E-01
  1.1040E+00  1.0571E+00  8.5478E-01  7.1585E-01  5.1285E-01  1.0287E+00  8.2056E-01  6.8176E-01  4.8186E-01  9.6723E-01  8.0057E-01  6.8366E-01  4.9773E-01
  1.1069E+00  1.0589E+00  8.5630E-01  7.1712E-01  5.1386E-01  1.0299E+00  8.2133E-01  6.8237E-01  4.8207E-01  9.6723E-01  8.0057E-01  6.8366E-01  4.9773E-01
  1.1099E+00  1.0607E+00  8.5786E-01  7.1841E-01  5.1488E-01  1.0310E+00  8.2209E-01  6.8299E-01  4.8227E-01  9.6723E-01  8.0057E-01  6.8366E-01  4.9773E-01
  1.1129E+00  1.0626E+00  8.5944E-01  7.1973E-01  5.1592E-01  1.0323E+00  8.2290E-01  6.8366E-01  4.8245E-01  9.6723E-01  8.0057E-01  6.8366E-01  4.9773E-01
  1.1159E+00  1.0643E+00  8.6089E-01  7.2095E-01  5.1688E-01  1.0334E+00  8.2364E-01  6.8426E-01  4.8263E-01  9.6723E-01  8.0057E-01  6.8366E-01  4.9773E-01
  1.1189E+00  1.0662E+00  8.6250E-01  7.2229E-01  5.1792E-01  1.0347E+00  8.2448E-01  6.8494E-01  4.8283E-01  9.6723E-01  8.0057E-01  6.8366E-01  4.9773E-01
  1.1219E+00  1.0675E+00  8.6365E-01  7.2324E-01  5.1863E-01  1.0356E+00  8.2514E-01  6.8550E-01  4.8301E-01  9.6723E-01  8.0057E-01  6.8366E-01  4.9773E-01
  1.1249E+00  1.0672E+00  8.6341E-01  7.2302E-01  5.1847E-01  1.0355E+00  8.2507E-01  6.8546E-01  4.8301E-01  9.6723E-01  8.0057E-01  6.8366E-01  4.9773E-01
  1.1279E+00  1.0658E+00  8.6224E-01  7.2203E-01  5.1775E-01  1.0346E+00  8.2448E-01  6.8498E-01  4.8286E-01  9.6723E-01  8.0057E-01  6.8366E-01  4.9773E-01
  1.1309E+00  1.0649E+00  8.6148E-01  7.2141E-01  5.1727E-01  1.0340E+00  8.2404E-01  6.8462E-01  4.8275E-01  9.6723E-01  8.0057E-01  6.8366E-01  4.9773E-01
  1.1339E+00  1.0653E+00  8.6182E-01  7.2172E-01  5.1750E-01  1.0342E+00  8.2418E-01  6.8472E-01  4.8278E-01  9.6723E-01  8.0057E-01  6.8366E-01  4.9773E-01
  1.1369E+00  1.0664E+00  8.6271E-01  7.2246E-01  5.1805E-01  1.0349E+00  8.2464E-01  6.8511E-01  4.8290E-01  9.6723E-01  8.0057E-01  6.8366E-01  4.9773E-01
  1.1399E+00  1.0668E+00  8.6305E-01  7.2274E-01  5.1826E-01  1.0352E+00  8.2486E-01  6.8531E-01  4.8297E-01  9.6723E-01  8.0057E-01  6.8366E-01  4.9773E-01
  1.1429E+00  1.0661E+00  8.6246E-01  7.2223E-01  5.1789E-01  1.0348E+00  8.2460E-01  6.8510E-01  4.8291E-01  9.6723E-01  8.0057E-01  6.8366E-01  4.9773E-01
  1.1459E+00  1.0648E+00  8.6140E-01  7.2134E-01  5.1723E-01  1.0339E+00  8.2406E-01  6.8467E-01  4.8279E-01  9.6723E-01  8.0057E-01  6.8366E-01  4.9773E-01
  1.1489E+00  1.0632E+00  8.6002E-01  7.2018E-01  5.1632E-01  1.0329E+00  8.2338E-01  6.8412E-01  4.8264E-01  9.6723E-01  8.0057E-01  6.8366E-01  4.9773E-01
  1.1519E+00  1.0608E+00  8.5805E-01  7.1853E-01  5.1502E-01  1.0314E+00  8.2242E-01  6.8335E-01  4.8244E-01  9.6723E-01  8.0057E-01  6.8366E-01  4.9773E-01
  1.1549E+00  1.0580E+00  8.5564E-01  7.1651E-01  5.1343E-01  1.0295E+00  8.2125E-01  6.8242E-01  4.8215E-01  9.6723E-01  8.0057E-01  6.8366E-01  4.9773E-01
  1.1579E+00  1.0541E+00  8.5235E-01  7.1376E-01  5.1129E-01  1.0271E+00  8.1975E-01  6.8125E-01  4.8182E-01  9.6724E-01  8.0057E-01  6.8366E-01  4.9773E-01
  1.1609E+00  1.0489E+00  8.4792E-01  7.1010E-01  5.0839E-01  1.0239E+00  8.1775E-01  6.7972E-01  4.8140E-01  9.6724E-01  8.0057E-01  6.8366E-01  4.9773E-01
  1.1639E+00  1.0442E+00  8.4384E-01  7.0680E-01  5.0564E-01  1.0209E+00  8.1571E-01  6.7839E-01  4.8092E-01  9.6724E-01  8.0057E-01  6.8366E-01  4.9773E-01
  1.1669E+00  1.0399E+00  8.4023E-01  7.0386E-01  5.0323E-01  1.0184E+00  8.1397E-01  6.7731E-01  4.8052E-01  9.6724E-01  8.0057E-01  6.8366E-01  4.9773E-01
  1.1699E+00  1.0357E+00  8.3665E-01  7.0093E-01  5.0084E-01  1.0160E+00  8.1232E-01  6.7622E-01  4.8006E-01  9.6724E-01  8.0057E-01  6.8366E-01  4.9773E-01
  1.1729E+00  1.0322E+00  8.3361E-01  6.9844E-01  4.9879E-01  1.0140E+00  8.1099E-01  6.7540E-01  4.7971E-01  9.6724E-01  8.0057E-01  6.8366E-01  4.9773E-01
  1.1759E+00  1.0287E+00  8.3065E-01  6.9605E-01  4.9681E-01  1.0122E+00  8.0984E-01  6.7474E-01  4.7944E-01  9.6724E-01  8.0057E-01  6.8366E-01  4.9773E-01
  1.1790E+00  1.0251E+00  8.2759E-01  6.9357E-01  4.9479E-01  1.0103E+00  8.0874E-01  6.7415E-01  4.7920E-01  9.6724E-01  8.0057E-01  6.8366E-01  4.9773E-01
  1.1820E+00  1.0214E+00  8.2453E-01  6.9102E-01  4.9273E-01  1.0087E+00  8.0763E-01  6.7379E-01  4.7898E-01  9.6724E-01  8.0057E-01  6.8366E-01  4.9773E-01
  1.1850E+00  1.0171E+00  8.2089E-01  6.8802E-01  4.9025E-01  1.0068E+00  8.0651E-01  6.7355E-01  4.7865E-01  9.6724E-01  8.0057E-01  6.8366E-01  4.9773E-01
  1.1880E+00  1.0133E+00  8.1762E-01  6.8542E-01  4.8808E-01  1.0053E+00  8.0560E-01  6.7321E-01  4.7843E-01  9.6724E-01  8.0057E-01  6.8366E-01  4.9773E-01
  1.1910E+00  1.0101E+00  8.1489E-01  6.8331E-01  4.8632E-01  1.0042E+00  8.0509E-01  6.7313E-01  4.7840E-01  9.6724E-01  8.0057E-01  6.8366E-01  4.9773E-01
  1.1940E+00  1.0070E+00  8.1226E-01  6.8136E-01  4.8470E-01  1.0034E+00  8.0485E-01  6.7330E-01  4.7847E-01  9.6724E-01  8.0057E-01  6.8366E-01  4.9773E-01
  1.1970E+00  1.0046E+00  8.1019E-01  6.7985E-01  4.8341E-01  1.0030E+00  8.0481E-01  6.7367E-01  4.7877E-01  9.6724E-01  8.0057E-01  6.8366E-01  4.9773E-01
  1.2000E+00  1.0022E+00  8.0823E-01  6.7848E-01  4.8223E-01  1.0028E+00  8.0506E-01  6.7433E-01  4.7937E-01  9.6724E-01  8.0057E-01  6.8366E-01  4.9773E-01
  1.2030E+00  1.0001E+00  8.0648E-01  6.7732E-01  4.8127E-01  1.0030E+00  8.0564E-01  6.7534E-01  4.8015E-01  9.6724E-01  8.0057E-01  6.8366E-01  4.9773E-01
  1.2060E+00  9.9849E-01  8.0525E-01  6.7653E-01  4.8066E-01  1.0034E+00  8.0622E-01  6.7638E-01  4.8078E-01  9.6724E-01  8.0057E-01  6.8366E-01  4.9773E-01
  1.2090E+00  9.9720E-01  8.0432E-01  6.7599E-01  4.8022E-01  1.0042E+00  8.0718E-01  6.7770E-01  4.8161E-01  9.6724E-01  8.0057E-01  6.8366E-01  4.9773E-01
  1.2120E+00  9.9618E-01  8.0366E-01  6.7563E-01  4.7999E-01  1.0054E+00  8.0831E-01  6.7927E-01  4.8264E-01  9.6724E-01  8.0057E-01  6.8366E-01  4.9773E-01
  1.2150E+00  9.9550E-01  8.0333E-01  6.7538E-01  4.8004E-01  1.0068E+00  8.0965E-01  6.8086E-01  4.8386E-01  9.6724E-01  8.0057E-01  6.8366E-01  4.9773E-01
  1.2180E+00  9.9517E-01  8.0336E-01  6.7517E-01  4.8042E-01  1.0087E+00  8.1152E-01  6.8298E-01  4.8553E-01  9.6724E-01  8.0057E-01  6.8366E-01  4.9773E-01
  1.2210E+00  9.9520E-01  8.0369E-01  6.7516E-01  4.8106E-01  1.0107E+00  8.1346E-01  6.8485E-01  4.8717E-01  9.6724E-01  8.0057E-01  6.8366E-01  4.9773E-01
  1.2240E+00  9.9549E-01  8.0402E-01  6.7526E-01  4.8178E-01  1.0126E+00  8.1523E-01  6.8650E-01  4.8865E-01  9.6724E-01  8.0057E-01  6.8366E-01  4.9773E-01
  1.2270E+00  9.9596E-01  8.0451E-01  6.7550E-01  4.8260E-01  1.0146E+00  8.1709E-01  6.8810E-01  4.9018E-01  9.6724E-01  8.0057E-01  6.8366E-01  4.9773E-01
  1.2300E+00  9.9658E-01  8.0516E-01  6.7589E-01  4.8334E-01  1.0166E+00  8.1893E-01  6.8962E-01  4.9172E-01  9.6724E-01  8.0057E-01  6.8366E-01  4.9773E-01
  1.2330E+00  9.9739E-01  8.0600E-01  6.7643E-01  4.8421E-01  1.0189E+00  8.2099E-01  6.9135E-01  4.9348E-01  9.6724E-01  8.0057E-01  6.8366E-01  4.9773E-01
  1.2360E+00  9.9851E-01  8.0708E-01  6.7718E-01  4.8513E-01  1.0215E+00  8.2300E-01  6.9315E-01  4.9537E-01  9.6724E-01  8.0057E-01  6.8366E-01  4.9773E-01
  1.2390E+00  9.9976E-01  8.0814E-01  6.7807E-01  4.8591E-01  1.0243E+00  8.2500E-01  6.9503E-01  4.9725E-01  9.6724E-01  8.0057E-01  6.8366E-01  4.9773E-01
  1.2420E+00  1.0014E+00  8.0958E-01  6.7912E-01  4.8694E-01  1.0276E+00  8.2751E-01  6.9737E-01  4.9931E-01  9.6724E-01  8.0057E-01  6.8366E-01  4.9773E-01
  1.2450E+00  1.0032E+00  8.1106E-01  6.8027E-01  4.8801E-01  1.0308E+00  8.3000E-01  6.9962E-01  5.0127E-01  9.6724E-01  8.0057E-01  6.8366E-01  4.9773E-01
  1.2480E+00  1.0046E+00  8.1217E-01  6.8116E-01  4.8874E-01  1.0332E+00  8.3178E-01  7.0123E-01  5.0265E-01  9.6724E-01  8.0057E-01  6.8366E-01  4.9773E-01
  1.2510E+00  1.0057E+00  8.1309E-01  6.8176E-01  4.8932E-01  1.0350E+00  8.3322E-01  7.0253E-01  5.0376E-01  9.6724E-01  8.0057E-01  6.8366E-01  4.9773E-01
  1.2539E+00  1.0066E+00  8.1383E-01  6.8225E-01  4.8980E-01  1.0365E+00  8.3435E-01  7.0355E-01  5.0463E-01  9.6724E-01  8.0057E-01  6.8366E-01  4.9773E-01
  1.2569E+00  1.0073E+00  8.1437E-01  6.8262E-01  4.9014E-01  1.0375E+00  8.3515E-01  7.0426E-01  5.0524E-01  9.6724E-01  8.0057E-01  6.8366E-01  4.9773E-01
  1.2599E+00  1.0078E+00  8.1479E-01  6.8290E-01  4.9041E-01  1.0383E+00  8.3577E-01  7.0482E-01  5.0573E-01  9.6724E-01  8.0057E-01  6.8366E-01  4.9773E-01
  1.2629E+00  1.0080E+00  8.1497E-01  6.8301E-01  4.9052E-01  1.0385E+00  8.3598E-01  7.0501E-01  5.0587E-01  9.6724E-01  8.0057E-01  6.8366E-01  4.9773E-01
  1.2659E+00  1.0077E+00  8.1474E-01  6.8283E-01  4.9037E-01  1.0380E+00  8.3556E-01  7.0465E-01  5.0555E-01  9.6724E-01  8.0057E-01  6.8366E-01  4.9773E-01
  1.2689E+00  1.0073E+00  8.1438E-01  6.8259E-01  4.9014E-01  1.0373E+00  8.3501E-01  7.0416E-01  5.0512E-01  9.6724E-01  8.0057E-01  6.8366E-01  4.9773E-01
  1.2719E+00  1.0073E+00  8.1435E-01  6.8259E-01  4.9013E-01  1.0373E+00  8.3502E-01  7.0418E-01  5.0513E-01  9.6724E-01  8.0057E-01  6.8366E-01  4.9773E-01
  1.2749E+00  1.0078E+00  8.1477E-01  6.8289E-01  4.9040E-01  1.0382E+00  8.3570E-01  7.0478E-01  5.0566E-01  9.6724E-01  8.0057E-01  6.8366E-01  4.9773E-01
  1.2779E+00  1.0083E+00  8.1524E-01  6.8320E-01  4.9070E-01  1.0390E+00  8.3637E-01  7.0538E-01  5.0616E-01  9.6724E-01  8.0057E-01  6.8366E-01  4.9773E-01
  1.2809E+00  1.0083E+00  8.1519E-01  6.8314E-01  4.9066E-01  1.0388E+00  8.3619E-01  7.0522E-01  5.0602E-01  9.6724E-01  8.0057E-01  6.8366E-01  4.9773E-01
  1.2839E+00  1.0075E+00  8.1460E-01  6.8271E-01  4.9028E-01  1.0376E+00  8.3523E-01  7.0439E-01  5.0528E-01  9.6724E-01  8.0057E-01  6.8366E-01  4.9773E-01
  1.2869E+00  1.0068E+00  8.1396E-01  6.8228E-01  4.8987E-01  1.0363E+00  8.3423E-01  7.0349E-01  5.0449E-01  9.6724E-01  8.0057E-01  6.8366E-01  4.9773E-01
  1.2899E+00  1.0061E+00  8.1337E-01  6.8187E-01  4.8950E-01  1.0351E+00  8.3328E-01  7.0264E-01  5.0375E-01  9.6724E-01  8.0057E-01  6.8366E-01  4.9774E-01
  1.2929E+00  1.0053E+00  8.1274E-01  6.8145E-01  4.8909E-01  1.0338E+00  8.3225E-01  7.0172E-01  5.0294E-01  9.6724E-01  8.0057E-01  6.8366E-01  4.9774E-01
  1.2959E+00  1.0046E+00  8.1216E-01  6.8106E-01  4.8870E-01  1.0326E+00  8.3129E-01  7.0086E-01  5.0220E-01  9.6724E-01  8.0057E-01  6.8366E-01  4.9774E-01
  1.2989E+00  1.0038E+00  8.1157E-01  6.8058E-01  4.8830E-01  1.0313E+00  8.3029E-01  6.9996E-01  5.0141E-01  9.6724E-01  8.0057E-01  6.8366E-01  4.9774E-01
  1.3019E+00  1.0030E+00  8.1094E-01  6.8005E-01  4.8783E-01  1.0298E+00  8.2917E-01  6.9897E-01  5.0054E-01  9.6724E-01  8.0057E-01  6.8366E-01  4.9774E-01
  1.3049E+00  1.0023E+00  8.1037E-01  6.7959E-01  4.8741E-01  1.0285E+00  8.2817E-01  6.9808E-01  4.9976E-01  9.6724E-01  8.0057E-01  6.8366E-01  4.9774E-01
  1.3079E+00  1.0016E+00  8.0980E-01  6.7915E-01  4.8697E-01  1.0271E+00  8.2713E-01  6.9712E-01  4.9890E-01  9.6724E-01  8.0057E-01  6.8366E-01  4.9774E-01
  1.3109E+00  1.0009E+00  8.0914E-01  6.7867E-01  4.8651E-01  1.0257E+00  8.2601E-01  6.9608E-01  4.9799E-01  9.6724E-01  8.0058E-01  6.8366E-01  4.9774E-01
  1.3139E+00  1.0002E+00  8.0860E-01  6.7822E-01  4.8613E-01  1.0244E+00  8.2507E-01  6.9520E-01  4.9721E-01  9.6724E-01  8.0058E-01  6.8366E-01  4.9774E-01
  1.3169E+00  9.9960E-01  8.0806E-01  6.7776E-01  4.8574E-01  1.0230E+00  8.2403E-01  6.9424E-01  4.9627E-01  9.6724E-01  8.0058E-01  6.8366E-01  4.9774E-01
  1.3199E+00  9.9894E-01  8.0750E-01  6.7731E-01  4.8528E-01  1.0216E+00  8.2299E-01  6.9327E-01  4.9527E-01  9.6724E-01  8.0058E-01  6.8366E-01  4.9774E-01
  1.3229E+00  9.9844E-01  8.0704E-01  6.7696E-01  4.8488E-01  1.0204E+00  8.2214E-01  6.9248E-01  4.9444E-01  9.6724E-01  8.0058E-01  6.8366E-01  4.9774E-01
  1.3260E+00  9.9790E-01  8.0649E-01  6.7659E-01  4.8442E-01  1.0191E+00  8.2112E-01  6.9156E-01  4.9350E-01  9.6724E-01  8.0058E-01  6.8366E-01  4.9774E-01
  1.3290E+00  9.9743E-01  8.0601E-01  6.7629E-01  4.8396E-01  1.0179E+00  8.2009E-01  6.9066E-01  4.9264E-01  9.6724E-01  8.0058E-01  6.8366E-01  4.9774E-01
  1.3320E+00  9.9707E-01  8.0563E-01  6.7606E-01  4.8357E-01  1.0169E+00  8.1919E-01  6.8985E-01  4.9184E-01  9.6724E-01  8.0058E-01  6.8366E-01  4.9774E-01
  1.3350E+00  9.9670E-01  8.0525E-01  6.7584E-01  4.8317E-01  1.0157E+00  8.1816E-01  6.8898E-01  4.9097E-01  9.6724E-01  8.0058E-01  6.8366E-01  4.9774E-01
  1.3380E+00  9.9640E-01  8.0494E-01  6.7567E-01  4.8282E-01  1.0148E+00  8.1725E-01  6.8823E-01  4.9022E-01  9.6724E-01  8.0058E-01  6.8366E-01  4.9774E-01
  1.3410E+00  9.9617E-01  8.0470E-01  6.7554E-01  4.8248E-01  1.0139E+00  8.1647E-01  6.8759E-01  4.8958E-01  9.6724E-01  8.0058E-01  6.8366E-01  4.9774E-01
  1.3440E+00  9.9596E-01  8.0448E-01  6.7543E-01  4.8212E-01  1.0131E+00  8.1566E-01  6.8691E-01  4.8890E-01  9.6724E-01  8.0058E-01  6.8366E-01  4.9774E-01
  1.3470E+00  9.9580E-01  8.0430E-01  6.7535E-01  4.8180E-01  1.0123E+00  8.1493E-01  6.8624E-01  4.8829E-01  9.6724E-01  8.0058E-01  6.8366E-01  4.9774E-01
  1.3500E+00  9.9566E-01  8.0415E-01  6.7530E-01  4.8150E-01  1.0115E+00  8.1416E-01  6.8554E-01  4.8765E-01  9.6724E-01  8.0058E-01  6.8366E-01  4.9774E-01
  1.3530E+00  9.9554E-01  8.0397E-01  6.7528E-01  4.8117E-01  1.0105E+00  8.1330E-01  6.8474E-01  4.8694E-01  9.6724E-01  8.0058E-01  6.8366E-01  4.9774E-01
  1.3560E+00  9.9547E-01  8.0379E-01  6.7526E-01  4.8090E-01  1.0098E+00  8.1263E-01  6.8410E-01  4.8637E-01  9.6724E-01  8.0058E-01  6.8366E-01  4.9774E-01
  1.3590E+00  9.9545E-01  8.0369E-01  6.7526E-01  4.8072E-01  1.0093E+00  8.1210E-01  6.8362E-01  4.8592E-01  9.6724E-01  8.0058E-01  6.8366E-01  4.9774E-01
  1.3620E+00  9.9546E-01  8.0361E-01  6.7528E-01  4.8056E-01  1.0087E+00  8.1158E-01  6.8311E-01  4.8549E-01  9.6724E-01  8.0058E-01  6.8366E-01  4.9774E-01
  1.3650E+00  9.9547E-01  8.0355E-01  6.7531E-01  4.8044E-01  1.0083E+00  8.1115E-01  6.8263E-01  4.8513E-01  9.6725E-01  8.0058E-01  6.8366E-01  4.9774E-01
  1.3680E+00  9.9552E-01  8.0352E-01  6.7536E-01  4.8033E-01  1.0078E+00  8.1074E-01  6.8217E-01  4.8477E-01  9.6725E-01  8.0058E-01  6.8366E-01  4.9774E-01
  1.3710E+00  9.9559E-01  8.0350E-01  6.7541E-01  4.8023E-01  1.0074E+00  8.1029E-01  6.8167E-01  4.8438E-01  9.6725E-01  8.0058E-01  6.8366E-01  4.9774E-01
  1.3740E+00  9.9566E-01  8.0349E-01  6.7545E-01  4.8015E-01  1.0070E+00  8.0991E-01  6.8124E-01  4.8404E-01  9.6725E-01  8.0058E-01  6.8366E-01  4.9774E-01
  1.3770E+00  9.9576E-01  8.0352E-01  6.7553E-01  4.8009E-01  1.0066E+00  8.0954E-01  6.8082E-01  4.8371E-01  9.6725E-01  8.0058E-01  6.8366E-01  4.9774E-01
  1.3800E+00  9.9589E-01  8.0356E-01  6.7561E-01  4.8004E-01  1.0062E+00  8.0915E-01  6.8037E-01  4.8335E-01  9.6725E-01  8.0058E-01  6.8366E-01  4.9774E-01
  1.3830E+00  9.9599E-01  8.0360E-01  6.7565E-01  4.8000E-01  1.0059E+00  8.0887E-01  6.8002E-01  4.8310E-01  9.6725E-01  8.0058E-01  6.8366E-01  4.9774E-01
  1.3860E+00  9.9609E-01  8.0365E-01  6.7570E-01  4.7999E-01  1.0057E+00  8.0867E-01  6.7976E-01  4.8291E-01  9.6725E-01  8.0058E-01  6.8366E-01  4.9774E-01
  1.3890E+00  9.9620E-01  8.0370E-01  6.7575E-01  4.7998E-01  1.0054E+00  8.0846E-01  6.7950E-01  4.8272E-01  9.6725E-01  8.0058E-01  6.8366E-01  4.9774E-01
  1.3920E+00  9.9631E-01  8.0376E-01  6.7578E-01  4.7998E-01  1.0052E+00  8.0826E-01  6.7925E-01  4.8254E-01  9.6725E-01  8.0058E-01  6.8366E-01  4.9774E-01
  1.3950E+00  9.9647E-01  8.0384E-01  6.7581E-01  4.7999E-01  1.0050E+00  8.0800E-01  6.7892E-01  4.8230E-01  9.6725E-01  8.0058E-01  6.8366E-01  4.9774E-01
  1.3980E+00  9.9666E-01  8.0396E-01  6.7587E-01  4.8002E-01  1.0047E+00  8.0774E-01  6.7854E-01  4.8205E-01  9.6725E-01  8.0058E-01  6.8366E-01  4.9774E-01
  1.4009E+00  9.9681E-01  8.0405E-01  6.7592E-01  4.8004E-01  1.0045E+00  8.0757E-01  6.7830E-01  4.8189E-01  9.6725E-01  8.0058E-01  6.8366E-01  4.9774E-01
  1.4039E+00  9.9692E-01  8.0412E-01  6.7596E-01  4.8006E-01  1.0044E+00  8.0744E-01  6.7813E-01  4.8179E-01  9.6725E-01  8.0058E-01  6.8366E-01  4.9774E-01
  1.4069E+00  9.9702E-01  8.0419E-01  6.7600E-01  4.8008E-01  1.0043E+00  8.0731E-01  6.7796E-01  4.8168E-01  9.6725E-01  8.0058E-01  6.8366E-01  4.9774E-01
  1.4099E+00  9.9714E-01  8.0427E-01  6.7604E-01  4.8011E-01  1.0041E+00  8.0717E-01  6.7778E-01  4.8157E-01  9.6725E-01  8.0058E-01  6.8366E-01  4.9774E-01
  1.4129E+00  9.9733E-01  8.0439E-01  6.7610E-01  4.8016E-01  1.0040E+00  8.0696E-01  6.7751E-01  4.8139E-01  9.6725E-01  8.0058E-01  6.8366E-01  4.9774E-01
  1.4159E+00  9.9756E-01  8.0455E-01  6.7617E-01  4.8023E-01  1.0038E+00  8.0674E-01  6.7722E-01  4.8122E-01  9.6725E-01  8.0058E-01  6.8366E-01  4.9774E-01
  1.4189E+00  9.9774E-01  8.0468E-01  6.7624E-01  4.8029E-01  1.0036E+00  8.0659E-01  6.7702E-01  4.8110E-01  9.6725E-01  8.0058E-01  6.8366E-01  4.9774E-01
  1.4219E+00  9.9790E-01  8.0479E-01  6.7630E-01  4.8034E-01  1.0035E+00  8.0646E-01  6.7684E-01  4.8099E-01  9.6725E-01  8.0058E-01  6.8366E-01  4.9774E-01
  1.4249E+00  9.9808E-01  8.0493E-01  6.7638E-01  4.8041E-01  1.0034E+00  8.0634E-01  6.7667E-01  4.8089E-01  9.6725E-01  8.0058E-01  6.8366E-01  4.9774E-01
  1.4279E+00  9.9820E-01  8.0501E-01  6.7643E-01  4.8045E-01  1.0033E+00  8.0625E-01  6.7655E-01  4.8083E-01  9.6725E-01  8.0058E-01  6.8366E-01  4.9774E-01
  1.4309E+00  9.9830E-01  8.0509E-01  6.7647E-01  4.8049E-01  1.0033E+00  8.0620E-01  6.7647E-01  4.8078E-01  9.6725E-01  8.0058E-01  6.8366E-01  4.9774E-01
  1.4339E+00  9.9840E-01  8.0516E-01  6.7652E-01  4.8053E-01  1.0032E+00  8.0613E-01  6.7638E-01  4.8073E-01  9.6725E-01  8.0058E-01  6.8366E-01  4.9774E-01
  1.4369E+00  9.9849E-01  8.0523E-01  6.7656E-01  4.8057E-01  1.0032E+00  8.0607E-01  6.7630E-01  4.8068E-01  9.6725E-01  8.0058E-01  6.8366E-01  4.9774E-01
  1.4399E+00  9.9862E-01  8.0532E-01  6.7662E-01  4.8062E-01  1.0031E+00  8.0600E-01  6.7619E-01  4.8062E-01  9.6725E-01  8.0058E-01  6.8366E-01  4.9774E-01
  1.4429E+00  9.9877E-01  8.0543E-01  6.7669E-01  4.8068E-01  1.0031E+00  8.0592E-01  6.7607E-01  4.8055E-01  9.6725E-01  8.0058E-01  6.8366E-01  4.9774E-01
  1.4459E+00  9.9888E-01  8.0552E-01  6.7674E-01  4.8072E-01  1.0030E+00  8.0586E-01  6.7599E-01  4.8051E-01  9.6725E-01  8.0058E-01  6.8366E-01  4.9774E-01
  1.4489E+00  9.9896E-01  8.0558E-01  6.7678E-01  4.8075E-01  1.0030E+00  8.0582E-01  6.7594E-01  4.8048E-01  9.6725E-01  8.0058E-01  6.8366E-01  4.9774E-01
  1.4519E+00  9.9904E-01  8.0564E-01  6.7682E-01  4.8078E-01  1.0030E+00  8.0579E-01  6.7588E-01  4.8045E-01  9.6725E-01  8.0058E-01  6.8366E-01  4.9774E-01
  1.4549E+00  9.9911E-01  8.0570E-01  6.7686E-01  4.8081E-01  1.0029E+00  8.0575E-01  6.7582E-01  4.8043E-01  9.6725E-01  8.0058E-01  6.8366E-01  4.9774E-01
  1.4579E+00  9.9919E-01  8.0576E-01  6.7690E-01  4.8084E-01  1.0029E+00  8.0571E-01  6.7576E-01  4.8039E-01  9.6725E-01  8.0058E-01  6.8366E-01  4.9774E-01
  1.4609E+00  9.9930E-01  8.0584E-01  6.7695E-01  4.8088E-01  1.0029E+00  8.0567E-01  6.7568E-01  4.8035E-01  9.6725E-01  8.0058E-01  6.8366E-01  4.9774E-01
  1.4639E+00  9.9939E-01  8.0591E-01  6.7699E-01  4.8091E-01  1.0028E+00  8.0563E-01  6.7561E-01  4.8031E-01  9.6725E-01  8.0058E-01  6.8366E-01  4.9774E-01
  1.4669E+00  9.9948E-01  8.0598E-01  6.7705E-01  4.8095E-01  1.0028E+00  8.0559E-01  6.7553E-01  4.8026E-01  9.6725E-01  8.0058E-01  6.8366E-01  4.9774E-01
  1.4699E+00  9.9961E-01  8.0608E-01  6.7711E-01  4.8100E-01  1.0028E+00  8.0554E-01  6.7545E-01  4.8021E-01  9.6725E-01  8.0058E-01  6.8366E-01  4.9774E-01
  1.4730E+00  9.9971E-01  8.0616E-01  6.7717E-01  4.8104E-01  1.0027E+00  8.0550E-01  6.7538E-01  4.8017E-01  9.6725E-01  8.0058E-01  6.8366E-01  4.9774E-01
  1.4760E+00  9.9979E-01  8.0622E-01  6.7721E-01  4.8107E-01  1.0027E+00  8.0548E-01  6.7533E-01  4.8014E-01  9.6725E-01  8.0058E-01  6.8366E-01  4.9775E-01
  1.4790E+00  9.9987E-01  8.0628E-01  6.7725E-01  4.8111E-01  1.0027E+00  8.0545E-01  6.7528E-01  4.8011E-01  9.6725E-01  8.0058E-01  6.8366E-01  4.9775E-01
  1.4820E+00  9.9993E-01  8.0633E-01  6.7728E-01  4.8113E-01  1.0027E+00  8.0542E-01  6.7524E-01  4.8009E-01  9.6725E-01  8.0058E-01  6.8366E-01  4.9775E-01
  1.4850E+00  9.9999E-01  8.0638E-01  6.7732E-01  4.8116E-01  1.0027E+00  8.0540E-01  6.7520E-01  4.8006E-01  9.6725E-01  8.0058E-01  6.8366E-01  4.9775E-01
  1.4880E+00  1.0001E+00  8.0643E-01  6.7735E-01  4.8119E-01  1.0027E+00  8.0537E-01  6.7515E-01  4.8004E-01  9.6725E-01  8.0058E-01  6.8366E-01  4.9775E-01
  1.4910E+00  1.0001E+00  8.0648E-01  6.7739E-01  4.8121E-01  1.0026E+00  8.0535E-01  6.7512E-01  4.8002E-01  9.6725E-01  8.0058E-01  6.8366E-01  4.9775E-01
  1.4940E+00  1.0002E+00  8.0652E-01  6.7742E-01  4.8124E-01  1.0026E+00  8.0532E-01  6.7509E-01  4.8000E-01  9.6725E-01  8.0058E-01  6.8366E-01  4.9775E-01
  1.5000E+00  1.0003E+00  8.0662E-01  6.7749E-01  4.8129E-01  1.0026E+00  8.0527E-01  6.7501E-01  4.7996E-01  9.6725E-01  8.0058E-01  6.8366E-01  4.9775E-01
