  1.900998306808E+00  3.330000000000E-03  2.505100000000E+02  0.000000000000E+00  0.000000000000E+00  7.999387739500E-02  7.999302168498E-02  0.000000000000E+00  0.000000000000E+00
  1.901996613616E+00  6.660000000000E-03  2.505100000000E+02  0.000000000000E+00  0.000000000000E+00  7.999387739500E-02  7.999302168498E-02  0.000000000000E+00  0.000000000000E+00
  1.902994920425E+00  9.990000000000E-03  2.505100000000E+02  0.000000000000E+00  0.000000000000E+00  7.999387739500E-02  7.999302168498E-02  0.000000000000E+00  0.000000000000E+00
  1.903993227233E+00  1.332000000000E-02  2.505100000000E+02  0.000000000000E+00  0.000000000000E+00  7.999387739500E-02  7.999302168498E-02  0.000000000000E+00  0.000000000000E+00
  1.904991534041E+00  1.665000000000E-02  2.505100000000E+02  0.000000000000E+00  0.000000000000E+00  7.999387739500E-02  7.999302168498E-02  0.000000000000E+00  0.000000000000E+00
  1.905989840849E+00  1.998000000000E-02  2.505100000000E+02  0.000000000000E+00  0.000000000000E+00  7.999387739500E-02  7.999302168498E-02  0.000000000000E+00  0.000000000000E+00
  1.906988147657E+00  2.331000000000E-02  2.505100000000E+02  0.000000000000E+00  0.000000000000E+00  7.999387739500E-02  7.999302168498E-02  0.000000000000E+00  0.000000000000E+00
  1.907986454465E+00  2.664000000000E-02  2.505100000000E+02  0.000000000000E+00  0.000000000000E+00  7.999387739500E-02  7.999302168498E-02  0.000000000000E+00  0.000000000000E+00
  1.908984761274E+00  2.997000000000E-02  2.505100000000E+02  0.000000000000E+00  0.000000000000E+00  7.999387739500E-02  7.999302168498E-02  0.000000000000E+00  0.000000000000E+00
  1.909983068082E+00  3.330000000000E-02  2.505100000000E+02  0.000000000000E+00  0.000000000000E+00  7.999387739500E-02  7.999302168498E-02  0.000000000000E+00  0.000000000000E+00
  1.910981374890E+00  3.663000000000E-02  2.505100000000E+02  0.000000000000E+00  0.000000000000E+00  7.999387739500E-02  7.999302168498E-02  0.000000000000E+00  0.000000000000E+00
  1.911979681698E+00  3.996000000000E-02  2.505100000000E+02  0.000000000000E+00  0.000000000000E+00  7.999387739500E-02  7.999302168498E-02  0.000000000000E+00  0.000000000000E+00
  1.912977988506E+00  4.329000000000E-02  2.505100000000E+02  0.000000000000E+00  0.000000000000E+00  7.999387739500E-02  7.999302168498E-02  0.000000000000E+00  0.000000000000E+00
  1.913976295314E+00  4.662000000000E-02  2.505100000000E+02  0.000000000000E+00  0.000000000000E+00  7.999387739500E-02  7.999302168498E-02  0.000000000000E+00  0.000000000000E+00
  1.914974602123E+00  4.995000000000E-02  2.505100000000E+02  0.000000000000E+00  0.000000000000E+00  7.999387739500E-02  7.999302168498E-02  0.000000000000E+00  0.000000000000E+00
  1.915972908931E+00  5.328000000000E-02  2.505100000000E+02  0.000000000000E+00  0.000000000000E+00  7.999387739500E-02  7.999302168498E-02  0.000000000000E+00  0.000000000000E+00
  1.916971215739E+00  5.661000000000E-02  2.505100000000E+02  0.000000000000E+00  0.000000000000E+00  7.999387739500E-02  7.999302168498E-02  0.000000000000E+00  0.000000000000E+00
  1.917969522547E+00  5.994000000000E-02  2.505100000000E+02  0.000000000000E+00  0.000000000000E+00  7.999387739500E-02  7.999302168498E-02  0.000000000000E+00  0.000000000000E+00
  1.918967829355E+00  6.327000000000E-02  2.505100000000E+02  0.000000000000E+00  0.000000000000E+00  7.999387739500E-02  7.999302168498E-02  0.000000000000E+00  0.000000000000E+00
  1.919966136163E+00  6.660000000000E-02  2.505100000000E+02  0.000000000000E+00  0.000000000000E+00  7.999387739500E-02  7.999302168498E-02  0.000000000000E+00  0.000000000000E+00
  1.920964442972E+00  6.993000000000E-02  2.505100000000E+02  0.000000000000E+00  0.000000000000E+00  7.999387739500E-02  7.999302168498E-02  0.000000000000E+00  0.000000000000E+00
  1.921962749780E+00  7.326000000000E-02  2.505100000000E+02  0.000000000000E+00  0.000000000000E+00  7.999387739500E-02  7.999302168498E-02  0.000000000000E+00  0.000000000000E+00
  1.922961056588E+00  7.659000000000E-02  2.505100000000E+02  0.000000000000E+00  0.000000000000E+00  7.999387739500E-02  7.999302168498E-02  0.000000000000E+00  0.000000000000E+00
  1.923959363396E+00  7.992000000000E-02  2.505100000000E+02  0.000000000000E+00  0.000000000000E+00  7.999387739500E-02  7.999302168498E-02  0.000000000000E+00  0.000000000000E+00
  1.924957670204E+00  8.325000000000E-02  2.505100000000E+02  0.000000000000E+00  0.000000000000E+00  7.999387739500E-02  7.999302168498E-02  0.000000000000E+00  0.000000000000E+00
  1.925955977012E+00  8.658000000000E-02  2.505100000000E+02  0.000000000000E+00  0.000000000000E+00  7.999387739500E-02  7.999302168498E-02  0.000000000000E+00  0.000000000000E+00
  1.926954283821E+00  8.991000000000E-02  2.505100000000E+02  0.000000000000E+00  0.000000000000E+00  7.999387739500E-02  7.999302168498E-02  0.000000000000E+00  0.000000000000E+00
  1.927952590629E+00  9.324000000000E-02  2.505100000000E+02  0.000000000000E+00  0.000000000000E+00  7.999387739500E-02  7.999302168498E-02  0.000000000000E+00  0.000000000000E+00
  1.928950897437E+00  9.657000000000E-02  2.505100000000E+02  0.000000000000E+00  0.000000000000E+00  7.999387739500E-02  7.999302168498E-02  0.000000000000E+00  0.000000000000E+00
  1.929949204245E+00  9.990000000000E-02  2.505100000000E+02  0.000000000000E+00  0.000000000000E+00  7.999387739500E-02  7.999302168498E-02  0.000000000000E+00  0.000000000000E+00
  1.930947511053E+00  1.032300000000E-01  2.505100000000E+02  0.000000000000E+00  0.000000000000E+00  7.999387739500E-02  7.999302168498E-02  0.000000000000E+00  0.000000000000E+00
  1.931945817861E+00  1.065600000000E-01  2.505100000000E+02  0.000000000000E+00  0.000000000000E+00  7.999387739500E-02  7.999302168498E-02  0.000000000000E+00  0.000000000000E+00
  1.932944124670E+00  1.098900000000E-01  2.505100000000E+02  0.000000000000E+00  0.000000000000E+00  7.999387739500E-02  7.999302168498E-02  0.000000000000E+00  0.000000000000E+00
  1.933942431478E+00  1.132200000000E-01  2.505100000000E+02  0.000000000000E+00  0.000000000000E+00  7.999387739500E-02  7.999302168498E-02  0.000000000000E+00  0.000000000000E+00
  1.934940738286E+00  1.165500000000E-01  2.505100000000E+02  0.000000000000E+00  0.000000000000E+00  7.999387739500E-02  7.999302168498E-02  0.000000000000E+00  0.000000000000E+00
  1.935939045094E+00  1.198800000000E-01  2.505100000000E+02  0.000000000000E+00  0.000000000000E+00  7.999387739500E-02  7.999302168498E-02  0.000000000000E+00  0.000000000000E+00
  1.936937351902E+00  1.232100000000E-01  2.505100000000E+02  0.000000000000E+00  0.000000000000E+00  7.999387739500E-02  7.999302168498E-02  0.000000000000E+00  0.000000000000E+00
  1.937935658710E+00  1.265400000000E-01  2.505100000000E+02  0.000000000000E+00  0.000000000000E+00  7.999387739500E-02  7.999302168498E-02  0.000000000000E+00  0.000000000000E+00
  1.938933965519E+00  1.298700000000E-01  2.505100000000E+02  0.000000000000E+00  0.000000000000E+00  7.999387739500E-02  7.999302168498E-02  0.000000000000E+00  0.000000000000E+00
  1.939932272327E+00  1.332000000000E-01  2.505100000000E+02  0.000000000000E+00  0.000000000000E+00  7.999387739500E-02  7.999302168498E-02  0.000000000000E+00  0.000000000000E+00
  1.940930579135E+00  1.365300000000E-01  2.505100000000E+02  0.000000000000E+00  0.000000000000E+00  7.999387739500E-02  7.999302168498E-02  0.000000000000E+00  0.000000000000E+00
  1.941928885943E+00  1.398600000000E-01  2.505100000000E+02  0.000000000000E+00  0.000000000000E+00  7.999387739500E-02  7.999302168498E-02  0.000000000000E+00  0.000000000000E+00
  1.942927192751E+00  1.431900000000E-01  2.505100000000E+02  0.000000000000E+00  0.000000000000E+00  7.999387739500E-02  7.999302168498E-02  0.000000000000E+00  0.000000000000E+00
  1.943925499559E+00  1.465200000000E-01  2.505100000000E+02  0.000000000000E+00  0.000000000000E+00  7.999387739500E-02  7.999302168498E-02  0.000000000000E+00  0.000000000000E+00
  1.944923806368E+00  1.498500000000E-01  2.505100000000E+02  0.000000000000E+00  0.000000000000E+00  7.999387739500E-02  7.999302168498E-02  0.000000000000E+00  0.000000000000E+00
  1.945922113176E+00  1.531800000000E-01  2.505100000000E+02  0.000000000000E+00  0.000000000000E+00  7.999387739500E-02  7.999302168498E-02  0.000000000000E+00  0.000000000000E+00
  1.946920419984E+00  1.565100000000E-01  2.505100000000E+02  0.000000000000E+00  0.000000000000E+00  7.999387739500E-02  7.999302168498E-02  0.000000000000E+00  0.000000000000E+00
  1.947918726792E+00  1.598400000000E-01  2.505100000000E+02  0.000000000000E+00  0.000000000000E+00  7.999387739500E-02  7.999302168498E-02  0.000000000000E+00  0.000000000000E+00
  1.948917033600E+00  1.631700000000E-01  2.505100000000E+02  0.000000000000E+00  0.000000000000E+00  7.999387739500E-02  7.999302168498E-02  0.000000000000E+00  0.000000000000E+00
  1.949915340408E+00  1.665000000000E-01  2.505100000000E+02  0.000000000000E+00  0.000000000000E+00  7.999387739500E-02  7.999302168498E-02  0.000000000000E+00  0.000000000000E+00
  1.950913647217E+00  1.698300000000E-01  2.505100000000E+02  0.000000000000E+00  0.000000000000E+00  7.999387739500E-02  7.999302168498E-02  0.000000000000E+00  0.000000000000E+00
  1.951911954025E+00  1.731600000000E-01  2.505100000000E+02  0.000000000000E+00  0.000000000000E+00  7.999387739500E-02  7.999302168498E-02  0.000000000000E+00  0.000000000000E+00
  1.952910260833E+00  1.764900000000E-01  2.505100000000E+02  0.000000000000E+00  0.000000000000E+00  7.999387739500E-02  7.999302168498E-02  0.000000000000E+00  0.000000000000E+00
  1.953908567641E+00  1.798200000000E-01  2.505100000000E+02  0.000000000000E+00  0.000000000000E+00  7.999387739500E-02  7.999302168498E-02  0.000000000000E+00  0.000000000000E+00
  1.954906874449E+00  1.831500000000E-01  2.505100000000E+02  0.000000000000E+00  0.000000000000E+00  7.999387739500E-02  7.999302168498E-02  0.000000000000E+00  0.000000000000E+00
  1.955905181257E+00  1.864800000000E-01  2.505100000000E+02  0.000000000000E+00  0.000000000000E+00  7.999387739500E-02  7.999302168498E-02  0.000000000000E+00  0.000000000000E+00
  1.956903488066E+00  1.898100000000E-01  2.505100000000E+02  0.000000000000E+00  0.000000000000E+00  7.999387739500E-02  7.999302168498E-02  0.000000000000E+00  0.000000000000E+00
  1.957901794874E+00  1.931400000000E-01  2.505100000000E+02  0.000000000000E+00  0.000000000000E+00  7.999387739500E-02  7.999302168498E-02  0.000000000000E+00  0.000000000000E+00
  1.958900101682E+00  1.964700000000E-01  2.505100000000E+02  0.000000000000E+00  0.000000000000E+00  7.999387739500E-02  7.999302168498E-02  0.000000000000E+00  0.000000000000E+00
  1.959898408490E+00  1.998000000000E-01  2.505100000000E+02  0.000000000000E+00  0.000000000000E+00  7.999387739500E-02  7.999302168498E-02  0.000000000000E+00  0.000000000000E+00
  1.960896715298E+00  2.031300000000E-01  2.505100000000E+02  0.000000000000E+00  0.000000000000E+00  7.999387739500E-02  7.999302168498E-02  0.000000000000E+00  0.000000000000E+00
  1.961895022107E+00  2.064600000000E-01  2.505100000000E+02  0.000000000000E+00  0.000000000000E+00  7.999387739500E-02  7.999302168498E-02  0.000000000000E+00  0.000000000000E+00
  1.962893328915E+00  2.097900000000E-01  2.505100000000E+02  0.000000000000E+00  0.000000000000E+00  7.999387739500E-02  7.999302168498E-02  0.000000000000E+00  0.000000000000E+00
  1.963891635723E+00  2.131200000000E-01  2.505100000000E+02  0.000000000000E+00  0.000000000000E+00  7.999387739500E-02  7.999302168498E-02  0.000000000000E+00  0.000000000000E+00
  1.964889942531E+00  2.164500000000E-01  2.505100000000E+02  0.000000000000E+00  0.000000000000E+00  7.999387739500E-02  7.999302168498E-02  0.000000000000E+00  0.000000000000E+00
  1.965888249339E+00  2.197800000000E-01  2.505100000000E+02  0.000000000000E+00  0.000000000000E+00  7.999387739500E-02  7.999302168498E-02  0.000000000000E+00  0.000000000000E+00
  1.966886556147E+00  2.231100000000E-01  2.505100000000E+02  0.000000000000E+00  0.000000000000E+00  7.999387739500E-02  7.999302168498E-02  0.000000000000E+00  0.000000000000E+00
  1.967884862956E+00  2.264400000000E-01  2.505100000000E+02  0.000000000000E+00  0.000000000000E+00  7.999387739500E-02  7.999302168498E-02  0.000000000000E+00  0.000000000000E+00
  1.968883169764E+00  2.297700000000E-01  2.505100000000E+02  0.000000000000E+00  0.000000000000E+00  7.999387739500E-02  7.999302168498E-02  0.000000000000E+00  0.000000000000E+00
  1.969881476572E+00  2.331000000000E-01  2.505100000000E+02  0.000000000000E+00  0.000000000000E+00  7.999387739500E-02  7.999302168498E-02  0.000000000000E+00  0.000000000000E+00
  1.970879783380E+00  2.364300000000E-01  2.505100000000E+02  0.000000000000E+00  0.000000000000E+00  7.999387739500E-02  7.999302168498E-02  0.000000000000E+00  0.000000000000E+00
  1.971878090188E+00  2.397600000000E-01  2.505100000000E+02  0.000000000000E+00  0.000000000000E+00  7.999387739500E-02  7.999302168498E-02  0.000000000000E+00  0.000000000000E+00
  1.972876396996E+00  2.430900000000E-01  2.505100000000E+02  0.000000000000E+00  0.000000000000E+00  7.999387739500E-02  7.999302168498E-02  0.000000000000E+00  0.000000000000E+00
  1.973874703805E+00  2.464200000000E-01  2.505100000000E+02  0.000000000000E+00  0.000000000000E+00  7.999387739500E-02  7.999302168498E-02  0.000000000000E+00  0.000000000000E+00
  1.974873010613E+00  2.497500000000E-01  2.505100000000E+02  0.000000000000E+00  0.000000000000E+00  7.999387739500E-02  7.999302168498E-02  0.000000000000E+00  0.000000000000E+00
  1.975871317421E+00  2.530800000000E-01  2.505100000000E+02  0.000000000000E+00  0.000000000000E+00  7.999387739500E-02  7.999302168498E-02  0.000000000000E+00  0.000000000000E+00
  1.976869624229E+00  2.564100000000E-01  2.505100000000E+02  0.000000000000E+00  0.000000000000E+00  7.999387739500E-02  7.999302168498E-02  0.000000000000E+00  0.000000000000E+00
  1.977867931037E+00  2.597400000000E-01  2.505100000000E+02  0.000000000000E+00  0.000000000000E+00  7.999387739500E-02  7.999302168498E-02  0.000000000000E+00  0.000000000000E+00
  1.978866237845E+00  2.630700000000E-01  2.505100000000E+02  0.000000000000E+00  0.000000000000E+00  7.999387739500E-02  7.999302168498E-02  0.000000000000E+00  0.000000000000E+00
  1.979864544654E+00  2.664000000000E-01  2.505100000000E+02  0.000000000000E+00  0.000000000000E+00  7.999387739500E-02  7.999302168498E-02  0.000000000000E+00  0.000000000000E+00
  1.980862851462E+00  2.697300000000E-01  2.505100000000E+02  0.000000000000E+00  0.000000000000E+00  7.999387739500E-02  7.999302168498E-02  0.000000000000E+00  0.000000000000E+00
  1.981861158270E+00  2.730600000000E-01  2.505100000000E+02  0.000000000000E+00  0.000000000000E+00  7.999387739500E-02  7.999302168498E-02  0.000000000000E+00  0.000000000000E+00
  1.982859465078E+00  2.763900000000E-01  2.505100000000E+02  0.000000000000E+00  0.000000000000E+00  7.999387739500E-02  7.999302168498E-02  0.000000000000E+00  0.000000000000E+00
  1.983857771886E+00  2.797200000000E-01  2.505100000000E+02  0.000000000000E+00  0.000000000000E+00  7.999387739500E-02  7.999302168498E-02  0.000000000000E+00  0.000000000000E+00
  1.984856078694E+00  2.830500000000E-01  2.505100000000E+02  0.000000000000E+00  0.000000000000E+00  7.999387739500E-02  7.999302168498E-02  0.000000000000E+00  0.000000000000E+00
  1.985854385503E+00  2.863800000000E-01  2.505100000000E+02  0.000000000000E+00  0.000000000000E+00  7.999387739500E-02  7.999302168498E-02  0.000000000000E+00  0.000000000000E+00
  1.986852692311E+00  2.897100000000E-01  2.505100000000E+02  0.000000000000E+00  0.000000000000E+00  7.999387739500E-02  7.999302168498E-02  0.000000000000E+00  0.000000000000E+00
  1.987850999119E+00  2.930400000000E-01  2.505100000000E+02  0.000000000000E+00  0.000000000000E+00  7.999387739500E-02  7.999302168498E-02  0.000000000000E+00  0.000000000000E+00
  1.988849305927E+00  2.963700000000E-01  2.505100000000E+02  0.000000000000E+00  0.000000000000E+00  7.999387739500E-02  7.999302168498E-02  0.000000000000E+00  0.000000000000E+00
  1.989847612735E+00  2.997000000000E-01  2.505100000000E+02  0.000000000000E+00  0.000000000000E+00  7.999387739500E-02  7.999302168498E-02  0.000000000000E+00  0.000000000000E+00
  1.990845919543E+00  3.030300000000E-01  2.505100000000E+02  0.000000000000E+00  0.000000000000E+00  7.999387739500E-02  7.999302168498E-02  0.000000000000E+00  0.000000000000E+00
  1.991844226352E+00  3.063600000000E-01  2.505100000000E+02  0.000000000000E+00  0.000000000000E+00  7.999387739500E-02  7.999302168498E-02  0.000000000000E+00  0.000000000000E+00
  1.992842533160E+00  3.096900000000E-01  2.505100000000E+02  0.000000000000E+00  0.000000000000E+00  7.999387739500E-02  7.999302168498E-02  0.000000000000E+00  0.000000000000E+00
  1.993840839968E+00  3.130200000000E-01  2.505100000000E+02  0.000000000000E+00  0.000000000000E+00  7.999387739500E-02  7.999302168498E-02  0.000000000000E+00  0.000000000000E+00
  1.994839146776E+00  3.163500000000E-01  2.505100000000E+02  0.000000000000E+00  0.000000000000E+00  7.999387739500E-02  7.999302168498E-02  0.000000000000E+00  0.000000000000E+00
  1.995837453584E+00  3.196800000000E-01  2.505100000000E+02  0.000000000000E+00  0.000000000000E+00  7.999387739500E-02  7.999302168498E-02  0.000000000000E+00  0.000000000000E+00
  1.996835760392E+00  3.230100000000E-01  2.505100000000E+02  0.000000000000E+00  0.000000000000E+00  7.999387739500E-02  7.999302168498E-02  0.000000000000E+00  0.000000000000E+00
  1.997834067201E+00  3.263400000000E-01  2.505100000000E+02  0.000000000000E+00  0.000000000000E+00  7.999387739500E-02  7.999302168498E-02  0.000000000000E+00  0.000000000000E+00
  1.998832374009E+00  3.296700000000E-01  2.505100000000E+02  0.000000000000E+00  0.000000000000E+00  7.999387739500E-02  7.999302168498E-02  0.000000000000E+00  0.000000000000E+00
  1.999830680817E+00  3.330000000000E-01  2.505100000000E+02  0.000000000000E+00  0.000000000000E+00  7.999387739500E-02  7.999302168498E-02  0.000000000000E+00  0.000000000000E+00
  2.000828987625E+00  3.363300000000E-01  2.505100000000E+02  0.000000000000E+00  0.000000000000E+00  7.999387739500E-02  7.999302168498E-02  0.000000000000E+00  0.000000000000E+00
  2.001827294433E+00  3.396600000000E-01  2.505100000000E+02  0.000000000000E+00  0.000000000000E+00  7.999387739500E-02  7.999302168498E-02  0.000000000000E+00  0.000000000000E+00
  2.002825601241E+00  3.429900000000E-01  2.505100000000E+02  0.000000000000E+00  0.000000000000E+00  7.999387739500E-02  7.999302168498E-02  0.000000000000E+00  0.000000000000E+00
  2.003823908050E+00  3.463200000000E-01  2.505100000000E+02  0.000000000000E+00  0.000000000000E+00  7.999387739500E-02  7.999302168498E-02  0.000000000000E+00  0.000000000000E+00
  2.004822214858E+00  3.496500000000E-01  2.505100000000E+02  0.000000000000E+00  0.000000000000E+00  7.999387739500E-02  7.999302168498E-02  0.000000000000E+00  0.000000000000E+00
  2.005820521666E+00  3.529800000000E-01  2.505100000000E+02  0.000000000000E+00  0.000000000000E+00  7.999387739500E-02  7.999302168498E-02  0.000000000000E+00  0.000000000000E+00
  2.006818828474E+00  3.563100000000E-01  2.505100000000E+02  0.000000000000E+00  0.000000000000E+00  7.999387739500E-02  7.999302168498E-02  0.000000000000E+00  0.000000000000E+00
  2.007817135282E+00  3.596400000000E-01  2.505100000000E+02  0.000000000000E+00  0.000000000000E+00  7.999387739500E-02  7.999302168498E-02  0.000000000000E+00  0.000000000000E+00
  2.008815442090E+00  3.629700000000E-01  2.505100000000E+02  0.000000000000E+00  0.000000000000E+00  7.999387739500E-02  7.999302168498E-02  0.000000000000E+00  0.000000000000E+00
  2.009813748899E+00  3.663000000000E-01  2.505100000000E+02  0.000000000000E+00  0.000000000000E+00  7.999387739500E-02  7.999302168498E-02  0.000000000000E+00  0.000000000000E+00
  2.010812055707E+00  3.696300000000E-01  2.505100000000E+02  0.000000000000E+00  0.000000000000E+00  7.999387739500E-02  7.999302168498E-02  0.000000000000E+00  0.000000000000E+00
  2.011810362515E+00  3.729600000000E-01  2.505100000000E+02  0.000000000000E+00  0.000000000000E+00  7.999387739500E-02  7.999302168498E-02  0.000000000000E+00  0.000000000000E+00
  2.012808669323E+00  3.762900000000E-01  2.505100000000E+02  0.000000000000E+00  0.000000000000E+00  7.999387739500E-02  7.999302168498E-02  0.000000000000E+00  0.000000000000E+00
  2.013806976131E+00  3.796200000000E-01  2.505100000000E+02  0.000000000000E+00  0.000000000000E+00  7.999387739500E-02  7.999302168498E-02  0.000000000000E+00  0.000000000000E+00
  2.014805282939E+00  3.829500000000E-01  2.505100000000E+02  0.000000000000E+00  0.000000000000E+00  7.999387739500E-02  7.999302168498E-02  0.000000000000E+00  0.000000000000E+00
  2.015803589748E+00  3.862800000000E-01  2.505100000000E+02  0.000000000000E+00  0.000000000000E+00  7.999387739500E-02  7.999302168498E-02  0.000000000000E+00  0.000000000000E+00
  2.016801896556E+00  3.896100000000E-01  2.505100000000E+02  0.000000000000E+00  0.000000000000E+00  7.999387739500E-02  7.999302168498E-02  0.000000000000E+00  0.000000000000E+00
  2.017800203364E+00  3.929400000000E-01  2.505100000000E+02  0.000000000000E+00  0.000000000000E+00  7.999387739500E-02  7.999302168498E-02  0.000000000000E+00  0.000000000000E+00
  2.018798510172E+00  3.962700000000E-01  2.505100000000E+02  0.000000000000E+00  0.000000000000E+00  7.999387739500E-02  7.999302168498E-02  0.000000000000E+00  0.000000000000E+00
  2.019796816980E+00  3.996000000000E-01  2.505100000000E+02  0.000000000000E+00  0.000000000000E+00  7.999387739500E-02  7.999302168498E-02  0.000000000000E+00  0.000000000000E+00
  2.020795123788E+00  4.029300000000E-01  2.505100000000E+02  0.000000000000E+00  0.000000000000E+00  7.999387739500E-02  7.999302168498E-02  0.000000000000E+00  0.000000000000E+00
  2.021793430597E+00  4.062600000000E-01  2.505100000000E+02  0.000000000000E+00  0.000000000000E+00  7.999387739500E-02  7.999302168498E-02  0.000000000000E+00  0.000000000000E+00
  2.022791737405E+00  4.095900000000E-01  2.505100000000E+02  0.000000000000E+00  0.000000000000E+00  7.999387739500E-02  7.999302168498E-02  0.000000000000E+00  0.000000000000E+00
  2.023790044213E+00  4.129200000000E-01  2.505100000000E+02  0.000000000000E+00  0.000000000000E+00  7.999387739500E-02  7.999302168498E-02  0.000000000000E+00  0.000000000000E+00
  2.024788351021E+00  4.162500000000E-01  2.505100000000E+02  0.000000000000E+00  0.000000000000E+00  7.999387739500E-02  7.999302168498E-02  0.000000000000E+00  0.000000000000E+00
  2.025786657829E+00  4.195800000000E-01  2.505100000000E+02  0.000000000000E+00  0.000000000000E+00  7.999387739500E-02  7.999302168498E-02  0.000000000000E+00  0.000000000000E+00
  2.026784964638E+00  4.229100000000E-01  2.505100000000E+02  0.000000000000E+00  0.000000000000E+00  7.999387739500E-02  7.999302168498E-02  0.000000000000E+00  0.000000000000E+00
  2.027783271446E+00  4.262400000000E-01  2.505100000000E+02  0.000000000000E+00  0.000000000000E+00  7.999387739500E-02  7.999302168498E-02  0.000000000000E+00  0.000000000000E+00
  2.028781578254E+00  4.295700000000E-01  2.505100000000E+02  0.000000000000E+00  0.000000000000E+00  7.999387739500E-02  7.999302168498E-02  0.000000000000E+00  0.000000000000E+00
  2.029779885062E+00  4.329000000000E-01  2.505100000000E+02  0.000000000000E+00  0.000000000000E+00  7.999387739500E-02  7.999302168498E-02  0.000000000000E+00  0.000000000000E+00
  2.030778191870E+00  4.362300000000E-01  2.505100000000E+02  0.000000000000E+00  0.000000000000E+00  7.999387739500E-02  7.999302168498E-02  0.000000000000E+00  0.000000000000E+00
  2.031776498678E+00  4.395600000000E-01  2.505100000000E+02  0.000000000000E+00  0.000000000000E+00  7.999387739500E-02  7.999302168498E-02  0.000000000000E+00  0.000000000000E+00
  2.032774805487E+00  4.428900000000E-01  2.505100000000E+02  0.000000000000E+00  0.000000000000E+00  7.999387739500E-02  7.999302168498E-02  0.000000000000E+00  0.000000000000E+00
  2.033773112295E+00  4.462200000000E-01  2.505100000000E+02  0.000000000000E+00  0.000000000000E+00  7.999387739500E-02  7.999302168498E-02  0.000000000000E+00  0.000000000000E+00
  2.034771419103E+00  4.495500000000E-01  2.505100000000E+02  0.000000000000E+00  0.000000000000E+00  7.999387739500E-02  7.999302168498E-02  0.000000000000E+00  0.000000000000E+00
  2.035769725911E+00  4.528800000000E-01  2.505100000000E+02  0.000000000000E+00  0.000000000000E+00  7.999387739500E-02  7.999302168498E-02  0.000000000000E+00  0.000000000000E+00
  2.036768032719E+00  4.562100000000E-01  2.505100000000E+02  0.000000000000E+00  0.000000000000E+00  7.999387739500E-02  7.999302168498E-02  0.000000000000E+00  0.000000000000E+00
  2.037766339527E+00  4.595400000000E-01  2.505100000000E+02  0.000000000000E+00  0.000000000000E+00  7.999387739500E-02  7.999302168498E-02  0.000000000000E+00  0.000000000000E+00
  2.038764646336E+00  4.628700000000E-01  2.505100000000E+02  0.000000000000E+00  0.000000000000E+00  7.999387739500E-02  7.999302168498E-02  0.000000000000E+00  0.000000000000E+00
  2.039762953144E+00  4.662000000000E-01  2.505100000000E+02  0.000000000000E+00  0.000000000000E+00  7.999387739500E-02  7.999302168498E-02  0.000000000000E+00  0.000000000000E+00
  2.040761259952E+00  4.695300000000E-01  2.505100000000E+02  0.000000000000E+00  0.000000000000E+00  7.999387739500E-02  7.999302168498E-02  0.000000000000E+00  0.000000000000E+00
  2.041759566760E+00  4.728600000000E-01  2.505100000000E+02  0.000000000000E+00  0.000000000000E+00  7.999387739500E-02  7.999302168498E-02  0.000000000000E+00  0.000000000000E+00
  2.042757873568E+00  4.761900000000E-01  2.505100000000E+02  0.000000000000E+00  0.000000000000E+00  7.999387739500E-02  7.999302168498E-02  0.000000000000E+00  0.000000000000E+00
  2.043756180376E+00  4.795200000000E-01  2.505100000000E+02  0.000000000000E+00  0.000000000000E+00  7.999387739500E-02  7.999302168498E-02  0.000000000000E+00  0.000000000000E+00
  2.044754487185E+00  4.828500000000E-01  2.505100000000E+02  0.000000000000E+00  0.000000000000E+00  7.999387739500E-02  7.999302168498E-02  0.000000000000E+00  0.000000000000E+00
  2.045752793993E+00  4.861800000000E-01  2.505100000000E+02  0.000000000000E+00  0.000000000000E+00  7.999387739500E-02  7.999302168498E-02  0.000000000000E+00  0.000000000000E+00
  2.046751100801E+00  4.895100000000E-01  2.505100000000E+02  0.000000000000E+00  0.000000000000E+00  7.999387739500E-02  7.999302168498E-02  0.000000000000E+00  0.000000000000E+00
  2.047749407609E+00  4.928400000000E-01  2.505100000000E+02  0.000000000000E+00  0.000000000000E+00  7.999387739500E-02  7.999302168498E-02  0.000000000000E+00  0.000000000000E+00
  2.048747714417E+00  4.961700000000E-01  2.505100000000E+02  0.000000000000E+00  0.000000000000E+00  7.999387739500E-02  7.999302168498E-02  0.000000000000E+00  0.000000000000E+00
  2.049746021225E+00  4.995000000000E-01  2.505100000000E+02  0.000000000000E+00  0.000000000000E+00  7.999387739500E-02  7.999302168498E-02  0.000000000000E+00  0.000000000000E+00
  2.050744328034E+00  5.028300000000E-01  2.505100000000E+02  0.000000000000E+00  0.000000000000E+00  7.999387739500E-02  7.999302168498E-02  0.000000000000E+00  0.000000000000E+00
  2.051742634842E+00  5.061600000000E-01  2.505100000000E+02  0.000000000000E+00  0.000000000000E+00  7.999387739500E-02  7.999302168498E-02  0.000000000000E+00  0.000000000000E+00
  2.052740941650E+00  5.094900000000E-01  2.505100000000E+02  0.000000000000E+00  0.000000000000E+00  7.999387739500E-02  7.999302168498E-02  0.000000000000E+00  0.000000000000E+00
  2.053739248458E+00  5.128200000000E-01  2.505100000000E+02  0.000000000000E+00  0.000000000000E+00  7.999387739500E-02  7.999302168498E-02  0.000000000000E+00  0.000000000000E+00
  2.054737555266E+00  5.161500000000E-01  2.505100000000E+02  0.000000000000E+00  0.000000000000E+00  7.999387739500E-02  7.999302168498E-02  0.000000000000E+00  0.000000000000E+00
  2.055735862074E+00  5.194800000000E-01  2.505100000000E+02  0.000000000000E+00  0.000000000000E+00  7.999387739500E-02  7.999302168498E-02  0.000000000000E+00  0.000000000000E+00
  2.056734168883E+00  5.228100000000E-01  2.505100000000E+02  0.000000000000E+00  0.000000000000E+00  7.999387739500E-02  7.999302168498E-02  0.000000000000E+00  0.000000000000E+00
  2.057732475691E+00  5.261400000000E-01  2.505100000000E+02  0.000000000000E+00  0.000000000000E+00  7.999387739500E-02  7.999302168498E-02  0.000000000000E+00  0.000000000000E+00
  2.058730782499E+00  5.294700000000E-01  2.505100000000E+02  0.000000000000E+00  0.000000000000E+00  7.999387739500E-02  7.999302168498E-02  0.000000000000E+00  0.000000000000E+00
  2.059729089307E+00  5.328000000000E-01  2.505100000000E+02  0.000000000000E+00  0.000000000000E+00  7.999387739500E-02  7.999302168498E-02  0.000000000000E+00  0.000000000000E+00
  2.060727396115E+00  5.361300000000E-01  2.505100000000E+02  0.000000000000E+00  0.000000000000E+00  7.999387739500E-02  7.999302168498E-02  0.000000000000E+00  0.000000000000E+00
  2.061725702923E+00  5.394600000000E-01  2.505100000000E+02  0.000000000000E+00  0.000000000000E+00  7.999387739500E-02  7.999302168498E-02  0.000000000000E+00  0.000000000000E+00
  2.062724009732E+00  5.427900000000E-01  2.505100000000E+02  0.000000000000E+00  0.000000000000E+00  7.999387739500E-02  7.999302168498E-02  0.000000000000E+00  0.000000000000E+00
  2.063722316540E+00  5.461200000000E-01  2.505100000000E+02  0.000000000000E+00  0.000000000000E+00  7.999387739500E-02  7.999302168498E-02  0.000000000000E+00  0.000000000000E+00
  2.064720623348E+00  5.494500000000E-01  2.505100000000E+02  0.000000000000E+00  0.000000000000E+00  7.999387739500E-02  7.999302168498E-02  0.000000000000E+00  0.000000000000E+00
  2.065718930156E+00  5.527800000000E-01  2.505100000000E+02  0.000000000000E+00  0.000000000000E+00  7.999387739500E-02  7.999302168498E-02  0.000000000000E+00  0.000000000000E+00
  2.066717236964E+00  5.561100000000E-01  2.505100000000E+02  0.000000000000E+00  0.000000000000E+00  7.999387739500E-02  7.999302168498E-02  0.000000000000E+00  0.000000000000E+00
  2.067715543772E+00  5.594400000000E-01  2.505100000000E+02  0.000000000000E+00  0.000000000000E+00  7.999387739500E-02  7.999302168498E-02  0.000000000000E+00  0.000000000000E+00
  2.068713850581E+00  5.627700000000E-01  2.505100000000E+02  0.000000000000E+00  0.000000000000E+00  7.999387739500E-02  7.999302168498E-02  0.000000000000E+00  0.000000000000E+00
  2.069712157389E+00  5.661000000000E-01  2.505100000000E+02  0.000000000000E+00  0.000000000000E+00  7.999387739500E-02  7.999302168498E-02  0.000000000000E+00  0.000000000000E+00
  2.070710464197E+00  5.694300000000E-01  2.505100000000E+02  0.000000000000E+00  0.000000000000E+00  7.999387739500E-02  7.999302168498E-02  0.000000000000E+00  0.000000000000E+00
  2.071708771005E+00  5.727600000000E-01  2.505100000000E+02  0.000000000000E+00  0.000000000000E+00  7.999387739500E-02  7.999302168498E-02  0.000000000000E+00  0.000000000000E+00
  2.072707077813E+00  5.760900000000E-01  2.505100000000E+02  0.000000000000E+00  0.000000000000E+00  7.999387739500E-02  7.999302168498E-02  0.000000000000E+00  0.000000000000E+00
  2.073705384621E+00  5.794200000000E-01  2.505100000000E+02  0.000000000000E+00  0.000000000000E+00  7.999387739500E-02  7.999302168498E-02  0.000000000000E+00  0.000000000000E+00
  2.074703691430E+00  5.827500000000E-01  2.505100000000E+02  0.000000000000E+00  0.000000000000E+00  7.999387739500E-02  7.999302168498E-02  0.000000000000E+00  0.000000000000E+00
  2.075701998238E+00  5.860800000000E-01  2.505100000000E+02  0.000000000000E+00  0.000000000000E+00  7.999387739500E-02  7.999302168498E-02  0.000000000000E+00  0.000000000000E+00
  2.076700305046E+00  5.894100000000E-01  2.505100000000E+02  0.000000000000E+00  0.000000000000E+00  7.999387739500E-02  7.999302168498E-02  0.000000000000E+00  0.000000000000E+00
  2.077698611854E+00  5.927400000000E-01  2.505100000000E+02  0.000000000000E+00  0.000000000000E+00  7.999387739500E-02  7.999302168498E-02  0.000000000000E+00  0.000000000000E+00
  2.078696918662E+00  5.960700000000E-01  2.505100000000E+02  0.000000000000E+00  0.000000000000E+00  7.999387739500E-02  7.999302168498E-02  0.000000000000E+00  0.000000000000E+00
  2.079695225470E+00  5.994000000000E-01  2.505100000000E+02  0.000000000000E+00  0.000000000000E+00  7.999387739500E-02  7.999302168498E-02  0.000000000000E+00  0.000000000000E+00
  2.080693532279E+00  6.027300000000E-01  2.505100000000E+02  0.000000000000E+00  0.000000000000E+00  7.999387739500E-02  7.999302168498E-02  0.000000000000E+00  0.000000000000E+00
  2.081691839087E+00  6.060600000000E-01  2.505100000000E+02  0.000000000000E+00  0.000000000000E+00  7.999387739500E-02  7.999302168498E-02  0.000000000000E+00  0.000000000000E+00
  2.082690145895E+00  6.093900000000E-01  2.505100000000E+02  0.000000000000E+00  0.000000000000E+00  7.999387739500E-02  7.999302168498E-02  0.000000000000E+00  0.000000000000E+00
  2.083688452703E+00  6.127200000000E-01  2.505100000000E+02  0.000000000000E+00  0.000000000000E+00  7.999387739500E-02  7.999302168498E-02  0.000000000000E+00  0.000000000000E+00
  2.084686759511E+00  6.160500000000E-01  2.505100000000E+02  0.000000000000E+00  0.000000000000E+00  7.999387739500E-02  7.999302168498E-02  0.000000000000E+00  0.000000000000E+00
  2.085685066319E+00  6.193800000000E-01  2.505100000000E+02  0.000000000000E+00  0.000000000000E+00  7.999387739500E-02  7.999302168498E-02  0.000000000000E+00  0.000000000000E+00
  2.086683373128E+00  6.227100000000E-01  2.505100000000E+02  0.000000000000E+00  0.000000000000E+00  7.999387739500E-02  7.999302168498E-02  0.000000000000E+00  0.000000000000E+00
  2.087681679936E+00  6.260400000000E-01  2.505100000000E+02  0.000000000000E+00  0.000000000000E+00  7.999387739500E-02  7.999302168498E-02  0.000000000000E+00  0.000000000000E+00
  2.088679986744E+00  6.293700000000E-01  2.505100000000E+02  0.000000000000E+00  0.000000000000E+00  7.999387739500E-02  7.999302168498E-02  0.000000000000E+00  0.000000000000E+00
  2.089678293552E+00  6.327000000000E-01  2.505100000000E+02  0.000000000000E+00  0.000000000000E+00  7.999387739500E-02  7.999302168498E-02  0.000000000000E+00  0.000000000000E+00
  2.090676600360E+00  6.360300000000E-01  2.505100000000E+02  0.000000000000E+00  0.000000000000E+00  7.999387739500E-02  7.999302168498E-02  0.000000000000E+00  0.000000000000E+00
  2.091674907168E+00  6.393600000000E-01  2.505100000000E+02  0.000000000000E+00  0.000000000000E+00  7.999387739500E-02  7.999302168498E-02  0.000000000000E+00  0.000000000000E+00
  2.092673213977E+00  6.426900000000E-01  2.505100000000E+02  0.000000000000E+00  0.000000000000E+00  7.999387739500E-02  7.999302168498E-02  0.000000000000E+00  0.000000000000E+00
  2.093671520785E+00  6.460200000000E-01  2.505100000000E+02  0.000000000000E+00  0.000000000000E+00  7.999387739500E-02  7.999302168498E-02  0.000000000000E+00  0.000000000000E+00
  2.094669827593E+00  6.493500000000E-01  2.505100000000E+02  0.000000000000E+00  0.000000000000E+00  7.999387739500E-02  7.999302168498E-02  0.000000000000E+00  0.000000000000E+00
  2.095668134401E+00  6.526800000000E-01  2.505100000000E+02  0.000000000000E+00  0.000000000000E+00  7.999387739500E-02  7.999302168498E-02  0.000000000000E+00  0.000000000000E+00
  2.096666441209E+00  6.560100000000E-01  2.505100000000E+02  0.000000000000E+00  0.000000000000E+00  7.999387739500E-02  7.999302168498E-02  0.000000000000E+00  0.000000000000E+00
  2.097664748018E+00  6.593400000000E-01  2.505100000000E+02  0.000000000000E+00  0.000000000000E+00  7.999387739500E-02  7.999302168498E-02  0.000000000000E+00  0.000000000000E+00
  2.098663054826E+00  6.626700000000E-01  2.505100000000E+02  0.000000000000E+00  0.000000000000E+00  7.999387739500E-02  7.999302168498E-02  0.000000000000E+00  0.000000000000E+00
  2.099661361634E+00  6.660000000000E-01  2.505100000000E+02  0.000000000000E+00  0.000000000000E+00  7.999387739500E-02  7.999302168498E-02  0.000000000000E+00  0.000000000000E+00
  2.100000000000E+00  6.671295783521E-01  2.505100000000E+02  0.000000000000E+00  0.000000000000E+00  7.999387739500E-02  7.999302168498E-02  0.000000000000E+00  0.000000000000E+00
