  1.261964987130E-12 -7.149085543616E-11  2.099999824618E+00  3.158013286394E-03 -1.789028012865E-01  2.504151993078E+08  6.671289938668E-01 -2.000000000000E-03   1   5
  4.000001149386E-05 -9.195115098048E-11  5.000000531945E-04  2.876655488328E-02 -2.301332110034E-01  3.199217872542E+04  0.000000000000E+00 -2.000000000000E-03   1   3
 -9.340098718377E-12  3.999990504795E-05 -5.000000430013E-04 -2.337078609837E-02 -2.375889177824E-01 -2.582655164120E+04  0.000000000000E+00 -2.000000000000E-03   1   3
  7.999998229202E-05 -8.469800392829E-11  1.000000099534E-03 -4.432406274981E-02 -2.120037829020E-01  5.985165476516E+04  0.000000000000E+00 -2.000000000000E-03   1   3
 -1.959567450633E-11  7.999990394425E-05 -1.000000063255E-03 -4.902989345917E-02 -2.403389273381E-01 -3.800379130587E+04  0.000000000000E+00 -2.000000000000E-03   1   3
  1.199999954658E-04 -6.263196558734E-11  1.500000131851E-03 -1.135011046076E-02 -1.567834418748E-01  7.929899959582E+04  0.000000000000E+00 -2.000000000000E-03   1   3
 -6.908320511061E-12  1.199999030036E-04 -1.500000062899E-03 -1.728516775628E-02 -2.426926752866E-01 -3.778018253216E+04  0.000000000000E+00 -2.000000000000E-03   1   3
  1.307715042523E-04  1.192986338809E-04  8.432898927406E-04  8.656259663406E+03  6.861576776458E+03  5.244418555295E+04  0.000000000000E+00 -2.000000000000E-03   1   5
  9.798237738671E-05  8.379550255490E-05  2.448899557543E-04  5.859031217086E+03  3.592299464898E+03  1.699117771065E+04  0.000000000000E+00 -2.000000000000E-03   1   5
  7.553279328102E-05  5.880162862131E-05 -2.705300561785E-04  3.867994524679E+03  1.078880251527E+03 -1.661827312276E+04  0.000000000000E+00 -2.000000000000E-03   1   5
  5.742400848424E-05  3.798291208920E-05 -8.689300608733E-04  2.192657906938E+03 -1.263735738998E+03 -3.328944881979E+04  0.000000000000E+00 -2.000000000000E-03   1   5
  4.163097300510E-05  1.904859445326E-05  1.768000116378E-03  6.575427291714E+02 -3.771916247863E+03  8.482356285828E+04  0.000000000000E+00 -2.000000000000E-03   1   5
  2.717446483008E-05  5.048735708563E-07  7.056399974701E-04 -8.360523569119E+02 -7.027035455286E+03  4.567218333450E+04  0.000000000000E+00 -2.000000000000E-03   1   5
  1.346540114836E-05  9.138250814997E-07  1.407497238741E-04 -2.368881852169E+03  1.307680677352E+04  6.122777709216E+03  0.000000000000E+00 -2.000000000000E-03   1   5
  6.406443733548E-08 -2.053223485229E-05 -3.774501078748E-04 -4.038912397330E+03  6.185863573682E+03 -1.635095672399E+04  0.000000000000E+00 -2.000000000000E-03   1   5
 -1.345333811634E-05 -3.992381484124E-05 -1.024400138367E-03 -6.019849971226E+03  3.106859017041E+03 -3.877781695598E+04  0.000000000000E+00 -2.000000000000E-03   1   5
 -2.773693320082E-05 -6.083864395372E-05  1.416400007716E-03 -8.796316307154E+03  6.441543661314E+02  7.795533815449E+04  0.000000000000E+00 -2.000000000000E-03   1   5
 -2.093929235858E-05 -8.570132497662E-05  5.800496739941E-04  1.535401125496E+04 -1.705035018336E+03  3.492088869098E+04  0.000000000000E+00 -2.000000000000E-03   1   5
 -3.995589248125E-05 -1.206506522451E-04  3.819487662549E-05  8.147806362113E+03 -4.283880743520E+03  4.810354021549E+03  0.000000000000E+00 -2.000000000000E-03   1   5
 -5.664963355870E-05  1.962184661943E-04 -4.885701833928E-04  5.485278176959E+03 -7.477938586473E+03 -2.657104434770E+04  0.000000000000E+00 -2.000000000000E-03   1   5
 -7.497491026234E-05  1.195444197917E-04 -1.208000284767E-03  3.538855916927E+03  1.121275566472E+04 -3.905928301701E+04  0.000000000000E+00 -2.000000000000E-03   1   5
 -9.716152985152E-05  8.352904910860E-05  1.182400042781E-03  1.876766529814E+03  5.758802578681E+03  6.470674372494E+04  0.000000000000E+00 -2.000000000000E-03   1   5
 -1.289559037654E-04  5.862708729113E-05  4.629300517016E-04  3.307740405600E+02  2.819173235029E+03  3.416470254391E+04  0.000000000000E+00 -2.000000000000E-03   1   5
  2.151235411118E-04  3.794941700231E-05 -6.383900861273E-05 -7.594701984969E+02  3.949052850831E+02 -4.278450163782E+03  0.000000000000E+00 -2.000000000000E-03   1   5
  1.196195777376E-04  1.924407957088E-05 -6.057000599986E-04 -2.392339584007E+03 -1.958527914197E+03 -2.832523634052E+04  0.000000000000E+00 -2.000000000000E-03   1   5
  8.862473924252E-05  1.242058036446E-06 -1.442100130538E-03 -4.101318663993E+03 -4.592152393224E+03 -4.017458515012E+04  0.000000000000E+00 -2.000000000000E-03   1   5
  6.647252562245E-05 -1.740223976905E-05  9.987599367434E-04 -6.135244339230E+03 -8.349412093769E+03  6.231092111477E+04  0.000000000000E+00 -2.000000000000E-03   1   5
  4.754068263007E-05 -1.888388409143E-05  3.518097489117E-04 -9.049961467546E+03  9.826088534067E+03  2.108151391840E+04  0.000000000000E+00 -2.000000000000E-03   1   5
  5.124950906299E-05 -3.964118109180E-05 -1.663903567528E-04  1.371699854055E+04  5.175397949694E+03 -9.065600720584E+03  0.000000000000E+00 -2.000000000000E-03   1   5
  3.342500255530E-05 -6.105718439681E-05 -7.312801759505E-04  7.932751601904E+03  2.357574476676E+03 -3.682033757889E+04  0.000000000000E+00 -2.000000000000E-03   1   5
  1.893099803189E-05 -8.642011126260E-05 -1.793600089740E-03  5.375898473947E+03 -4.028540579479E+01 -2.951811515024E+04  0.000000000000E+00 -2.000000000000E-03   1   5
  5.358082721322E-06 -1.225855088892E-04  2.437600123926E-03  3.471906354160E+03 -2.424317438131E+03  9.228297480205E+04  0.000000000000E+00 -2.000000000000E-03   1   5
 -7.883365350863E-06  1.776789655230E-04  8.145600449416E-04  1.836361067300E+03 -4.873425192716E+03  5.200695445362E+04  0.000000000000E+00 -2.000000000000E-03   1   5
 -2.117936647610E-05  1.003015903395E-04  2.238798841119E-04  3.176489021431E+02 -9.052499127800E+03  1.146512463307E+04  0.000000000000E+00 -2.000000000000E-03   1   5
 -3.489340658596E-05  8.412206626623E-05 -2.916501497525E-04 -1.176406999728E+03  8.941276610773E+03 -1.402248037356E+04  0.000000000000E+00 -2.000000000000E-03   1   5
 -4.945459799650E-05  5.867090364521E-05 -8.983601143657E-04 -2.726842241488E+03  4.805762185384E+03 -3.801862493360E+04  0.000000000000E+00 -2.000000000000E-03   1   5
 -6.548744252835E-05  3.795466188241E-05  1.680400101851E-03 -4.439504594424E+03  2.087470894392E+03  8.410789745900E+04  0.000000000000E+00 -2.000000000000E-03   1   5
 -8.409022063214E-05  1.933692111847E-05  6.796999887495E-04 -6.516515958747E+03 -2.820069186500E+02  3.863306179756E+04  0.000000000000E+00 -2.000000000000E-03   1   5
 -1.077473754887E-04  1.569634333555E-06  1.201398727835E-04 -9.589784508458E+03 -2.673590922920E+03  1.312809970203E+04  0.000000000000E+00 -2.000000000000E-03   1   5
 -1.217283642120E-04 -1.632873054675E-05 -3.992903302525E-04  1.243698640777E+04 -5.488438709372E+03 -2.131607061243E+04  0.000000000000E+00 -2.000000000000E-03   1   5
  2.026422754063E-04 -3.608908892377E-05 -1.058400321331E-03  7.841749949414E+03 -1.013824225630E+04 -3.726127451560E+04  0.000000000000E+00 -2.000000000000E-03   1   5
  1.235348273349E-04 -3.873866330941E-05  1.363599971013E-03  5.304079616690E+03  8.036328273741E+03  7.321770195159E+04  0.000000000000E+00 -2.000000000000E-03   1   5
  9.325013490373E-05 -6.113689359417E-05  5.560400204803E-04  3.415517259062E+03  4.275766289629E+03  3.829805022529E+04  0.000000000000E+00 -2.000000000000E-03   1   5
  7.173632319625E-05 -8.718492801667E-05  1.777998970276E-05  1.786204578361E+03  1.635520556266E+03  3.212168402076E+02  0.000000000000E+00 -2.000000000000E-03   1   5
  5.408106840033E-05 -1.248859752008E-04 -5.114500424237E-04  2.680549994981E+02 -7.339065010929E+02 -2.559750179306E+04  0.000000000000E+00 -2.000000000000E-03   1   5
  3.850803192360E-05  1.663070126205E-04 -1.249700091638E-03 -1.229640452565E+03 -2.896444514605E+03 -4.251031542000E+04  0.000000000000E+00 -2.000000000000E-03   1   5
  2.411391843723E-05  9.993280950592E-05  1.142600055659E-03 -2.789434640129E+03 -5.870802254392E+03  7.042008150974E+04  0.000000000000E+00 -2.000000000000E-03   1   5
  1.031053287242E-05  6.603673489687E-05  4.402898079037E-04 -4.521663708152E+03 -1.132322413031E+04  2.746415221420E+04  0.000000000000E+00 -2.000000000000E-03   1   5
 -3.422331126929E-06  5.924026328026E-05 -8.427516335230E-05 -6.644400829174E+03  7.426412071346E+03 -4.151376666397E+03  0.000000000000E+00 -2.000000000000E-03   1   5
 -1.794884070444E-05  3.810541473442E-05 -6.300402394270E-04 -9.886142821205E+03  3.948673360332E+03 -3.292606969911E+04  0.000000000000E+00 -2.000000000000E-03   1   5
 -1.277573719674E-05  1.942573215176E-05 -1.499000278981E-03  1.174498271633E+04  1.383257028363E+03 -3.571433514056E+04  0.000000000000E+00 -2.000000000000E-03   1   5
 -2.887167511978E-05  1.734593466467E-06  9.658400055366E-04  7.313455936034E+03 -9.597446535972E+02  5.678467907047E+04  0.000000000000E+00 -2.000000000000E-03   1   5
 -4.415927967062E-05 -1.588959270300E-05  3.301399779807E-04  4.930237803897E+03 -3.419808611679E+03  2.095759794047E+04  0.000000000000E+00 -2.000000000000E-03   1   5
 -6.039819283282E-05 -3.445199497527E-05 -1.870601142699E-04  3.089098309967E+03 -6.498105506579E+03 -1.488855987588E+04  0.000000000000E+00 -2.000000000000E-03   1   5
 -7.880806240078E-05 -5.724084866955E-05 -7.577103321803E-04  1.477552351860E+03 -1.339022650348E+04 -2.994724483529E+04  0.000000000000E+00 -2.000000000000E-03   1   5
 -1.015929895377E-04 -5.211003645852E-05 -1.896900546990E-03 -4.130840738430E+01  1.762887831443E+04 -3.064838076860E+04  0.000000000000E+00 -2.000000000000E-03   1   5
 -1.354769716187E-04 -8.538009556411E-05  2.168500082488E-03 -1.561884994686E+03  6.607047835482E+03  9.245047119504E+04  0.000000000000E+00 -2.000000000000E-03   1   5
  1.821176221133E-04 -1.255361028683E-04  7.864800452513E-04 -2.758336494800E+03  3.361272424640E+03  4.740556514445E+04  0.000000000000E+00 -2.000000000000E-03   1   5
  1.134961018061E-04  1.598410402893E-04  2.029699936528E-04 -4.575973668347E+03  1.115802152522E+03  1.506534726933E+04  0.000000000000E+00 -2.000000000000E-03   1   5
  8.376563988419E-05  1.008347712203E-04 -3.128901076490E-04 -6.772708547012E+03 -1.258926991276E+03 -1.811484891030E+04  0.000000000000E+00 -2.000000000000E-03   1   5
  6.108952344301E-05  7.019284081756E-05 -9.285502497760E-04 -1.023504372524E+04 -3.784539093473E+03 -3.648717000306E+04  0.000000000000E+00 -2.000000000000E-03   1   5
  6.189234959941E-05  4.615924457134E-05  1.603799846377E-03  1.116899315555E+04 -7.072642767786E+03  7.864141579103E+04  0.000000000000E+00 -2.000000000000E-03   1   5
  4.438937622811E-05  4.380768205356E-05  6.541897391910E-04  7.140590869479E+03  1.275176259168E+04  4.478758023641E+04  0.000000000000E+00 -2.000000000000E-03   1   5
  2.945250333206E-05  2.199151022556E-05  9.959691106021E-05  4.832112960247E+03  6.145711673778E+03  5.784156122833E+03  0.000000000000E+00 -2.000000000000E-03   1   5
  1.562010408850E-05  3.765697050362E-06 -4.213100638153E-04  3.023085050295E+03  3.089959738089E+03 -2.134989033094E+04  0.000000000000E+00 -2.000000000000E-03   1   5
  2.323547355341E-06 -1.386604855597E-05 -1.093600078003E-03  1.430550895590E+03  6.359363577716E+02 -4.182175936458E+04  0.000000000000E+00 -2.000000000000E-03   1   5
 -1.081641225896E-05 -3.190281653620E-05  1.314300123370E-03 -7.317445233947E+01 -1.708278086021E+03  7.517485833472E+04  0.000000000000E+00 -2.000000000000E-03   1   5
 -2.413438737213E-05 -5.137611007394E-05  5.323400183213E-04 -1.573477362208E+03 -4.283432332093E+03  3.251367684457E+04  0.000000000000E+00 -2.000000000000E-03   1   5
 -3.798985602214E-05 -7.407810436838E-05 -2.623012746117E-06 -3.154397009589E+03 -7.798379028270E+03 -7.918251901865E+01  0.000000000000E+00 -2.000000000000E-03   1   5
 -5.286169263925E-05 -8.423305023884E-05 -5.345802891115E-04 -4.937128520320E+03  1.083276595066E+04 -3.257841796207E+04  0.000000000000E+00 -2.000000000000E-03   1   5
 -6.952795246742E-05 -1.280592847101E-04 -1.293600175957E-03 -7.180335122266E+03  5.510654223490E+03 -3.325805822077E+04  0.000000000000E+00 -2.000000000000E-03   1   5
 -8.980177950668E-05  1.534228543647E-04  1.104599906122E-03 -1.089503709762E+04  2.846594374229E+03  6.510813958892E+04  0.000000000000E+00 -2.000000000000E-03   1   5
 -9.473029902919E-05  9.949184630699E-05  4.178698756294E-04  1.043203783624E+04  3.992088643143E+02  2.805872889677E+04  0.000000000000E+00 -2.000000000000E-03   1   5
 -1.315914751539E-04  6.982171715401E-05 -1.047400941361E-04  6.697898851547E+03 -1.965291471999E+03 -8.156975267678E+03  0.000000000000E+00 -2.000000000000E-03   1   5
  1.792317705080E-04  4.663642003217E-05 -6.547501139598E-04  4.823354513429E+03 -4.614125760237E+03 -2.855191073546E+04  0.000000000000E+00 -2.000000000000E-03   1   5
  1.174761612033E-04  2.558483600496E-05 -1.561100191791E-03  2.987982758379E+03 -8.420223297846E+03 -3.790876992646E+04  0.000000000000E+00 -2.000000000000E-03   1   5
  8.895927838257E-05  2.360402148867E-05  9.339199433245E-04  1.390556973388E+03  9.708982763681E+03  5.735942945400E+04  0.000000000000E+00 -2.000000000000E-03   1   5
  6.813257600137E-05  4.205180349671E-06  3.086199799371E-04 -1.182332989364E+02  5.145993936542E+03  1.629374574062E+04  0.000000000000E+00 -2.000000000000E-03   1   5
  5.079095238600E-05 -1.371717583782E-05 -2.077900203203E-04 -1.626802161053E+03  2.346491014146E+03 -8.071322287321E+03  0.000000000000E+00 -2.000000000000E-03   1   5
  3.531820052116E-05 -3.185626813778E-05 -7.846400758624E-04 -3.221746322650E+03 -4.177315726141E+01 -3.517463273779E+04  0.000000000000E+00 -2.000000000000E-03   1   5
  2.083211721621E-05 -5.130516236049E-05 -2.024200090824E-03 -5.031403214710E+03 -2.414590124257E+03 -2.590770402208E+04  0.000000000000E+00 -2.000000000000E-03   1   5
  6.631565600680E-06 -7.365148610255E-05  1.998600013068E-03 -7.339090645267E+03 -5.147278274540E+03  8.715139495882E+04  0.000000000000E+00 -2.000000000000E-03   1   5
 -8.595326818787E-06 -1.026497735196E-04  7.589897417115E-04 -1.136503284419E+04 -9.349330323937E+03  5.008926880452E+04  0.000000000000E+00 -2.000000000000E-03   1   5
 -3.443779718367E-06 -1.301921701857E-04  1.821497350640E-04  1.004402364153E+04  8.638303502557E+03  1.017099947244E+04  0.000000000000E+00 -2.000000000000E-03   1   5
 -1.833924276643E-05  1.483977989567E-04 -3.342701352076E-04  6.590390026879E+03  4.818369543422E+03 -1.772794462731E+04  0.000000000000E+00 -2.000000000000E-03   1   5
 -3.271141904334E-05  9.828160865627E-05 -9.595601135217E-04  4.410953824550E+03  2.088060307100E+03 -4.139624250978E+04  0.000000000000E+00 -2.000000000000E-03   1   5
 -4.762926374453E-05  6.937481200285E-05  1.535400136834E-03  2.653790602248E+03 -2.871427295337E+02  8.471951354808E+04  0.000000000000E+00 -2.000000000000E-03   1   5
 -6.386746796528E-05  4.670676661389E-05  6.291000526479E-04  1.081497856954E+03 -2.686837076437E+03  3.993376571247E+04  0.000000000000E+00 -2.000000000000E-03   1   5
 -8.256995863801E-05  2.659403393034E-05  7.909496441805E-05 -4.219794384006E+02 -5.519085573870E+03  6.595223005861E+03  0.000000000000E+00 -2.000000000000E-03   1   5
 -1.061406610900E-04  6.429823791032E-06 -4.435202193553E-04 -1.941816778814E+03 -1.026124061352E+04 -2.531656903684E+04  0.000000000000E+00 -2.000000000000E-03   1   5
 -1.426538930554E-04  5.258001243586E-06 -1.130200178960E-03 -3.573747710036E+03  7.968555465388E+03 -3.688500546637E+04  0.000000000000E+00 -2.000000000000E-03   1   5
  1.641672153432E-04 -1.341371832107E-05  1.267900046300E-03 -5.051030127969E+03  4.256215336326E+03  7.070517733052E+04  0.000000000000E+00 -2.000000000000E-03   1   5
  1.071263513860E-04 -3.181011391466E-05  5.089399625366E-04 -7.481372730008E+03  1.632869175511E+03  3.312062243146E+04  0.000000000000E+00 -2.000000000000E-03   1   5
  7.702227409989E-05 -5.138747428288E-05 -2.302224161799E-05 -1.192899831306E+04 -7.195000040576E+02 -4.969258883178E+03  0.000000000000E+00 -2.000000000000E-03   1   5
  7.494351347508E-05 -7.377854563565E-05 -5.579902018122E-04  9.694367746491E+03 -3.150231668024E+03 -2.490382829306E+04  0.000000000000E+00 -2.000000000000E-03   1   5
  5.636035189518E-05 -1.024438183845E-04 -1.340000192906E-03  6.448071222288E+03 -6.111948631802E+03 -3.965235922799E+04  0.000000000000E+00 -2.000000000000E-03   1   5
  4.054854333561E-05 -1.515731267973E-04  1.067999859679E-03  4.322959569244E+03 -1.172720788550E+04  6.436244441777E+04  0.000000000000E+00 -2.000000000000E-03   1   5
  2.617618525291E-05  1.447137718401E-04  3.956599347243E-04  2.590138695791E+03  7.406082128943E+03  2.235705005956E+04  0.000000000000E+00 -2.000000000000E-03   1   5
  1.260144141543E-05  9.729715998192E-05 -1.252400327489E-04  1.031198673329E+03  3.941104974914E+03 -5.650060880691E+03  0.000000000000E+00 -2.000000000000E-03   1   5
 -5.933273484953E-07  6.895031216816E-05 -6.798400618258E-04 -4.638573711368E+02  1.376474739851E+03 -3.361949646428E+04  0.000000000000E+00 -2.000000000000E-03   1   5
 -1.374863671022E-05  4.662673797299E-05 -1.629500067278E-03 -1.976814823094E+03 -9.696494281170E+02 -3.589989642423E+04  0.000000000000E+00 -2.000000000000E-03   1   5
 -2.720011989339E-05  2.695732156699E-05  9.029000358276E-04 -3.597141961903E+03 -3.437619531697E+03  5.022901910171E+04  0.000000000000E+00 -2.000000000000E-03   1   5
 -4.136574094946E-05  8.178754680963E-06  2.872499305577E-04 -5.467564842907E+03 -6.539103944081E+03  2.290040664929E+04  0.000000000000E+00 -2.000000000000E-03   1   5
 -5.691632020150E-05 -1.329593218758E-05 -2.286104241049E-04 -7.933602910464E+03 -1.376121250861E+04 -1.297464885631E+04  0.000000000000E+00 -2.000000000000E-03   1   5
 -7.599059273838E-05 -5.138535262913E-06 -8.121207355867E-04 -1.291504466772E+04  1.615176955196E+04 -3.377795121139E+04  0.000000000000E+00 -2.000000000000E-03   1   5
 -7.609059167211E-05 -2.916546258979E-05 -2.194200245889E-03  9.126881670510E+03  6.572435355926E+03 -2.467141394222E+04  0.000000000000E+00 -2.000000000000E-03   1   5
 -1.013283974635E-04 -4.957428141934E-05  1.871200077901E-03  6.051809977725E+03  3.370198286709E+03  9.020522914398E+04  0.000000000000E+00 -2.000000000000E-03   1   5
 -1.396941343514E-04 -7.231986991360E-05  7.320600479170E-04  3.952471926895E+03  8.729868829078E+02  4.546809132630E+04  0.000000000000E+00 -2.000000000000E-03   1   5
  1.642361972677E-04 -1.012089086103E-04  1.614100049045E-04  2.600120900265E+03 -1.476494981500E+03  1.086325345632E+04  0.000000000000E+00 -2.000000000000E-03   1   5
  1.119843076998E-04 -1.511751061297E-04 -3.557800699068E-04  1.007188779379E+03 -4.026233630339E+03 -2.232013828358E+04  0.000000000000E+00 -2.000000000000E-03   1   5
  8.486920955240E-05  1.280188314282E-04 -9.914801322051E-04 -5.019085647661E+02 -7.089240161847E+03 -3.445098642105E+04  0.000000000000E+00 -2.000000000000E-03   1   5
  6.456936395323E-05  1.017327540612E-04  1.473399874154E-03 -2.028612900448E+03  1.247584040337E+04  7.795496884835E+04  0.000000000000E+00 -2.000000000000E-03   1   5
  4.740894303159E-05  7.100907347933E-05  6.043999868539E-04 -3.668395270613E+03  6.111763804504E+03  3.972251245844E+04  0.000000000000E+00 -2.000000000000E-03   1   5
  3.185647505731E-05  4.841890721237E-05  5.862993381145E-05 -5.574691663446E+03  3.074217168838E+03  1.479671524733E+03  0.000000000000E+00 -2.000000000000E-03   1   5
  1.687406891493E-05  2.890864915491E-05 -4.659301399088E-04 -8.132119070065E+03  6.243199811351E+02 -2.234240329009E+04  0.000000000000E+00 -2.000000000000E-03   1   5
 -4.718594860368E-08  1.080461005358E-05 -1.168300383743E-03 -1.391604616463E+04 -1.721144621752E+03 -4.082267431471E+04  0.000000000000E+00 -2.000000000000E-03   1   5
  6.144890928115E-06 -6.945149608179E-06  1.224099963023E-03  8.854467454312E+03 -4.304091275021E+03  7.038871081901E+04  0.000000000000E+00 -2.000000000000E-03   1   5
 -8.128986359548E-06 -2.553536510920E-05  4.858098823735E-04  5.945031039888E+03 -7.852928992870E+03  2.665334212801E+04  0.000000000000E+00 -2.000000000000E-03   1   5
 -2.192550691274E-05 -2.719155164137E-05 -4.342419784686E-05  3.920400640194E+03  1.068281796844E+04  1.154936263591E+03  0.000000000000E+00 -2.000000000000E-03   1   5
 -3.598780590138E-05 -4.933529160576E-05 -5.816901055939E-04  2.230464004960E+03  5.506870402305E+03 -2.929548305857E+04  0.000000000000E+00 -2.000000000000E-03   1   5
 -5.087022711215E-05 -7.272372143995E-05 -1.389300071686E-03  6.884271456695E+02  2.604847880770E+03 -3.736664030483E+04  0.000000000000E+00 -2.000000000000E-03   1   5
 -6.727686158023E-05 -1.024442664887E-04  1.032800094241E-03 -8.076831492981E+02  1.824201549471E+02  5.945070688891E+04  0.000000000000E+00 -2.000000000000E-03   1   5
 -8.640894157908E-05 -1.563200887475E-04  3.736500302978E-04 -2.339361154410E+03 -2.204414577290E+03  2.581735699433E+04  0.000000000000E+00 -2.000000000000E-03   1   5
 -1.109675116719E-04  1.253700119418E-04 -1.457900776352E-04 -4.004201409389E+03 -4.608498566532E+03 -9.779559360892E+03  0.000000000000E+00 -2.000000000000E-03   1   5
 -1.508914124016E-04  8.269805373688E-05 -7.053402248385E-04 -5.974948348517E+03 -8.481425153136E+03 -3.241641771784E+04  0.000000000000E+00 -2.000000000000E-03   1   5
  1.503080787867E-04  7.210638111019E-05 -1.706000326331E-03 -8.279509092774E+03  9.602325583854E+03 -3.839737429938E+04  0.000000000000E+00 -2.000000000000E-03   1   5
  9.692441212425E-05  4.862917851686E-05  8.727196735023E-04 -1.552504116198E+04  5.117678548543E+03  5.679416718790E+04  0.000000000000E+00 -2.000000000000E-03   1   5
  1.003975892572E-04  2.898777633680E-05  2.660093454554E-04  2.051803330998E+04  2.331497873661E+03  1.587087652266E+04  0.000000000000E+00 -2.000000000000E-03   1   5
  7.202199117350E-05  1.091871791658E-05 -2.495201371606E-04  8.560595946566E+03 -5.305710522808E+01 -1.304716336048E+04  0.000000000000E+00 -2.000000000000E-03   1   5
  5.409576435476E-05 -6.649225440740E-06 -8.402101316252E-04  5.791156923444E+03 -2.427433125355E+03 -3.853696874949E+04  0.000000000000E+00 -2.000000000000E-03   1   5
  3.856586615981E-05 -2.462524384031E-05 -2.463200085983E-03  3.811766655097E+03 -5.169763082958E+03 -1.389493234044E+04  0.000000000000E+00 -2.000000000000E-03   1   5
  2.434052054566E-05 -4.456700476475E-05  2.985800003043E-03  2.142500108167E+03 -9.430400189429E+03  9.307417677510E+04  0.000000000000E+00 -2.000000000000E-03   1   5
  1.084252649476E-05 -4.836273842628E-05  8.374899688084E-04  6.105799281050E+02  8.586976387156E+03  5.220394812629E+04  0.000000000000E+00 -2.000000000000E-03   1   5
 -2.330088530079E-06 -7.297829784812E-05  2.406799703905E-04 -8.814792420544E+02  4.570499749026E+03  8.997313105524E+03  0.000000000000E+00 -2.000000000000E-03   1   5
 -1.551196059030E-05 -1.037576452529E-04 -2.747500179661E-04 -2.414405772704E+03  1.868779518491E+03 -8.488455503136E+03  0.000000000000E+00 -2.000000000000E-03   1   5
 -2.904925331193E-05 -1.627926069958E-04 -8.747600874970E-04 -4.086341993556E+03 -5.293162209037E+02 -3.627093335211E+04  0.000000000000E+00 -2.000000000000E-03   1   5
 -4.338868656830E-05  1.226750829816E-04  1.749400077120E-03 -6.071899165651E+03 -2.674118682802E+03  8.691787958038E+04  0.000000000000E+00 -2.000000000000E-03   1   5
 -5.933860812693E-05  8.281925675630E-05  7.004098943550E-04 -8.861621098552E+03 -5.539235783850E+03  4.284144323361E+04  0.000000000000E+00 -2.000000000000E-03   1   5
 -5.553127204993E-05  5.448171372110E-05  1.366194881518E-04  1.510801761552E+04 -1.038619276486E+04  1.157569358668E+04  0.000000000000E+00 -2.000000000000E-03   1   5
 -7.927209817752E-05  4.944714095298E-05 -3.818102402602E-04  8.075687373648E+03  7.903063071186E+03 -2.121523496237E+04  0.000000000000E+00 -2.000000000000E-03   1   5
 -1.051074618127E-04  2.923013644899E-05 -1.031100136766E-03  5.412749907691E+03  4.232558792057E+03 -3.771366423190E+04  0.000000000000E+00 -2.000000000000E-03   1   5
 -1.468806843968E-04  1.103935641153E-05  1.405600094237E-03  3.443482987389E+03  1.619833180543E+03  7.347146898192E+04  0.000000000000E+00 -2.000000000000E-03   1   5
  1.539840399724E-04 -6.495780618619E-06  5.752300655888E-04  2.146712501656E+03 -7.292547618208E+02  4.058987339088E+04  0.000000000000E+00 -2.000000000000E-03   1   5
  1.079873598613E-04 -2.425719210466E-05  3.410998601172E-05  5.852859729139E+02 -3.161180340651E+03  1.907147274166E+03  0.000000000000E+00 -2.000000000000E-03   1   5
  8.204203924459E-05 -4.326337499489E-05 -4.931300998741E-04 -9.216224405124E+02 -6.134138188500E+03 -2.434505568084E+04  0.000000000000E+00 -2.000000000000E-03   1   5
  6.222146037802E-05 -6.621915513611E-05 -1.216200308364E-03 -2.470043481451E+03 -1.189124431644E+04 -4.170695613784E+04  0.000000000000E+00 -2.000000000000E-03   1   5
  4.528570510662E-05 -7.279588908860E-05  1.174300011976E-03 -4.164933644398E+03  7.133001531618E+03  7.039244418457E+04  0.000000000000E+00 -2.000000000000E-03   1   5
  2.979203565738E-05 -1.050642191105E-04  4.583799612208E-04 -6.195465417913E+03  3.714173710403E+03  2.794640652603E+04  0.000000000000E+00 -2.000000000000E-03   1   5
  1.461214717166E-05 -1.711302932134E-04 -6.792414055301E-05 -9.119100324674E+03  1.126614642787E+03 -3.950307641238E+03  0.000000000000E+00 -2.000000000000E-03   1   5
  2.047874733595E-05  1.201269357001E-04 -6.105403577981E-04  1.356695971776E+04 -9.556376173445E+02 -3.384964745027E+04  0.000000000000E+00 -2.000000000000E-03   1   5
  3.959840509440E-06  8.232691155461E-05 -1.453100166236E-03  7.873381809066E+03 -3.445151346578E+03 -3.363142915624E+04  0.000000000000E+00 -2.000000000000E-03   1   5
 -1.003967150393E-05  5.588797526884E-05  9.920899839639E-04  5.325855579188E+03 -6.576812577776E+03  5.921290926030E+04  0.000000000000E+00 -2.000000000000E-03   1   5
 -2.378226180172E-05  3.040745612227E-05  3.474597010897E-04  3.424938428033E+03 -1.419521086204E+04  2.321849523714E+04  0.000000000000E+00 -2.000000000000E-03   1   5
 -3.788768689107E-05  3.675292198999E-05 -1.705203985671E-04  1.789898512957E+03  1.524379725507E+04 -1.184175308505E+04  0.000000000000E+00 -2.000000000000E-03   1   5
 -5.289765358772E-05  1.374639954442E-05 -7.365301158080E-04  2.696417317239E+02  6.527574296406E+03 -3.116372424543E+04  0.000000000000E+00 -2.000000000000E-03   1   5
 -6.954849252900E-05 -4.439309861783E-06 -1.812900077617E-03 -1.227799916977E+03  3.353256845619E+03 -3.338590113142E+04  0.000000000000E+00 -2.000000000000E-03   1   5
 -8.914122420072E-05 -2.228249425556E-05  2.369100142008E-03 -2.784689796913E+03  8.673833068668E+02  9.297189213434E+04  0.000000000000E+00 -2.000000000000E-03   1   5
 -1.147311121771E-04 -4.087784820958E-05  8.089000373124E-04 -4.510138464178E+03 -1.474025665078E+03  4.734174059534E+04  0.000000000000E+00 -2.000000000000E-03   1   5
 -1.587360697491E-04 -6.144438780042E-05  2.196899381599E-04 -6.620071612936E+03 -4.006898871247E+03  1.696886778095E+04  0.000000000000E+00 -2.000000000000E-03   1   5
  1.406276307124E-04 -8.626874145511E-05 -2.958902544905E-04 -9.344907313444E+03 -7.355624114200E+03 -1.678834856084E+04  0.000000000000E+00 -2.000000000000E-03   1   5
  1.158488261411E-04 -1.013491827484E-04 -9.043305416818E-04  1.262095755623E+04  1.200976187312E+04 -3.567352514753E+04  0.000000000000E+00 -2.000000000000E-03   1   5
  8.769967244575E-05 -1.803279548363E-04  1.664299982189E-03  7.687494657146E+03  5.826668105176E+03  8.101444014537E+04  0.000000000000E+00 -2.000000000000E-03   1   5
  6.738200246965E-05  1.197000009213E-04  6.745600191991E-04  5.223885354541E+03  3.080862868475E+03  4.488209225303E+04  0.000000000000E+00 -2.000000000000E-03   1   5
  5.043366497790E-05  8.347230266359E-05  1.160299889986E-04  3.353314961836E+03  6.226895364452E+02  6.016370363086E+03  0.000000000000E+00 -2.000000000000E-03   1   5
  3.534349184518E-05  5.814648333714E-05 -4.036800446423E-04  1.732486137145E+03 -1.730139018885E+03 -2.125209931672E+04  0.000000000000E+00 -2.000000000000E-03   1   5
  2.133588924417E-05  3.690672171322E-05 -1.065400110632E-03  2.189700494567E+02 -4.325542547076E+03 -4.370620429480E+04  0.000000000000E+00 -2.000000000000E-03   1   5
  7.916151446769E-06  1.699858198060E-05  1.353500038963E-03 -1.276521296369E+03 -7.914072950359E+03  7.985074089554E+04  0.000000000000E+00 -2.000000000000E-03   1   5
 -5.293382311799E-06  1.573135283584E-05  5.512798687444E-04 -2.835781640164E+03  1.052976656202E+04  3.517516237476E+04  0.000000000000E+00 -2.000000000000E-03   1   5
 -1.864997434660E-05 -3.949401058288E-06  1.369892557834E-05 -4.569695748607E+03  5.475820685108E+03  2.476592035174E+03  0.000000000000E+00 -2.000000000000E-03   1   5
 -3.259943264857E-05 -2.214816639381E-05 -5.160601324596E-04 -6.697525702034E+03  2.595563987564E+03 -2.831486453000E+04  0.000000000000E+00 -2.000000000000E-03   1   5
 -4.804823874077E-05 -4.089775602569E-05 -1.258300214970E-03 -9.958039516341E+03  1.867653396533E+02 -3.677310944092E+04  0.000000000000E+00 -2.000000000000E-03   1   5
 -4.467122722858E-05 -6.152492310746E-05  1.134899883993E-03  1.164396499998E+04 -2.174303056831E+03  6.561023154077E+04  0.000000000000E+00 -2.000000000000E-03   1   5
 -6.376063804331E-05 -8.621314084463E-05  4.357899269878E-04  7.250536639511E+03 -4.847023546009E+03  2.831782573396E+04  0.000000000000E+00 -2.000000000000E-03   1   5
 -8.424730552921E-05 -1.209983253433E-04 -8.836517976807E-05  4.868499107017E+03 -8.763988636806E+03 -8.620480283797E+03  0.000000000000E+00 -2.000000000000E-03   1   5
 -1.104592452530E-04 -1.982369881278E-04 -6.349601899829E-04  3.018856595590E+03  9.232773561297E+03 -2.723479846177E+04  0.000000000000E+00 -2.000000000000E-03   1   5
 -1.565299579840E-04  2.711641629441E-04 -1.511000111209E-03  1.377482698347E+03  5.239360376237E+03 -3.818604128787E+04  0.000000000000E+00 -2.000000000000E-03   1   5
  1.444484466686E-04  1.154391697126E-04  9.593800908352E-04  2.234760737166E+02  2.353484822979E+03  5.888566281956E+04  0.000000000000E+00 -2.000000000000E-03   1   5
  1.030273376471E-04  8.073883272417E-05  3.258200231770E-04 -1.305762410898E+03 -4.164109410629E+01  1.797654097778E+04  0.000000000000E+00 -2.000000000000E-03   1   5
  7.805711806833E-05  5.588247570158E-05 -1.912000340654E-04 -2.888901740841E+03 -2.425206197827E+03 -8.864792467684E+03  0.000000000000E+00 -2.000000000000E-03   1   5
  5.852170514478E-05  3.474714603401E-05 -7.630501389189E-04 -4.653647429396E+03 -5.184126779131E+03 -3.561876723754E+04  0.000000000000E+00 -2.000000000000E-03   1   5
  4.144375466184E-05  1.436473346536E-05 -1.920000267696E-03 -6.841295481303E+03 -9.514915910366E+03 -2.954457227066E+04  0.000000000000E+00 -2.000000000000E-03   1   5
  2.494720852979E-05  1.282624462168E-05  2.129499851169E-03 -1.031798624265E+04  8.521542446997E+03  8.639229727861E+04  0.000000000000E+00 -2.000000000000E-03   1   5
  2.927319865792E-05 -5.976296923131E-06  7.809398666474E-04  1.107696422462E+04  4.564971872222E+03  5.326505764601E+04  0.000000000000E+00 -2.000000000000E-03   1   5
  1.388328625007E-05 -2.406294257492E-05  1.987999339987E-04  7.083625819025E+03  1.886002407854E+03  1.212162668422E+04  0.000000000000E+00 -2.000000000000E-03   1   5
  8.869839932352E-08 -4.288895093607E-05 -3.171600611411E-04  4.782691168168E+03 -4.759176833599E+02 -1.591038613281E+04  0.000000000000E+00 -2.000000000000E-03   1   5
 -1.333370185782E-05 -6.377554558288E-05 -9.346800960399E-04  2.976855804381E+03 -2.882139225385E+03 -3.917222630489E+04  0.000000000000E+00 -2.000000000000E-03   1   5
 -2.688108148077E-05 -8.908672357179E-05  1.589500087992E-03  1.385192768074E+03 -5.751345095933E+03  8.413545123103E+04  0.000000000000E+00 -2.000000000000E-03   1   5
 -4.097325132649E-05 -1.260307968555E-04  6.491398822521E-04 -1.192977633218E+02 -1.070923747694E+04  4.026078617159E+04  0.000000000000E+00 -2.000000000000E-03   1   5
 -5.612317892332E-05  2.064057059124E-04  9.549290734601E-05 -1.621987532845E+03  7.934312225090E+03  6.691926866055E+03  0.000000000000E+00 -2.000000000000E-03   1   5
 -7.310441685360E-05  1.137396705159E-04 -4.257300945096E-04 -3.207515297875E+03  4.244559626293E+03 -2.607290721881E+04  0.000000000000E+00 -2.000000000000E-03   1   5
 -9.336285503923E-05  8.007986062551E-05 -1.100800099200E-03 -4.998748851321E+03  1.628856117926E+03 -3.615312376577E+04  0.000000000000E+00 -2.000000000000E-03   1   5
 -1.204760506719E-04  5.567768960303E-05  1.304800034290E-03 -7.259526490464E+03 -7.244193905762E+02  7.232183618113E+04  0.000000000000E+00 -2.000000000000E-03   1   5
 -1.710910536811E-04  3.500364335613E-05  5.276398490364E-04 -1.103497643179E+04 -3.164132029278E+03  3.465152692187E+04  0.000000000000E+00 -2.000000000000E-03   1   5
  1.492715461836E-04  1.579537118559E-05 -6.702951425464E-06  1.065900272971E+04 -6.157179223429E+03 -3.190475207001E+03  0.000000000000E+00 -2.000000000000E-03   1   5
  1.079667052012E-04 -4.839779111949E-06 -5.392403496547E-04  6.945870738366E+03 -1.209223357424E+04 -2.559199047887E+04  0.000000000000E+00 -2.000000000000E-03   1   5
  8.293763873354E-05 -5.158473554529E-06 -1.302600186255E-03  4.699066108460E+03  7.100553749521E+03 -4.084536752942E+04  0.000000000000E+00 -2.000000000000E-03   1   5
  6.360141594191E-05 -2.385225592878E-05  1.097100072360E-03  2.913762294922E+03  3.725693820941E+03  6.488227200186E+04  0.000000000000E+00 -2.000000000000E-03   1   5
  4.712581629191E-05 -4.293198938292E-05  4.134100195801E-04  1.331038008847E+03  1.185879519876E+03  2.047322258124E+04  0.000000000000E+00 -2.000000000000E-03   1   5
  3.227558930463E-05 -6.398751689081E-05 -1.088399944029E-04 -1.708312124175E+02 -1.157892181873E+03 -9.724251291454E+02  0.000000000000E+00 -2.000000000000E-03   1   5
  1.836073413243E-05 -8.945752878361E-05 -6.597300783060E-04 -1.675845894504E+03 -3.643525646658E+03 -3.156436928928E+04  0.000000000000E+00 -2.000000000000E-03   1   5
  4.908390436624E-06 -1.263570298558E-04 -1.574200147018E-03 -3.269717091104E+03 -6.808518693634E+03 -3.528998116234E+04  0.000000000000E+00 -2.000000000000E-03   1   5
 -8.488739302985E-06  1.687015841587E-04  9.276497050879E-04 -5.080742804077E+03 -1.463921772696E+04  5.454511131516E+04  0.000000000000E+00 -2.000000000000E-03   1   5
 -2.232636653389E-05  1.189697439750E-04  3.043396130975E-04 -7.394463608177E+03  1.461479436103E+04  2.173679644531E+04  0.000000000000E+00 -2.000000000000E-03   1   5
 -3.786972231556E-05  8.202884247202E-05 -2.119502993931E-04 -1.145300229487E+04  6.505290312651E+03 -1.284418972570E+04  0.000000000000E+00 -2.000000000000E-03   1   5
 -3.370358154729E-05  5.739077433276E-05 -7.900902319360E-04  9.968253974497E+03  3.350571456133E+03 -3.412825471655E+04  0.000000000000E+00 -2.000000000000E-03   1   5
 -5.047768315472E-05  3.687917450382E-05 -2.053900122984E-03  6.533293659978E+03  8.692266531225E+02 -2.926583257639E+04  0.000000000000E+00 -2.000000000000E-03   1   5
 -6.806762384649E-05  1.829044932392E-05  1.970500126546E-03  4.355609760587E+03 -1.472483693557E+03  9.275246785554E+04  0.000000000000E+00 -2.000000000000E-03   1   5
 -8.855560081985E-05  4.089758047099E-07  7.535600413120E-04  2.594268113777E+03 -4.011430888682E+03  4.716883038589E+04  0.000000000000E+00 -2.000000000000E-03   1   5
 -1.157329464804E-04 -1.793764220212E-05  1.779899338201E-04  1.010723094536E+03 -7.385996222235E+03  1.234145432457E+04  0.000000000000E+00 -2.000000000000E-03   1   5
 -1.679434716591E-04 -1.866151270757E-05 -3.385602608770E-04 -5.303002506598E+02  1.180676886247E+04 -2.061501226071E+04  0.000000000000E+00 -2.000000000000E-03   1   5
  1.361570977234E-04 -4.057298177898E-05 -9.658701148125E-04 -1.681646677031E+03  5.870360223196E+03 -3.537418571931E+04  0.000000000000E+00 -2.000000000000E-03   1   5
  9.815218734035E-05 -6.238042655362E-05  1.522600097933E-03 -3.316410056894E+03  2.875145709037E+03  7.864989654854E+04  0.000000000000E+00 -2.000000000000E-03   1   5
  7.389453486775E-05 -8.831176000878E-05  6.241300245113E-04 -5.169300746443E+03  4.310130323623E+02  4.019518275431E+04  0.000000000000E+00 -2.000000000000E-03   1   5
  5.427938685075E-05 -1.261339460375E-04  7.499889744711E-05 -7.564689883739E+03 -1.933585024922E+03  8.552762573957E+02  0.000000000000E+00 -2.000000000000E-03   1   5
  3.560790587905E-05  1.643645238774E-04 -4.479802852368E-04 -1.204201715009E+04 -4.277240673636E+03 -1.922831761795E+04  0.000000000000E+00 -2.000000000000E-03   1   5
  3.932265855446E-05  9.805553958730E-05 -1.137700314437E-03  9.616552582697E+03 -7.944744586259E+03 -3.962608424461E+04  0.000000000000E+00 -2.000000000000E-03   1   5
  2.407498394187E-05  8.324191131763E-05  1.258999885644E-03  6.391469277487E+03  1.040681399889E+04  7.280019582319E+04  0.000000000000E+00 -2.000000000000E-03   1   5
  1.022520207559E-05  5.755187293056E-05  5.042899702765E-04  4.273528079279E+03  5.458869522040E+03  3.023268263903E+04  0.000000000000E+00 -2.000000000000E-03   1   5
 -3.102451791944E-06  3.692012163241E-05 -2.710101608372E-05  2.543901426304E+03  2.593619800830E+03  5.768120205402E+02  0.000000000000E+00 -2.000000000000E-03   1   5
 -1.634740714486E-05  1.837624468413E-05 -5.627000522348E-04  9.862369949416E+02  1.892788108126E+02 -2.935066554856E+04  0.000000000000E+00 -2.000000000000E-03   1   5
 -2.987047342935E-05  6.740586378397E-07 -1.349600071018E-03 -5.090074859714E+02 -2.171649329639E+03 -3.842535306755E+04  0.000000000000E+00 -2.000000000000E-03   1   5
 -4.406972411416E-05 -1.712455997424E-05  1.060800049292E-03 -2.023641049755E+03 -4.850308272900E+03  5.956555592155E+04  0.000000000000E+00 -2.000000000000E-03   1   5
 -5.947941297256E-05 -3.639323413086E-05  3.912399065662E-04 -3.647461245006E+03 -8.807217212035E+03  2.780269537535E+04  0.000000000000E+00 -2.000000000000E-03   1   5
 -7.697067425315E-05 -3.928694531802E-05 -1.293501995203E-04 -5.524701345447E+03  9.228104262107E+03 -8.414999416173E+03  0.000000000000E+00 -2.000000000000E-03   1   5
 -9.829773463651E-05 -6.240600813898E-05 -6.849001909854E-04 -8.005247576268E+03  4.894874766759E+03 -3.133614590794E+04  0.000000000000E+00 -2.000000000000E-03   1   5
 -1.288895575261E-04 -8.912188862455E-05 -1.644000347574E-03 -1.306001387960E+04  2.131305451450E+03 -3.845497702131E+04  0.000000000000E+00 -2.000000000000E-03   1   5
 -1.663815070809E-04 -1.287412402276E-04  8.967999684999E-04  8.990758208167E+03 -2.646799305811E+02  5.676276985994E+04  0.000000000000E+00 -2.000000000000E-03   1   5
  1.394832697025E-04  1.563906287871E-04  2.829899518204E-04  6.303434849312E+03 -2.391303521595E+03  1.613023673904E+04  0.000000000000E+00 -2.000000000000E-03   1   5
  1.025961012512E-04  9.748084887884E-05 -2.327900926091E-04  4.210296861059E+03 -5.196013227562E+03 -1.291833483243E+04  0.000000000000E+00 -2.000000000000E-03   1   5
  7.886512215280E-05  6.539933203190E-05 -8.176902332262E-04  2.490755668769E+03 -9.610330941546E+03 -4.054825418362E+04  0.000000000000E+00 -2.000000000000E-03   1   5
  6.012284968047E-05  5.843521431565E-05 -2.236700135323E-03  9.365096196873E+02  8.445636407347E+03 -1.694384936193E+04  0.000000000000E+00 -2.000000000000E-03   1   5
  4.394378125529E-05  3.714861815768E-05  1.849000111064E-03 -5.601508813404E+02  4.539894840051E+03  8.702427936736E+04  0.000000000000E+00 -2.000000000000E-03   1   5
  2.921526848330E-05  1.848391241712E-05  7.267400691360E-04 -2.081226922081E+03  1.872166412084E+03  4.758662317708E+04  0.000000000000E+00 -2.000000000000E-03   1   5
  1.527550166135E-05  8.172377753951E-07  1.572699878221E-04 -3.718779651581E+03 -4.864546316456E+02  8.067052744567E+03  0.000000000000E+00 -2.000000000000E-03   1   5
  1.614124079793E-06 -1.677816139440E-05 -3.601000875224E-04 -5.626211463958E+03 -2.894334255718E+03 -1.678620145223E+04  0.000000000000E+00 -2.000000000000E-03   1   5
 -1.237715339869E-05 -3.524952841952E-05 -9.979902265793E-04 -8.191448920167E+03 -5.774740297153E+03 -3.895071091163E+04  0.000000000000E+00 -2.000000000000E-03   1   5
 -2.908062786619E-05 -5.671168454801E-05  1.461599629646E-03 -1.406901359045E+04 -1.083016082977E+04  7.875430156964E+04  0.000000000000E+00 -2.000000000000E-03   1   5
 -2.318767738099E-05 -6.190325120619E-05  5.994998375867E-04  8.789706084704E+03  7.610364019344E+03  3.512411652184E+04  0.000000000000E+00 -2.000000000000E-03   1   5
 -3.854336326461E-05 -8.985183450734E-05  5.454093621315E-05  5.891807919507E+03  4.015117644390E+03  7.016912931472E+03  0.000000000000E+00 -2.000000000000E-03   1   5
 -5.435628830287E-05 -1.316800315916E-04 -4.704400697570E-04  3.869080430939E+03  1.402360180606E+03 -2.512536912850E+04  0.000000000000E+00 -2.000000000000E-03   1   5
 -7.184442652282E-05  1.500469085163E-04 -1.176100070552E-03  2.177054172835E+03 -6.927145762220E+02 -3.840927677709E+04  0.000000000000E+00 -2.000000000000E-03   1   5
 -9.270376005704E-05  9.644468938822E-05  1.215600091249E-03  6.290271594705E+02 -3.165492567173E+03  6.733843473494E+04  0.000000000000E+00 -2.000000000000E-03   1   5
 -1.211530609938E-04  6.631191822210E-05  4.812099954523E-04 -8.804982231743E+02 -6.188328623210E+03  3.272903364366E+04  0.000000000000E+00 -2.000000000000E-03   1   5
 -1.827049458374E-04  4.036423003426E-05 -4.750626172711E-05 -2.460699553050E+03 -1.232618250349E+04 -4.520330098540E+03  0.000000000000E+00 -2.000000000000E-03   1   5
  1.285862351515E-04  3.783709143278E-05 -5.864601493890E-04 -3.748936745889E+03  7.048870800451E+03 -2.890346434495E+04  0.000000000000E+00 -2.000000000000E-03   1   5
  9.313352909247E-05  1.871594351217E-05 -1.399600153269E-03 -5.718121823813E+03  3.705047334993E+03 -4.308590904209E+04  0.000000000000E+00 -2.000000000000E-03   1   5
  6.904020275198E-05  9.413842998052E-07  1.025900000247E-03 -8.398943520900E+03  1.174489736444E+03  6.514445291451E+04  0.000000000000E+00 -2.000000000000E-03   1   5
  4.581534827660E-05 -1.661588053634E-05  3.692596370128E-04 -1.580696113180E+04 -1.165913919695E+03  2.287004970214E+04  0.000000000000E+00 -2.000000000000E-03   1   5
  5.884131101864E-05 -3.483831826945E-05 -1.499006154049E-04  1.913299858062E+04 -3.652199261637E+03 -7.572229332983E+03  0.000000000000E+00 -2.000000000000E-03   1   5
  3.689521496921E-05 -5.493980420002E-05 -7.104902514627E-04  8.491551641639E+03 -6.828225226631E+03 -3.517336026502E+04  0.000000000000E+00 -2.000000000000E-03   1   5
  2.210231058315E-05 -8.208842844349E-05 -1.722600487564E-03  5.736892308561E+03 -1.554716922991E+04 -3.214065741128E+04  0.000000000000E+00 -2.000000000000E-03   1   5
  8.406373878966E-06 -8.427954451215E-05  8.667697553300E-04  3.763158997538E+03  1.388377819316E+04  5.234978320992E+04  0.000000000000E+00 -2.000000000000E-03   1   5
 -4.863583604241E-06 -1.324721255618E-04  2.617699593594E-04  2.096732920345E+03  6.246498217145E+03  1.677324393854E+04  0.000000000000E+00 -2.000000000000E-03   1   5
 -1.811021047822E-05  1.467723259120E-04 -2.537100546203E-04  5.657557099890E+02  3.371383173262E+03 -1.786610583892E+04  0.000000000000E+00 -2.000000000000E-03   1   5
 -3.169115548356E-05  9.711738718709E-05 -8.459000525098E-04 -9.268727898863E+02  8.719263313105E+02 -3.291954624152E+04  0.000000000000E+00 -2.000000000000E-03   1   5
 -4.601079635138E-05  6.828716455159E-05 -2.545000038428E-03 -2.461738617974E+03 -1.478763408336E+03 -1.442473957601E+04  0.000000000000E+00 -2.000000000000E-03   1   5
 -6.163533392526E-05  4.552256941753E-05  2.760700105577E-03 -4.137600006158E+03 -4.030003067000E+03  9.464124565735E+04  0.000000000000E+00 -2.000000000000E-03   1   5
 -7.951438112441E-05  2.496133484479E-05  8.317199287498E-04 -6.131139808562E+03 -7.439124000136E+03  4.903826231122E+04  0.000000000000E+00 -2.000000000000E-03   1   5
 -1.016679545067E-04  2.378445155372E-05  2.364696888049E-04 -8.939269701211E+03  1.158980003316E+04  1.649422135460E+04  0.000000000000E+00 -2.000000000000E-03   1   5
 -1.106491153051E-04  3.461280406785E-06 -2.789704370305E-04  1.485299392990E+04  5.834678785415E+03 -1.700140397671E+04  0.000000000000E+00 -2.000000000000E-03   1   5
 -1.833465607005E-04 -1.462000032860E-05 -8.806201737297E-04  7.930857944881E+03  2.862463383367E+03 -3.630261399481E+04  0.000000000000E+00 -2.000000000000E-03   1   5
  1.333917809651E-04 -3.287043773938E-05  1.731400067756E-03  5.663499122725E+03  4.302488218445E+02  7.826770587859E+04  0.000000000000E+00 -2.000000000000E-03   1   5
  9.916112692636E-05 -5.245739595781E-05  6.952100697784E-04  3.706180191964E+03 -1.920636068779E+03  5.145422792792E+04  0.000000000000E+00 -2.000000000000E-03   1   5
  7.626507426744E-05 -7.501982927280E-05  1.324999746086E-04  2.046417084554E+03 -4.537092304396E+03  8.484203320444E+03  0.000000000000E+00 -2.000000000000E-03   1   5
  5.792058936261E-05 -1.043091781454E-04 -3.861701367236E-04  5.166671446320E+02 -8.215237431295E+03 -1.892819821635E+04  0.000000000000E+00 -2.000000000000E-03   1   5
  4.195713748289E-05 -1.346018827276E-04 -1.037900232541E-03 -9.790802152002E+02  1.005275856371E+04 -4.028775976646E+04  0.000000000000E+00 -2.000000000000E-03   1   5
  2.734021018987E-05  1.427413057273E-04  1.394900078245E-03 -2.522317799191E+03  5.462531961547E+03  7.890561722299E+04  0.000000000000E+00 -2.000000000000E-03   1   5
  1.343191174729E-05  9.603353056251E-05  5.704100190576E-04 -4.215686251590E+03  2.591765494706E+03  3.571549386516E+04  0.000000000000E+00 -2.000000000000E-03   1   5
 -2.924455394036E-07  6.786370333392E-05  3.002694375143E-05 -6.248394416102E+03  1.836300620278E+02  2.841604938418E+03  0.000000000000E+00 -2.000000000000E-03   1   5
 -1.457445560520E-05  4.554630252213E-05 -4.976901945808E-04 -9.184223057996E+03 -2.183637790518E+03 -2.862992793554E+04  0.000000000000E+00 -2.000000000000E-03   1   5
 -8.559574225900E-06  2.570814168821E-05 -1.224500378183E-03  1.342195719738E+04 -4.876144322719E+03 -3.565600714085E+04  0.000000000000E+00 -2.000000000000E-03   1   5
 -2.545904025203E-05  6.209449500982E-06  1.166299888354E-03  7.814166183539E+03 -8.888399502525E+03  6.747751108512E+04  0.000000000000E+00 -2.000000000000E-03   1   5
 -4.063576529178E-05  4.891555975330E-06  4.538498748317E-04  5.274135121234E+03  9.131274183688E+03  3.009357770023E+04  0.000000000000E+00 -2.000000000000E-03   1   5
 -5.652989860046E-05 -1.424108487026E-05 -7.201107102439E-05  3.373799549090E+03  4.871214000191E+03 -6.791046435952E+03  0.000000000000E+00 -2.000000000000E-03   1   5
 -7.428055154403E-05 -3.281434980507E-05 -6.153900547945E-04  1.736159018123E+03  2.128272680103E+03 -2.789256088698E+04  0.000000000000E+00 -2.000000000000E-03   1   5
 -9.571287888294E-05 -5.257493387786E-05 -1.464300067660E-03  2.092622907238E+02 -2.479802809082E+02 -3.931294175297E+04  0.000000000000E+00 -2.000000000000E-03   1   5
 -1.257006068559E-04 -7.525789671154E-05  9.854600857651E-04 -1.303344482133E+03 -2.636413063865E+03  5.946625334185E+04  0.000000000000E+00 -2.000000000000E-03   1   5
 -2.040774333684E-04 -1.045562577322E-04  3.431199622344E-04 -2.927261676144E+03 -5.430610259548E+03  1.763737032858E+04  0.000000000000E+00 -2.000000000000E-03   1   5
  1.229102066178E-04 -1.563664445895E-04 -1.746501878910E-04 -4.257601537728E+03 -9.939003434492E+03 -5.485626204133E+03  0.000000000000E+00 -2.000000000000E-03   1   5
  8.965795497039E-05  1.400099479675E-04 -7.417902339806E-04 -6.360148114266E+03  8.402274097755E+03 -3.397807632282E+04  0.000000000000E+00 -2.000000000000E-03   1   5
  6.597343151968E-05  9.520778162308E-05 -1.832700223769E-03 -9.463898347787E+03  4.527762092148E+03 -3.044523956794E+04  0.000000000000E+00 -2.000000000000E-03   1   5
  6.655479594718E-05  6.748624907774E-05  2.309999892585E-03  1.248501268274E+04  1.864066064721E+03  9.004205700645E+04  0.000000000000E+00 -2.000000000000E-03   1   5
  4.800245095966E-05  4.545783874837E-05  8.032499992559E-04  7.617962003517E+03 -4.962861366076E+02  5.289586887303E+04  0.000000000000E+00 -2.000000000000E-03   1   5
  3.272359787371E-05  2.598735502059E-05  2.154999629593E-04  5.167927871982E+03 -2.910098614693E+03  1.245353205249E+04  0.000000000000E+00 -2.000000000000E-03   1   5
  1.871499409246E-05  7.447034078439E-06 -3.001300965053E-04  3.303492372849E+03 -5.808124839151E+03 -1.579596858436E+04  0.000000000000E+00 -2.000000000000E-03   1   5
  5.339307459102E-06 -1.237142243631E-05 -9.103402690376E-04  1.685957238253E+03 -1.098223836673E+04 -4.005806196746E+04  0.000000000000E+00 -2.000000000000E-03   1   5
 -7.803976452764E-06 -1.332778215919E-05  1.648600058301E-03  1.740041886777E+02  7.554265261753E+03  8.650599671265E+04  0.000000000000E+00 -2.000000000000E-03   1   5
 -2.105016452767E-05 -3.262527962468E-05  6.694400405727E-04 -1.321513259292E+03  4.004762798903E+03  4.205151748386E+04  0.000000000000E+00 -2.000000000000E-03   1   5
 -3.474853131951E-05 -5.271311594556E-05  1.119199989175E-04 -2.882285559151E+03  1.419910018357E+03  8.234248039961E+03  0.000000000000E+00 -2.000000000000E-03   1   5
 -4.934105412400E-05 -7.568530543201E-05 -4.080700798519E-04 -4.619614133490E+03 -9.296693284084E+02 -2.417491567296E+04  0.000000000000E+00 -2.000000000000E-03   1   5
 -6.551733380820E-05 -1.054955991392E-04 -1.072300149511E-03 -6.754949809289E+03 -3.388142826366E+03 -3.704580655146E+04  0.000000000000E+00 -2.000000000000E-03   1   5
 -8.474242732892E-05 -1.602617965194E-04  1.343499891854E-03 -1.003802233276E+04 -6.452674232704E+03  7.289095606762E+04  0.000000000000E+00 -2.000000000000E-03   1   5
 -8.804888736479E-05  1.186835764475E-04  5.465295955660E-04  1.153101945831E+04 -1.255723316615E+04  3.517514951748E+04  0.000000000000E+00 -2.000000000000E-03   1   5
 -1.211706449975E-04  9.489506408453E-05  9.617525266403E-06  7.162303924400E+03  7.010320813960E+03 -4.067694258124E+03  0.000000000000E+00 -2.000000000000E-03   1   5
 -2.173352397917E-04  6.725546662107E-05 -5.206700837945E-04  4.701973596445E+03  3.689664476214E+03 -2.138490967676E+04  0.000000000000E+00 -2.000000000000E-03   1   5
  2.859962211938E-04  4.536337535369E-05 -1.267000087145E-03  3.451361430757E+03  1.163655192219E+03 -3.952131405973E+04  0.000000000000E+00 -2.000000000000E-03   1   5
  1.250628338306E-04  2.608770941758E-05  1.127200108549E-03  1.681864640093E+03 -1.177803859249E+03  6.774876959133E+04  0.000000000000E+00 -2.000000000000E-03   1   5
  9.334281363976E-05  7.935835680178E-06  4.313000179130E-04  1.538269864025E+02 -3.671022963006E+03  2.551446335134E+04  0.000000000000E+00 -2.000000000000E-03   1   5
  7.129980020975E-05 -1.029018317686E-05 -9.245707883254E-05 -1.354000956823E+03 -6.871389345294E+03 -3.049740314901E+03  0.000000000000E+00 -2.000000000000E-03   1   5
  5.327900081780E-05 -3.372863309606E-05 -6.398804995267E-04 -2.930243987636E+03 -1.645022623773E+04 -3.178205004397E+04  0.000000000000E+00 -2.000000000000E-03   1   5
  3.731009936766E-05 -2.638961598086E-05 -1.523200384253E-03 -4.693217322089E+03  1.346176391062E+04 -3.685761956248E+04  0.000000000000E+00 -2.000000000000E-03   1   5
  2.230152158749E-05 -5.035349731090E-05  9.529599478184E-04 -6.884043716090E+03  6.237684303532E+03  5.439657162699E+04  0.000000000000E+00 -2.000000000000E-03   1   5
  7.026008823551E-06 -7.426916818998E-05  3.215098576947E-04 -1.038096262520E+04  3.131892422281E+03  2.361279673174E+04  0.000000000000E+00 -2.000000000000E-03   1   5
  1.203514658873E-05 -1.049371100645E-04 -1.953402138932E-04  1.100399820835E+04  6.547031109041E+02 -1.162035760340E+04  0.000000000000E+00 -2.000000000000E-03   1   5
 -3.063866347884E-06 -1.644055532570E-04 -7.684201373399E-04  7.041952845881E+03 -1.722627121908E+03 -3.327587668544E+04  0.000000000000E+00 -2.000000000000E-03   1   5
 -1.696491814889E-05  1.212869649647E-04 -1.944200118339E-03  4.747303666058E+03 -4.023509839584E+03 -3.162218114975E+04  0.000000000000E+00 -2.000000000000E-03   1   5
 -3.089306931228E-05  8.110032187440E-05  2.093400054017E-03  2.943411984507E+03 -7.482362623135E+03  9.235902992752E+04  0.000000000000E+00 -2.000000000000E-03   1   5
 -4.543067175431E-05  7.174542722379E-05  7.754198669576E-04  1.351764941429E+03  1.139377132181E+04  4.751546154270E+04  0.000000000000E+00 -2.000000000000E-03   1   5
 -6.120615875307E-05  4.765930967570E-05  1.946299675621E-04 -1.542247174406E+02  5.799902676907E+03  1.247191285911E+04  0.000000000000E+00 -2.000000000000E-03   1   5
 -7.919001780722E-05  2.802461954778E-05 -3.214300604300E-04 -1.660509116654E+03  2.845771624553E+03 -2.166988852459E+04  0.000000000000E+00 -2.000000000000E-03   1   5
 -1.013416794565E-04  9.987080346294E-06 -9.408500652115E-04 -3.252944686647E+03  4.187306554049E+02 -3.300211000225E+04  0.000000000000E+00 -2.000000000000E-03   1   5
 -1.333996316739E-04 -7.548414441211E-06  1.575600087680E-03 -5.059707633120E+03 -1.931847317663E+03  8.112865434366E+04  0.000000000000E+00 -2.000000000000E-03   1   5
  2.086720548562E-04 -2.546572467510E-05  6.441099635910E-04 -6.910806360930E+03 -4.554837405023E+03  4.241264055464E+04  0.000000000000E+00 -2.000000000000E-03   1   5
  1.128055448521E-04 -4.506907015376E-05  9.139070934605E-05 -1.076298802571E+04 -8.267987223853E+03  3.876171397358E+03  0.000000000000E+00 -2.000000000000E-03   1   5
  1.002482918178E-04 -4.888577224679E-05 -4.301703657310E-04  1.055698433250E+04  9.959459566440E+03 -2.032451098356E+04  0.000000000000E+00 -2.000000000000E-03   1   5
  7.680953336710E-05 -7.447297829943E-05 -1.108100188035E-03  6.889051431829E+03  5.212855939126E+03 -4.034258090991E+04  0.000000000000E+00 -2.000000000000E-03   1   5
  5.843004006989E-05 -1.063571354264E-04  1.295400079040E-03  4.655572488979E+03  2.370719315150E+03  7.320286441103E+04  0.000000000000E+00 -2.000000000000E-03   1   5
  4.254483704456E-05 -1.729324249574E-04  5.229500305974E-04  2.876524496607E+03 -6.577172711949E+01  2.989835725594E+04  0.000000000000E+00 -2.000000000000E-03   1   5
  2.808175257162E-05  1.188657969976E-04 -1.078200126869E-05  1.297102469061E+03 -2.171879418555E+03  2.321170814574E+03  0.000000000000E+00 -2.000000000000E-03   1   5
  1.443379883328E-05  8.100855142718E-05 -5.439100864417E-04 -2.031300067925E+02 -4.891933099479E+03 -2.825610189444E+04  0.000000000000E+00 -2.000000000000E-03   1   5
  1.181049215845E-06  5.385206213344E-05 -1.311800195175E-03 -1.707732617824E+03 -8.968446770898E+03 -3.830633917439E+04  0.000000000000E+00 -2.000000000000E-03   1   5
 -1.202782270485E-05  4.885134622831E-05  1.089799950606E-03 -3.302538394226E+03  9.038093389478E+03  6.174383061945E+04  0.000000000000E+00 -2.000000000000E-03   1   5
 -2.556114195042E-05  2.835040511817E-05  4.089599698238E-04 -5.116161818933E+03  4.843380173982E+03  2.763985147786E+04  0.000000000000E+00 -2.000000000000E-03   1   5
 -3.993688614019E-05  1.012877147402E-05 -1.129401120195E-04 -7.437201270482E+03  2.114107108081E+03 -8.446407920390E+03  0.000000000000E+00 -2.000000000000E-03   1   5
 -5.653255461206E-05 -7.415139132265E-06 -6.647402644502E-04 -1.153004630490E+04 -2.572455323929E+02 -3.156247607291E+04  0.000000000000E+00 -2.000000000000E-03   1   5
 -5.408769209448E-05 -2.518229736983E-05 -1.587600246995E-03  9.903983289959E+03 -2.645113978425E+03 -4.220993156469E+04  0.000000000000E+00 -2.000000000000E-03   1   5
 -7.377334523719E-05 -4.415176983076E-05  9.214099983055E-04  6.486157408249E+03 -5.445618181962E+03  6.187891481772E+04  0.000000000000E+00 -2.000000000000E-03   1   5
 -9.674032094228E-05 -6.635678692523E-05  3.000598416345E-04  4.307736082604E+03 -1.001120521451E+04  1.867066379160E+04  0.000000000000E+00 -2.000000000000E-03   1   5
 -1.297861110816E-04 -7.406400126257E-05 -2.161101301303E-04  2.534497571322E+03  8.113489611194E+03 -1.057420905748E+04  0.000000000000E+00 -2.000000000000E-03   1   5
  1.966180691407E-04 -1.077385792626E-04 -7.955600964151E-04  1.349954311624E+03  4.296770983343E+03 -3.671979536498E+04  0.000000000000E+00 -2.000000000000E-03   1   5
  1.189947775386E-04 -1.849200292036E-04 -2.085400037241E-03 -2.194295982599E+02  1.602823107504E+03 -2.263587453982E+04  0.000000000000E+00 -2.000000000000E-03   1   5
  8.904806941432E-05  1.165838186051E-04  1.943900139558E-03 -1.747189727254E+03 -4.837488622057E+02  8.793068317565E+04  0.000000000000E+00 -2.000000000000E-03   1   5
  6.756138328611E-05  8.048756499416E-05  7.481600495858E-04 -3.364830933524E+03 -2.916331450322E+03  4.806398584199E+04  0.000000000000E+00 -2.000000000000E-03   1   5
  4.965211638040E-05  5.474319742325E-05  1.738399105764E-04 -5.213277451155E+03 -5.838195947682E+03  7.957335640132E+03  0.000000000000E+00 -2.000000000000E-03   1   5
  3.336443147931E-05  3.135677909913E-05 -3.428503089862E-04 -7.612110492308E+03 -1.114323175857E+04 -1.485068200371E+04  0.000000000000E+00 -2.000000000000E-03   1   5
  1.660936747149E-05  2.920520589974E-05 -9.722203882565E-04 -1.213104718180E+04  7.494660138758E+03 -3.803308970308E+04  0.000000000000E+00 -2.000000000000E-03   1   5
  2.151097692420E-05  1.041068965911E-05  1.509899965325E-03  9.559189220144E+03  3.983044300704E+03  8.074028993040E+04  0.000000000000E+00 -2.000000000000E-03   1   5
  6.914036571624E-06 -7.289376859780E-06  6.191799906801E-04  6.352100641371E+03  1.409363156485E+03  3.726390826675E+04  0.000000000000E+00 -2.000000000000E-03   1   5
 -6.710042686604E-06 -2.506324710185E-05  7.090498483553E-05  4.239109671148E+03 -9.346444762530E+02  6.821003955007E+03  0.000000000000E+00 -2.000000000000E-03   1   5
 -2.019149380618E-05 -4.385782828546E-05 -4.524600721805E-04  2.511382420297E+03 -3.389740614631E+03 -2.502256116015E+04  0.000000000000E+00 -2.000000000000E-03   1   5
 -3.399314607997E-05 -6.505712553847E-05 -1.145200132185E-03  9.539828754248E+02 -6.447944637904E+03 -3.905102497095E+04  0.000000000000E+00 -2.000000000000E-03   1   5
 -4.857694847371E-05 -9.292165857706E-05  1.250099832597E-03 -5.422713113835E+02 -1.305918733966E+04  6.706524147409E+04  0.000000000000E+00 -2.000000000000E-03   1   5
 -6.456333078487E-05 -1.088470739704E-04  4.996499881145E-04 -2.059371177368E+03  6.754069894918E+03  3.631665452215E+04  0.000000000000E+00 -2.000000000000E-03   1   5
 -8.299796338873E-05 -2.051606918942E-04 -3.118204448738E-05 -3.687998780265E+03  3.405319383758E+03 -2.344156318784E+03  0.000000000000E+00 -2.000000000000E-03   1   5
 -1.061016819060E-04  2.519094149811E-04 -5.674300949616E-04 -5.574633750373E+03  1.288969212046E+03 -2.706047888130E+04  0.000000000000E+00 -2.000000000000E-03   1   5
 -1.408411830209E-04  1.123890455328E-04 -1.359300177581E-03 -8.078226284626E+03 -1.153350059046E+03 -4.089737584093E+04  0.000000000000E+00 -2.000000000000E-03   1   5
  1.735054922357E-04  7.768889256795E-05  1.053699829540E-03 -1.280604166017E+04 -3.667508654928E+03  6.510872625777E+04  0.000000000000E+00 -2.000000000000E-03   1   5
  1.244432426344E-04  5.218787855238E-05  3.868298237140E-04  9.284138777707E+03 -6.900816551467E+03  2.331459546849E+04  0.000000000000E+00 -2.000000000000E-03   1   5
  9.407209511077E-05  2.447380957718E-05 -1.334505852659E-04  6.232798635822E+03 -1.791819644898E+04 -7.436219461292E+03  0.000000000000E+00 -2.000000000000E-03   1   5
  7.252413086029E-05  3.902050648529E-05 -6.899908286444E-04  4.161252217374E+03  2.147977479383E+04 -3.586033657929E+04  0.000000000000E+00 -2.000000000000E-03   1   5
  5.488004675177E-05  1.132750862316E-05 -1.659000131091E-03  2.450687157464E+03  6.759010459558E+03 -3.239528431341E+04  0.000000000000E+00 -2.000000000000E-03   1   5
  3.936023116758E-05 -6.912952496313E-06  8.907300677881E-04  9.007783668230E+02  3.508179685454E+03  5.398692098182E+04  0.000000000000E+00 -2.000000000000E-03   1   5
  2.507601350152E-05 -2.486499311352E-05  2.787400299127E-04 -5.935855200797E+02  1.001796842297E+03  1.834241910625E+04  0.000000000000E+00 -2.000000000000E-03   1   5
  1.147594089302E-05 -4.368326594155E-05 -2.369600408292E-04 -2.113903366879E+03 -1.339113944823E+03 -1.588283155540E+04  0.000000000000E+00 -2.000000000000E-03   1   5
 -1.856881203223E-06 -6.467051694812E-05 -8.232800989290E-04 -3.752444019793E+03 -3.850131483614E+03 -3.362046577454E+04  0.000000000000E+00 -2.000000000000E-03   1   5
 -1.532209148066E-05 -9.033277602471E-05 -2.283500171110E-03 -5.662822054109E+03 -7.115063230961E+03 -2.206892479220E+04  0.000000000000E+00 -2.000000000000E-03   1   5
 -2.949635710551E-05 -1.074153548200E-04  1.827699770181E-03 -8.237092060038E+03  1.293189171930E+04  8.692925979352E+04  0.000000000000E+00 -2.000000000000E-03   1   5
 -4.686539044262E-05  2.031505386680E-04  7.214296728253E-04 -1.421402577318E+04  6.362765942128E+03  4.073868360049E+04  0.000000000000E+00 -2.000000000000E-03   1   5
 -4.199165825633E-05  1.126870512631E-04  1.531398941159E-04  8.736919797901E+03  3.227305717367E+03  1.461442004254E+04  0.000000000000E+00 -2.000000000000E-03   1   5
 -5.917770580223E-05  7.923088595453E-05 -3.644300885468E-04  5.849688292142E+03  7.548551174566E+02 -1.972585287046E+04  0.000000000000E+00 -2.000000000000E-03   1   5
 -7.811246293126E-05  5.486421037054E-05 -1.004500085831E-03  3.827450724439E+03 -1.593940432456E+03 -3.658496582487E+04  0.000000000000E+00 -2.000000000000E-03   1   5
 -1.014488467313E-04  3.410289883471E-05  1.450100088188E-03  2.130685738644E+03 -4.162262033793E+03  7.588815275952E+04  0.000000000000E+00 -2.000000000000E-03   1   5
 -1.366470427000E-04  1.451293127524E-05  5.946199782674E-04  5.672974344493E+02 -7.643735766699E+03  4.064816100830E+04  0.000000000000E+00 -2.000000000000E-03   1   5
  1.744728879810E-04  1.358170419240E-05  5.045280578519E-05 -5.599224699902E+02  1.109281804757E+04  2.428916453719E+03  0.000000000000E+00 -2.000000000000E-03   1   5
  1.132608353852E-04 -6.391549100423E-06 -4.749600977600E-04 -2.140320069168E+03  5.673160380522E+03 -2.413441225147E+04  0.000000000000E+00 -2.000000000000E-03   1   5
  8.472717850873E-05 -2.473435012437E-05 -1.184000111522E-03 -3.812745466584E+03  2.741755472717E+03 -4.265916294205E+04  0.000000000000E+00 -2.000000000000E-03   1   5
  6.355977664001E-05 -4.372977300332E-05  1.207200073633E-03 -5.769333056140E+03  3.195761817235E+02  7.288688207459E+04  0.000000000000E+00 -2.000000000000E-03   1   5
  4.528794453634E-05 -6.481270650418E-05  4.766299282806E-04 -8.453667589948E+03 -2.036128196298E+03  2.989124229524E+04  0.000000000000E+00 -2.000000000000E-03   1   5
  2.500693043081E-05 -9.044308865003E-05 -5.158844896114E-05 -1.607599974630E+04 -4.677582975423E+03 -2.309709707677E+03  0.000000000000E+00 -2.000000000000E-03   1   5
  3.941194848956E-05 -1.279537324325E-04 -5.912507043297E-04  1.828996250049E+04 -8.457328800414E+03 -3.176229875565E+04  0.000000000000E+00 -2.000000000000E-03   1   5
  1.919089736774E-05  1.872274603796E-04 -1.410000329761E-03  8.442379163600E+03  9.976946899836E+03 -3.648725930151E+04  0.000000000000E+00 -2.000000000000E-03   1   5
  4.988120174367E-06  1.112958420579E-04  1.019000000158E-03  5.699256107501E+03  5.292589317945E+03  5.945409156165E+04  0.000000000000E+00 -2.000000000000E-03   1   5
 -8.526956760070E-06  7.865641477964E-05  3.648900070767E-04  3.729638846439E+03  2.467586718204E+03  2.318515206119E+04  0.000000000000E+00 -2.000000000000E-03   1   5
 -2.199639309080E-05  5.465404200433E-05 -1.540200366654E-04  2.064498570612E+03  7.133204166224E+01 -1.349343734223E+04  0.000000000000E+00 -2.000000000000E-03   1   5
 -3.585296249969E-05  3.424537686766E-05 -7.156600508385E-04  5.334816317583E+02 -2.300025300411E+03 -2.916509543952E+04  0.000000000000E+00 -2.000000000000E-03   1   5
 -5.056391620923E-05  1.536335405390E-05 -1.739600099439E-03 -9.603562233061E+02 -5.018564041824E+03 -3.439826691446E+04  0.000000000000E+00 -2.000000000000E-03   1   5
 -6.678158137367E-05 -3.792537409201E-06  8.608599492361E-04 -2.498140844019E+03 -9.157722159828E+03  5.453257889146E+04  0.000000000000E+00 -2.000000000000E-03   1   5
 -8.563717085643E-05 -5.067286579325E-06  2.575398669209E-04 -4.179267468403E+03  8.848598559848E+03  1.392991537246E+04  0.000000000000E+00 -2.000000000000E-03   1   5
 -1.096177581102E-04 -2.441316088797E-05 -2.579101128286E-04 -6.183504585988E+03  4.727082443692E+03 -1.204131242371E+04  0.000000000000E+00 -2.000000000000E-03   1   5
 -1.471837942016E-04 -4.376142456864E-05 -8.516201999083E-04 -9.020742616813E+03  2.011665817098E+03 -3.710423087576E+04  0.000000000000E+00 -2.000000000000E-03   1   5
  1.797980647229E-04 -6.508800426948E-05 -2.647300376439E-03  1.499996131595E+04 -3.594436574365E+02 -1.097789236522E+04  0.000000000000E+00 -2.000000000000E-03   1   5
  1.195722781516E-04 -9.102226439520E-05  2.621700022992E-03  8.244497223886E+03 -2.758402943451E+03  8.994642056322E+04  0.000000000000E+00 -2.000000000000E-03   1   5
  9.094251636412E-05 -1.293553102876E-04  8.259699958093E-04  5.597860453855E+03 -5.592724386083E+03  5.452865725106E+04  0.000000000000E+00 -2.000000000000E-03   1   5
  7.006372745772E-05  1.589876240889E-04  2.322698409847E-04  3.659029840747E+03 -9.996799683386E+03  1.375611572438E+04  0.000000000000E+00 -2.000000000000E-03   1   5
  5.276175511687E-05  1.106854895707E-04 -2.831901353164E-04  2.007093626217E+03  8.146578057283E+03 -1.471623178196E+04  0.000000000000E+00 -2.000000000000E-03   1   5
  3.743541587770E-05  7.829031830466E-05 -8.865001009539E-04  4.813478831087E+02  4.384262986292E+03 -3.921363938999E+04  0.000000000000E+00 -2.000000000000E-03   1   5
  2.325571770442E-05  5.447220191618E-05  1.713900139908E-03 -1.012402423325E+03  1.747476297673E+03  8.631329041117E+04  0.000000000000E+00 -2.000000000000E-03   1   5
  9.695695434763E-06  3.426236992313E-05  6.900200565889E-04 -2.555318519977E+03 -6.070763531645E+02  4.228179073524E+04  0.000000000000E+00 -2.000000000000E-03   1   5
 -3.657695112327E-06  1.571036251791E-05  1.283799704042E-04 -4.249783446448E+03 -3.030291843906E+03  8.282187071174E+03  0.000000000000E+00 -2.000000000000E-03   1   5
 -1.723132771185E-05 -2.449173527840E-06 -3.905301753369E-04 -6.286613084388E+03 -5.966837933785E+03 -2.710681087792E+04  0.000000000000E+00 -2.000000000000E-03   1   5
 -3.174647254150E-05 -2.247108006062E-05 -1.044700387613E-03 -9.235950246387E+03 -1.142824168719E+04 -3.237528424621E+04  0.000000000000E+00 -2.000000000000E-03   1   5
 -2.643026378179E-05 -2.359576905239E-05  1.384299758180E-03  1.329498142157E+04  7.343630753927E+03  7.567742457482E+04  0.000000000000E+00 -2.000000000000E-03   1   5
 -4.442852398910E-05 -4.367246101357E-05  5.656099456584E-04  7.766814989994E+03  3.871765750169E+03  3.785954099837E+04  0.000000000000E+00 -2.000000000000E-03   1   5
 -6.155415936242E-05 -6.539967789446E-05  2.594395082456E-05  5.233205232450E+03  1.305220298523E+03  4.988689562678E+01  0.000000000000E+00 -2.000000000000E-03   1   5
 -8.078598707313E-05 -9.182850422725E-05 -5.022700532544E-04  3.332276321829E+03 -1.045137390801E+03 -2.311560875979E+04  0.000000000000E+00 -2.000000000000E-03   1   5
 -1.049012025910E-04 -1.316646393470E-04 -1.232800092838E-03  1.688957876206E+03 -3.524644328995E+03 -4.028651653796E+04  0.000000000000E+00 -2.000000000000E-03   1   5
 -1.429251141571E-04  1.525785687376E-04  1.158300050521E-03  1.438760114793E+02 -6.352000536649E+03  6.831416805279E+04  0.000000000000E+00 -2.000000000000E-03   1   5
  1.610372696839E-04  9.078328263124E-05  4.493197533222E-04 -9.927744058027E+02 -1.332122530281E+04  2.562672970575E+04  0.000000000000E+00 -2.000000000000E-03   1   5
  1.090034361406E-04  8.687564028645E-05 -7.609849237955E-05 -2.588000577154E+03  1.746181335756E+04 -1.071550270855E+03  0.000000000000E+00 -2.000000000000E-03   1   5
  8.174687318804E-05  5.693815716418E-05 -6.202601533940E-04 -4.319141661897E+03  6.714572960847E+03 -3.068210617232E+04  0.000000000000E+00 -2.000000000000E-03   1   5
  6.100842644282E-05  3.620846141085E-05 -1.475700144284E-03 -6.412117532575E+03  3.489151938375E+03 -3.680736839983E+04  0.000000000000E+00 -2.000000000000E-03   1   5
  4.268164610856E-05  1.768420596719E-05  9.788799440380E-04 -9.525344341891E+03  9.895864029784E+02  5.648803803638E+04  0.000000000000E+00 -2.000000000000E-03   1   5
  4.614860645323E-05  3.490707606821E-08  3.387897951743E-04  1.238303821991E+04 -1.350409658420E+03  2.339037434366E+04  0.000000000000E+00 -2.000000000000E-03   1   5
  2.937088095046E-05 -1.764824604003E-05 -1.787801365118E-04  7.572398411586E+03 -3.866204124072E+03 -1.154585227516E+04  0.000000000000E+00 -2.000000000000E-03   1   5
  1.512162785129E-05 -3.644909449030E-05 -7.470801788210E-04  5.131152040620E+03 -7.154226102025E+03 -3.353556398684E+04  0.000000000000E+00 -2.000000000000E-03   1   5
  1.645732281288E-06 -3.808293715021E-05 -1.853300336981E-03  3.270303025939E+03  1.263486736534E+04 -3.534183020040E+04  0.000000000000E+00 -2.000000000000E-03   1   5
 -1.159726524967E-05 -6.326807266069E-05  2.257800104485E-03  1.654314266882E+03  6.063559779341E+03  9.620823043182E+04  0.000000000000E+00 -2.000000000000E-03   1   5
 -2.498526086730E-05 -9.083520749532E-05  7.976400681398E-04  1.424324678968E+02  3.002973395206E+03  4.985574746311E+04  0.000000000000E+00 -2.000000000000E-03   1   5
 -3.889507318476E-05 -1.327171716750E-04  2.113200232583E-04 -1.353872641868E+03  5.294316412479E+02  1.461890054625E+04  0.000000000000E+00 -2.000000000000E-03   1   5
 -5.379838711487E-05  1.488114495013E-04 -3.043800516873E-04 -2.917007941601E+03 -1.563625565821E+03 -1.857433655500E+04  0.000000000000E+00 -2.000000000000E-03   1   5
 -7.040840792045E-05  9.544329372353E-05 -9.163801153895E-04 -4.658843081319E+03 -4.168438607777E+03 -3.435056605107E+04  0.000000000000E+00 -2.000000000000E-03   1   5
 -9.004138972749E-05  6.497031148858E-05  1.633299966263E-03 -6.802906221119E+03 -7.695137527565E+03  8.185790291193E+04  0.000000000000E+00 -2.000000000000E-03   1   5
 -1.159431581743E-04  5.881620052829E-05  6.643397191524E-04 -1.011101187849E+04  1.092376272960E+04  4.289643828425E+04  0.000000000000E+00 -2.000000000000E-03   1   5
 -1.372064686944E-04  3.660986682163E-05  1.078097420439E-04  1.141301394702E+04  5.638910570493E+03  3.602258921772E+03  0.000000000000E+00 -2.000000000000E-03   1   5
  1.625857933183E-04  1.783942246724E-05 -4.124801262049E-04  7.458285594642E+03  2.725360360657E+03 -1.862686537591E+04  0.000000000000E+00 -2.000000000000E-03   1   5
  1.132489893014E-04  1.580285476708E-07 -1.079400107985E-03  5.057650425670E+03  3.090469016799E+02 -3.965374864605E+04  0.000000000000E+00 -2.000000000000E-03   1   5
  8.650625205390E-05 -1.741203902342E-05  1.333700103198E-03  3.212976632226E+03 -2.045475499671E+03  7.498714560476E+04  0.000000000000E+00 -2.000000000000E-03   1   5
  6.640720277597E-05 -3.576729702938E-05  5.417900099141E-04  1.603320554395E+03 -4.691932894917E+03  3.209982299158E+04  0.000000000000E+00 -2.000000000000E-03   1   5
  4.949464929370E-05 -5.638780458280E-05  5.537091614105E-06  9.223459747697E+01 -8.504379057217E+03  2.271905123502E+03  0.000000000000E+00 -2.000000000000E-03   1   5
  3.435060341773E-05 -6.212613021108E-05 -5.253002002314E-04 -1.408027108132E+03  9.615664966992E+03 -2.832334897390E+04  0.000000000000E+00 -2.000000000000E-03   1   5
  2.020648545085E-05 -9.150705705179E-05 -1.275800119930E-03 -2.980937431552E+03  5.056254874239E+03 -3.921614264518E+04  0.000000000000E+00 -2.000000000000E-03   1   5
  6.525621746086E-06 -1.360542280253E-04  1.119600049452E-03 -4.743535937709E+03  2.236495541032E+03  6.096532191572E+04  0.000000000000E+00 -2.000000000000E-03   1   5
 -7.207357999477E-06  1.436890084468E-04  4.268099850608E-04 -6.938262666701E+03  9.883962000499E+01  3.209437909254E+04  0.000000000000E+00 -2.000000000000E-03   1   5
 -2.197524714232E-05  9.439285994903E-05 -9.655019309074E-05 -1.045700102068E+04 -2.299490053975E+03 -6.085488167912E+03  0.000000000000E+00 -2.000000000000E-03   1   5
 -1.711026866476E-05  6.530745388322E-05 -6.448202771274E-04  1.091795542680E+04 -5.039826035950E+03 -2.950288476759E+04  0.000000000000E+00 -2.000000000000E-03   1   5
 -3.300823476506E-05  4.124360875882E-05 -1.535600282562E-03  6.985782648739E+03 -9.246931986999E+03 -3.924632644963E+04  0.000000000000E+00 -2.000000000000E-03   1   5
 -4.856402590071E-05  3.779584868050E-05  9.465699463940E-04  4.695456515305E+03  8.761983786744E+03  5.983013201419E+04  0.000000000000E+00 -2.000000000000E-03   1   5
 -6.534354127305E-05  1.818815476009E-05  3.172099813162E-04  2.891037161001E+03  4.700192937453E+03  1.888220335051E+04  0.000000000000E+00 -2.000000000000E-03   1   5
 -8.475689426700E-05  3.056941657483E-07 -1.994900257252E-04  1.294998105926E+03  1.998792413716E+03 -1.067075836402E+04  0.000000000000E+00 -2.000000000000E-03   1   5
 -1.096965304105E-04 -1.729275705786E-05 -7.738000681892E-04 -2.210768783308E+02 -3.667074653223E+02 -3.764768326569E+04  0.000000000000E+00 -2.000000000000E-03   1   5
 -1.512507471365E-04 -3.552037304326E-05 -1.969600053191E-03 -1.754098044359E+03 -2.763003466488E+03 -2.513940982875E+04  0.000000000000E+00 -2.000000000000E-03   1   5
  1.496377180901E-04 -5.550487917274E-05  2.059800083754E-03 -2.983889636137E+03 -5.597467643073E+03  8.945641934973E+04  0.000000000000E+00 -2.000000000000E-03   1   5
  1.035702837065E-04 -7.979974615412E-05  7.699198765216E-04 -4.809034344358E+03 -1.035622922661E+04  4.962783371481E+04  0.000000000000E+00 -2.000000000000E-03   1   5
  7.705175689081E-05 -9.164964496663E-05  1.904698330635E-04 -7.080975264455E+03  7.872502952125E+03  9.517567652673E+03  0.000000000000E+00 -2.000000000000E-03   1   5
  5.544923809196E-05 -1.397426040292E-04 -3.257002385673E-04 -1.087700940148E+04  4.141670932451E+03 -1.561831924218E+04  0.000000000000E+00 -2.000000000000E-03   1   5
  5.691558355173E-05  1.393832411689E-04 -9.470502460842E-04  1.046295481993E+04  1.769560535613E+03 -3.860137466851E+04  0.000000000000E+00 -2.000000000000E-03   1   5
  4.014305813757E-05  9.329620080616E-05  1.561900060834E-03  6.826291820882E+03 -6.047892541117E+02  8.131302363575E+04  0.000000000000E+00 -2.000000000000E-03   1   5
  2.552603893331E-05  6.515583585708E-05  6.390900049387E-04  4.602595049714E+03 -3.041137295130E+03  3.643995970768E+04  0.000000000000E+00 -2.000000000000E-03   1   5
  1.186126133347E-05  4.238768692727E-05  8.729095280868E-05  2.828511481695E+03 -6.000486673094E+03  9.763367437541E+03  0.000000000000E+00 -2.000000000000E-03   1   5
 -1.369589146975E-06  2.022663618801E-05 -4.346102567663E-04  1.251383962900E+03 -1.161524049341E+04 -2.321530946445E+04  0.000000000000E+00 -2.000000000000E-03   1   5
 -1.453197938883E-05  1.903079649226E-05 -1.115400145820E-03 -2.479382850242E+02  7.287555760328E+03 -3.796482167554E+04  0.000000000000E+00 -2.000000000000E-03   1   5
 -2.796070939274E-05  5.833348083567E-07  1.286200084824E-03 -1.753128386508E+03  3.851717984054E+03  7.027339366966E+04  0.000000000000E+00 -2.000000000000E-03   1   5
 -4.203783602456E-05 -1.718916845520E-05  5.182700423187E-04 -3.349974576955E+03  1.297168574401E+03  3.548656812754E+04  0.000000000000E+00 -2.000000000000E-03   1   5
 -5.729002685155E-05 -3.544869232538E-05 -1.486204982371E-05 -5.168297791646E+03 -1.045379613722E+03 -2.156347756416E+03  0.000000000000E+00 -2.000000000000E-03   1   5
 -7.461352842433E-05 -5.529632898925E-05 -5.485901539473E-04 -7.499130753573E+03 -3.514332623681E+03 -2.727213796496E+04  0.000000000000E+00 -2.000000000000E-03   1   5
 -9.627828049602E-05 -7.857804002999E-05 -1.321100362969E-03 -1.163203133025E+04 -6.623047296978E+03 -4.278434486350E+04  0.000000000000E+00 -2.000000000000E-03   1   5
 -1.033996093610E-04 -1.115127724332E-04  1.082399655097E-03  9.807460907176E+03 -1.390620704790E+04  6.710328845465E+04  0.000000000000E+00 -2.000000000000E-03   1   5
 -1.485847023282E-04 -1.362269770618E-04  4.045195730025E-04  6.381238352907E+03  1.588378082664E+04  2.481789574721E+04  0.000000000000E+00 -2.000000000000E-03   1   5
  1.515105610979E-04  1.382812741620E-04 -1.170401138211E-04  4.571598710788E+03  6.701306397023E+03 -6.224777885556E+03  0.000000000000E+00 -2.000000000000E-03   1   5
  1.078969853012E-04  9.419444880986E-05 -6.697500938317E-04  2.788653284712E+03  3.482874581869E+03 -3.456531916529E+04  0.000000000000E+00 -2.000000000000E-03   1   5
  8.245647003279E-05  6.665194703930E-05 -1.601200058783E-03  1.208983737894E+03  9.828308085995E+02 -3.473136721018E+04  0.000000000000E+00 -2.000000000000E-03   1   5
  6.291864346135E-05  4.465839819144E-05  9.152000842714E-04 -2.947923804417E+02 -1.361018634787E+03  5.414779623199E+04  0.000000000000E+00 -2.000000000000E-03   1   5
  4.626234041916E-05  2.510897752965E-05  2.957800016441E-04 -1.807964226617E+03 -3.886204790049E+03  1.852595119676E+04  0.000000000000E+00 -2.000000000000E-03   1   5
  3.118324235587E-05  6.238486902597E-06 -2.202701414076E-04 -3.419602562490E+03 -7.203711090279E+03 -1.823697207600E+04  0.000000000000E+00 -2.000000000000E-03   1   5
  1.691204505573E-05  6.170024113985E-06 -8.010603274440E-04 -5.266945349389E+03  1.235177050794E+04 -2.954850756094E+04  0.000000000000E+00 -2.000000000000E-03   1   5
  2.768150441232E-06 -1.463918290234E-05 -2.119000192912E-03 -7.670612784432E+03  6.029328647040E+03 -2.464786721843E+04  0.000000000000E+00 -2.000000000000E-03   1   5
 -1.283682681159E-05 -3.353050677463E-05  1.918599899477E-03 -1.223298944211E+04  2.997906397991E+03  8.998255329686E+04  0.000000000000E+00 -2.000000000000E-03   1   5
 -7.466096611453E-06 -5.352306961820E-05  7.427699282547E-04  9.489470017422E+03  5.483579890707E+02  4.523140186816E+04  0.000000000000E+00 -2.000000000000E-03   1   5
 -2.226410458075E-05 -7.652032936192E-05  1.696999583962E-04  6.299222004472E+03 -1.801395673792E+03  1.342519595692E+04  0.000000000000E+00 -2.000000000000E-03   1   5
 -3.679614063664E-05 -1.065002990462E-04 -3.471600928822E-04  4.189889264925E+03 -4.395932382480E+03 -1.959893182251E+04  0.000000000000E+00 -2.000000000000E-03   1   5
 -5.205175608924E-05 -1.620435605913E-04 -9.786001715741E-04  2.462152311062E+03 -7.981239946075E+03 -3.696307615915E+04  0.000000000000E+00 -2.000000000000E-03   1   5
 -6.888753972895E-05  1.369871243233E-04  1.497499934719E-03  9.023685058790E+02  1.079284294277E+04  7.617724833050E+04  0.000000000000E+00 -2.000000000000E-03   1   5
 -8.868574848912E-05  9.360894635062E-05  6.142400263780E-04 -5.995979922744E+02  5.616963373075E+03  4.284805005905E+04  0.000000000000E+00 -2.000000000000E-03   1   5
 -1.146796382534E-04  6.634741914139E-05  6.681198683722E-05 -2.128490773861E+03  2.714216072288E+03  3.956089397848E+03  0.000000000000E+00 -2.000000000000E-03   1   5
 -1.609163764840E-04  4.456488790993E-05 -4.569400591246E-04 -3.789818075382E+03  2.990295835143E+02 -2.281086525017E+04  0.000000000000E+00 -2.000000000000E-03   1   5
  1.398156232960E-04  2.528576051810E-05 -1.152900125201E-03 -5.314846824038E+03 -2.059044690927E+03 -4.175736785269E+04  0.000000000000E+00 -2.000000000000E-03   1   5
  9.771458555530E-05  7.008420150297E-06  1.241299991427E-03 -7.834931893630E+03 -4.716488663146E+03  7.288420411149E+04  0.000000000000E+00 -2.000000000000E-03   1   5
  6.990424823444E-05 -1.174385746777E-05  4.950296611992E-04 -1.301197043719E+04 -8.576529733797E+03  3.034497617227E+04  0.000000000000E+00 -2.000000000000E-03   1   5
  6.951808401497E-05 -1.309286383792E-05 -3.526228165462E-05  9.188301026582E+03  9.510118912051E+03 -2.033741463870E+03  0.000000000000E+00 -2.000000000000E-03   1   5
  5.178087512938E-05 -3.321732517898E-05 -5.721701625112E-04  6.165765503498E+03  5.039669607688E+03 -3.274857592502E+04  0.000000000000E+00 -2.000000000000E-03   1   5
  3.641759998633E-05 -5.364824447169E-05 -1.369200085432E-03  4.105574912413E+03  2.254849189717E+03 -3.455855503413E+04  0.000000000000E+00 -2.000000000000E-03   1   5
  2.230291763548E-05 -7.701859317908E-05  1.046700093531E-03  2.400857738024E+03 -1.336090315615E+02  6.204652138764E+04  0.000000000000E+00 -2.000000000000E-03   1   5
  8.867352392901E-06 -1.076816148025E-04  3.824300332780E-04  8.542088003689E+02 -2.519415892420E+03  2.544729946429E+04  0.000000000000E+00 -2.000000000000E-03   1   5
 -4.281980715365E-06 -1.679416299185E-04 -1.375600658906E-04 -6.388913829527E+02 -5.299297161732E+03 -1.024524954367E+04  0.000000000000E+00 -2.000000000000E-03   1   5
 -1.747736318993E-05  1.167521442108E-04 -6.950901920311E-04 -2.159347989364E+03 -9.314125179054E+03 -3.017668341994E+04  0.000000000000E+00 -2.000000000000E-03   1   5
 -3.106421569776E-05  9.384436133393E-05 -1.674300205780E-03 -3.799511665010E+03  8.689515447438E+03 -3.638378322133E+04  0.000000000000E+00 -2.000000000000E-03   1   5
 -4.548650509081E-05  6.625654262069E-05  8.847000051766E-04 -5.714341475565E+03  4.678479304014E+03  5.487346609992E+04  0.000000000000E+00 -2.000000000000E-03   1   5
 -6.150642390362E-05  4.450599081061E-05  2.744899007525E-04 -8.299765910668E+03  1.986097186621E+03  1.362893929207E+04  0.000000000000E+00 -2.000000000000E-03   1   5
 -8.208790514478E-05  2.535214043767E-05 -2.411503422328E-04 -1.438500359592E+04 -3.781246655546E+02 -1.036726322991E+04  0.000000000000E+00 -2.000000000000E-03   1   5
 -8.252838768426E-05  7.340590115341E-06 -8.289001933468E-04  8.659856293321E+03 -2.778432028603E+03 -3.625242626938E+04  0.000000000000E+00 -2.000000000000E-03   1   5
 -1.101695842165E-04 -1.059224294937E-05 -2.335700132451E-03  5.773476048164E+03 -5.627163147345E+03 -1.821993574214E+04  0.000000000000E+00 -2.000000000000E-03   1   5
 -1.595991787649E-04 -3.029199671633E-05  1.807099937685E-03  3.721006387008E+03 -1.048111111000E+04  8.371747335765E+04  0.000000000000E+00 -2.000000000000E-03   1   5
  1.424701064070E-04 -3.232510629018E-05  7.161499751622E-04  2.392275369164E+03  7.819965474857E+03  4.731742878470E+04  0.000000000000E+00 -2.000000000000E-03   1   5
  1.029786200999E-04 -5.363842128910E-05  1.489999820388E-04  8.248192460625E+02  4.154606067217E+03  7.936454470843E+03  0.000000000000E+00 -2.000000000000E-03   1   5
  7.857286735434E-05 -7.755236050183E-05 -3.687600370559E-04 -6.801519408659E+02  1.538464575203E+03 -1.966456218803E+04  0.000000000000E+00 -2.000000000000E-03   1   5
  5.945004041259E-05 -1.091264891024E-04 -1.011100089968E-03 -2.213849635872E+03 -8.221705696316E+02 -4.344920025796E+04  0.000000000000E+00 -2.000000000000E-03   1   5
  4.291989760890E-05 -1.763816961091E-04  1.438700103246E-03 -3.874214926441E+03 -3.296363227371E+03  8.215430097011E+04  0.000000000000E+00 -2.000000000000E-03   1   5
  2.771380539500E-05  1.155103496741E-04  5.897499504872E-04 -5.827691254093E+03 -6.011235534588E+03  3.757326048651E+04  0.000000000000E+00 -2.000000000000E-03   1   5
  1.285487673513E-05  7.532289398710E-05  4.636567217675E-05 -8.518492859392E+03 -1.180718154936E+04  4.589432632089E+03  0.000000000000E+00 -2.000000000000E-03   1   5
 -5.603347889235E-06  6.666845916083E-05 -4.794905592398E-04 -1.638102059353E+04  7.237160621079E+03 -2.689470407507E+04  0.000000000000E+00 -2.000000000000E-03   1   5
  9.624654957647E-06  4.458896832781E-05 -1.191900577538E-03  1.765395498883E+04  3.831655535919E+03 -3.690572450352E+04  0.000000000000E+00 -2.000000000000E-03   1   5
 -9.772739623044E-06  2.541080506142E-05  1.198799997209E-03  8.380666804980E+03  1.284704956803E+03  6.818517702210E+04  0.000000000000E+00 -2.000000000000E-03   1   5
 -2.425813805465E-05  7.503383977027E-06  4.720499994999E-04  5.648132955140E+03 -1.057027717798E+03  3.073838981271E+04  0.000000000000E+00 -2.000000000000E-03   1   5
 -3.877158153381E-05 -1.012157221796E-05 -5.567105836768E-05  3.681000060423E+03 -3.530383447440E+03 -6.874518887520E+03  0.000000000000E+00 -2.000000000000E-03   1   5
 -5.413660095556E-05 -2.848337132116E-05 -5.960501151590E-04  2.015361808089E+03 -6.658828506042E+03 -2.613077674919E+04  0.000000000000E+00 -2.000000000000E-03   1   5
 -7.122052129654E-05 -5.135641396963E-05 -1.420500393907E-03  4.814399327386E+02 -1.433725304242E+04 -3.897744180205E+04  0.000000000000E+00 -2.000000000000E-03   1   5
 -9.151537022441E-05 -4.645545250446E-05  1.012199740747E-03 -1.018744174844E+03  1.506278888150E+04  6.151484948936E+04  0.000000000000E+00 -2.000000000000E-03   1   5
 -1.187017140011E-04 -7.554866786325E-05  3.605199526944E-04 -2.569461258462E+03  6.441187324878E+03  2.015860120043E+04  0.000000000000E+00 -2.000000000000E-03   1   5
 -1.712760151849E-04 -1.087984683083E-04 -1.581400551487E-04 -4.290401439399E+03  3.257799344911E+03 -7.281803862602E+03  0.000000000000E+00 -2.000000000000E-03   1   5
  1.325748834078E-04 -1.868831802750E-04 -7.208501170095E-04 -5.929448378161E+03  7.221946255226E+02 -3.469085129696E+04  0.000000000000E+00 -2.000000000000E-03   1   5
