  1.9000E+00  0.0000E+00  2.5000E+02  9.9976E-01  2.4443E+00  2.4436E+00 -2.8050E-02
  1.9200E+00  6.6600E-02  2.5000E+02  9.9976E-01  2.4443E+00  2.4436E+00 -2.8050E-02
  1.9399E+00  1.3320E-01  2.5000E+02  9.9976E-01  2.4443E+00  2.4436E+00 -2.8050E-02
  1.9600E+00  2.0014E-01  2.5000E+02  9.9976E-01  2.4443E+00  2.4436E+00 -2.8050E-02
  1.9800E+00  2.6674E-01  2.5000E+02  9.9976E-01  2.4443E+00  2.4436E+00 -2.8050E-02
  1.9999E+00  3.3334E-01  2.5000E+02  9.9976E-01  2.4443E+00  2.4436E+00 -2.8050E-02
  2.0200E+00  4.0028E-01  2.4991E+02  9.9976E-01  4.1244E+01  1.4665E+01  3.8547E+01
  2.0400E+00  4.6688E-01  2.4991E+02  9.9976E-01  4.1244E+01  1.4665E+01  3.8547E+01
  2.0599E+00  5.3348E-01  2.4991E+02  9.9976E-01  4.1244E+01  1.4665E+01  3.8547E+01
  2.1000E+00  6.6713E-01  2.4991E+02  9.9976E-01  4.1244E+01  1.4665E+01  3.8547E+01
