  0.0000E+00  1.0305E+02  9.9997E-01  1.0000E+00
  1.0028E+00  1.0288E+02  1.0000E+00  1.0000E+00
  2.0056E+00  1.0270E+02  1.0000E+00  1.0000E+00
  3.0084E+00  1.0252E+02  1.0000E+00  1.0000E+00
  4.0111E+00  1.0234E+02  1.0000E+00  1.0000E+00
  5.0139E+00  1.0217E+02  1.0000E+00  1.0000E+00
  6.0167E+00  1.0199E+02  1.0000E+00  1.0000E+00
  7.0195E+00  1.0181E+02  1.0000E+00  1.0000E+00
  8.0223E+00  1.0162E+02  1.0000E+00  1.0000E+00
  9.0251E+00  1.0144E+02  1.0000E+00  1.0000E+00
  1.0028E+01  1.0126E+02  1.0000E+00  1.0000E+00
  1.1031E+01  1.0108E+02  1.0000E+00  1.0000E+00
  1.2033E+01  1.0090E+02  1.0000E+00  1.0000E+00
  1.3036E+01  1.0071E+02  1.0000E+00  1.0000E+00
  1.4039E+01  1.0053E+02  1.0000E+00  1.0000E+00
  1.5042E+01  1.0035E+02  1.0000E+00  1.0000E+00
  1.6045E+01  1.0017E+02  1.0000E+00  1.0000E+00
  1.7047E+01  9.9983E+01  1.0000E+00  1.0000E+00
  1.8050E+01  9.9799E+01  1.0000E+00  1.0000E+00
  1.9053E+01  9.9616E+01  1.0000E+00  1.0000E+00
  2.0056E+01  9.9433E+01  1.0000E+00  1.0000E+00
  2.1058E+01  9.9251E+01  1.0000E+00  1.0000E+00
  2.2061E+01  9.9068E+01  1.0000E+00  1.0000E+00
  2.3064E+01  9.8886E+01  1.0000E+00  1.0000E+00
  2.4067E+01  9.8704E+01  1.0000E+00  1.0000E+00
  2.5070E+01  9.8522E+01  1.0000E+00  1.0000E+00
  2.6072E+01  9.8341E+01  1.0000E+00  1.0000E+00
  2.7075E+01  9.8161E+01  1.0000E+00  1.0000E+00
  2.8078E+01  9.7980E+01  1.0000E+00  1.0000E+00
  2.9081E+01  9.7801E+01  1.0000E+00  1.0000E+00
  3.0084E+01  9.7622E+01  1.0000E+00  1.0000E+00
  3.1086E+01  9.7444E+01  1.0000E+00  1.0000E+00
  3.2089E+01  9.7267E+01  1.0000E+00  1.0000E+00
  3.3092E+01  9.7091E+01  1.0000E+00  1.0000E+00
  3.4095E+01  9.6915E+01  1.0000E+00  1.0000E+00
  3.5097E+01  9.6741E+01  1.0000E+00  1.0000E+00
  3.6100E+01  9.6567E+01  1.0000E+00  1.0000E+00
  3.7103E+01  9.6395E+01  1.0000E+00  1.0000E+00
  3.8106E+01  9.6223E+01  1.0000E+00  1.0000E+00
  3.9109E+01  9.6053E+01  1.0000E+00  1.0000E+00
  4.0111E+01  9.5884E+01  1.0000E+00  1.0000E+00
  4.1114E+01  9.5716E+01  1.0000E+00  1.0000E+00
  4.2117E+01  9.5550E+01  1.0000E+00  1.0000E+00
  4.3120E+01  9.5385E+01  1.0000E+00  1.0000E+00
  4.4123E+01  9.5221E+01  1.0000E+00  1.0000E+00
  4.5125E+01  9.5059E+01  1.0000E+00  1.0000E+00
  4.6128E+01  9.4898E+01  1.0000E+00  1.0000E+00
  4.7131E+01  9.4739E+01  1.0000E+00  1.0000E+00
  4.8134E+01  9.4581E+01  1.0000E+00  1.0000E+00
  4.9136E+01  9.4425E+01  1.0000E+00  1.0000E+00
  5.0139E+01  9.4271E+01  1.0000E+00  1.0000E+00
  5.1142E+01  9.4119E+01  1.0000E+00  1.0000E+00
  5.2145E+01  9.3968E+01  1.0000E+00  1.0000E+00
  5.3148E+01  9.3819E+01  1.0000E+00  1.0000E+00
  5.4150E+01  9.3673E+01  1.0000E+00  1.0000E+00
  5.5153E+01  9.3528E+01  1.0000E+00  1.0000E+00
  5.6156E+01  9.3385E+01  1.0000E+00  1.0000E+00
  5.7159E+01  9.3244E+01  1.0000E+00  1.0000E+00
  5.8162E+01  9.3105E+01  1.0000E+00  1.0000E+00
  5.9164E+01  9.2968E+01  1.0000E+00  1.0000E+00
  6.0167E+01  9.2834E+01  1.0000E+00  1.0000E+00
  6.1170E+01  9.2701E+01  1.0000E+00  1.0000E+00
  6.2173E+01  9.2571E+01  1.0000E+00  1.0000E+00
  6.3175E+01  9.2443E+01  1.0000E+00  1.0000E+00
  6.4178E+01  9.2318E+01  1.0000E+00  1.0000E+00
  6.5181E+01  9.2194E+01  1.0000E+00  1.0000E+00
  6.6184E+01  9.2074E+01  1.0000E+00  1.0000E+00
  6.7187E+01  9.1955E+01  1.0000E+00  1.0000E+00
  6.8189E+01  9.1839E+01  1.0000E+00  1.0000E+00
  6.9192E+01  9.1726E+01  1.0000E+00  1.0000E+00
  7.0195E+01  9.1615E+01  1.0000E+00  1.0000E+00
  7.1198E+01  9.1507E+01  1.0000E+00  1.0000E+00
  7.2201E+01  9.1401E+01  1.0000E+00  1.0000E+00
  7.3203E+01  9.1298E+01  1.0000E+00  1.0000E+00
  7.4206E+01  9.1197E+01  1.0000E+00  1.0000E+00
  7.5209E+01  9.1100E+01  1.0000E+00  1.0000E+00
  7.6212E+01  9.1005E+01  1.0000E+00  1.0000E+00
  7.7214E+01  9.0913E+01  1.0000E+00  1.0000E+00
  7.8217E+01  9.0823E+01  1.0000E+00  1.0000E+00
  7.9220E+01  9.0736E+01  1.0000E+00  1.0000E+00
  8.0223E+01  9.0653E+01  1.0000E+00  1.0000E+00
  8.1226E+01  9.0572E+01  1.0000E+00  1.0000E+00
  8.2228E+01  9.0494E+01  1.0000E+00  1.0000E+00
  8.3231E+01  9.0418E+01  1.0000E+00  1.0000E+00
  8.4234E+01  9.0346E+01  1.0000E+00  1.0000E+00
  8.5237E+01  9.0277E+01  1.0000E+00  1.0000E+00
  8.6240E+01  9.0211E+01  1.0000E+00  1.0000E+00
  8.7242E+01  9.0147E+01  1.0000E+00  1.0000E+00
  8.8245E+01  9.0087E+01  1.0000E+00  1.0000E+00
  8.9248E+01  9.0030E+01  1.0000E+00  1.0000E+00
  9.0251E+01  8.9976E+01  1.0000E+00  1.0000E+00
  9.1253E+01  8.9925E+01  1.0000E+00  1.0000E+00
  9.2256E+01  8.9877E+01  1.0000E+00  1.0000E+00
  9.3259E+01  8.9832E+01  1.0000E+00  1.0000E+00
  9.4262E+01  8.9790E+01  1.0000E+00  1.0000E+00
  9.5265E+01  8.9751E+01  1.0000E+00  1.0000E+00
  9.6267E+01  8.9716E+01  1.0000E+00  1.0000E+00
  9.7270E+01  8.9683E+01  1.0000E+00  1.0000E+00
  9.8273E+01  8.9654E+01  1.0000E+00  1.0000E+00
  9.9276E+01  8.9628E+01  1.0000E+00  1.0000E+00
  1.0028E+02  8.9605E+01  1.0000E+00  1.0000E+00
  1.0128E+02  8.9586E+01  1.0000E+00  1.0000E+00
  1.0228E+02  8.9569E+01  1.0000E+00  1.0000E+00
  1.0329E+02  8.9556E+01  1.0000E+00  1.0000E+00
  1.0429E+02  8.9546E+01  1.0000E+00  1.0000E+00
  1.0529E+02  8.9539E+01  1.0000E+00  1.0000E+00
  1.0630E+02  8.9535E+01  1.0000E+00  1.0000E+00
  1.0730E+02  8.9535E+01  1.0000E+00  1.0000E+00
  1.0830E+02  8.9537E+01  1.0000E+00  1.0000E+00
  1.0930E+02  8.9543E+01  1.0000E+00  1.0000E+00
  1.1031E+02  8.9552E+01  1.0000E+00  1.0000E+00
  1.1131E+02  8.9565E+01  1.0000E+00  1.0000E+00
  1.1231E+02  8.9580E+01  1.0000E+00  1.0000E+00
  1.1331E+02  8.9599E+01  1.0000E+00  1.0000E+00
  1.1432E+02  8.9621E+01  1.0000E+00  1.0000E+00
  1.1532E+02  8.9646E+01  1.0000E+00  1.0000E+00
  1.1632E+02  8.9674E+01  1.0000E+00  1.0000E+00
  1.1733E+02  8.9706E+01  9.9999E-01  1.0000E+00
  1.1833E+02  8.9740E+01  9.9999E-01  1.0000E+00
  1.1933E+02  8.9778E+01  9.9999E-01  1.0000E+00
  1.2033E+02  8.9819E+01  9.9999E-01  1.0000E+00
  1.2134E+02  8.9863E+01  9.9999E-01  1.0000E+00
  1.2234E+02  8.9910E+01  9.9999E-01  1.0000E+00
  1.2334E+02  8.9960E+01  9.9999E-01  1.0000E+00
  1.2435E+02  9.0013E+01  9.9999E-01  1.0000E+00
  1.2535E+02  9.0069E+01  9.9999E-01  1.0000E+00
  1.2635E+02  9.0129E+01  9.9999E-01  1.0000E+00
  1.2735E+02  9.0191E+01  9.9999E-01  1.0000E+00
  1.2836E+02  9.0256E+01  9.9999E-01  1.0000E+00
  1.2936E+02  9.0325E+01  9.9999E-01  1.0000E+00
  1.3036E+02  9.0396E+01  9.9999E-01  1.0000E+00
  1.3136E+02  9.0470E+01  9.9998E-01  1.0000E+00
  1.3237E+02  9.0547E+01  9.9998E-01  1.0000E+00
  1.3337E+02  9.0627E+01  9.9998E-01  1.0000E+00
  1.3437E+02  9.0710E+01  9.9998E-01  1.0000E+00
  1.3538E+02  9.0796E+01  9.9998E-01  1.0000E+00
  1.3638E+02  9.0885E+01  9.9998E-01  1.0000E+00
  1.3738E+02  9.0976E+01  9.9998E-01  1.0000E+00
  1.3838E+02  9.1070E+01  9.9998E-01  1.0000E+00
  1.3939E+02  9.1167E+01  9.9998E-01  1.0000E+00
  1.4039E+02  9.1267E+01  9.9998E-01  1.0000E+00
  1.4139E+02  9.1369E+01  9.9998E-01  1.0000E+00
  1.4240E+02  9.1474E+01  9.9998E-01  1.0000E+00
  1.4340E+02  9.1582E+01  9.9998E-01  1.0000E+00
  1.4440E+02  9.1692E+01  9.9998E-01  1.0000E+00
  1.4540E+02  9.1804E+01  9.9998E-01  1.0000E+00
  1.4641E+02  9.1919E+01  9.9998E-01  1.0000E+00
  1.4741E+02  9.2037E+01  9.9998E-01  1.0000E+00
  1.4841E+02  9.2157E+01  9.9997E-01  1.0000E+00
  1.4942E+02  9.2280E+01  9.9997E-01  1.0000E+00
  1.5042E+02  9.2405E+01  9.9997E-01  1.0000E+00
  1.5142E+02  9.2532E+01  9.9997E-01  1.0000E+00
  1.5242E+02  9.2661E+01  9.9997E-01  1.0000E+00
  1.5343E+02  9.2793E+01  9.9997E-01  1.0000E+00
  1.5443E+02  9.2927E+01  9.9997E-01  1.0000E+00
  1.5543E+02  9.3063E+01  9.9997E-01  1.0000E+00
  1.5643E+02  9.3201E+01  9.9997E-01  1.0000E+00
  1.5744E+02  9.3341E+01  9.9997E-01  1.0000E+00
  1.5844E+02  9.3484E+01  9.9997E-01  1.0000E+00
  1.5944E+02  9.3628E+01  9.9997E-01  1.0000E+00
  1.6045E+02  9.3774E+01  9.9997E-01  1.0000E+00
  1.6145E+02  9.3922E+01  9.9997E-01  1.0000E+00
  1.6245E+02  9.4072E+01  9.9997E-01  1.0000E+00
  1.6345E+02  9.4224E+01  9.9997E-01  1.0000E+00
  1.6446E+02  9.4378E+01  9.9997E-01  1.0000E+00
  1.6546E+02  9.4533E+01  9.9997E-01  1.0000E+00
  1.6646E+02  9.4690E+01  9.9997E-01  1.0000E+00
  1.6747E+02  9.4849E+01  9.9997E-01  1.0000E+00
  1.6847E+02  9.5009E+01  9.9997E-01  1.0000E+00
  1.6947E+02  9.5171E+01  9.9997E-01  1.0000E+00
  1.7047E+02  9.5334E+01  9.9997E-01  1.0000E+00
  1.7148E+02  9.5499E+01  9.9997E-01  1.0000E+00
  1.7248E+02  9.5665E+01  9.9997E-01  1.0000E+00
  1.7348E+02  9.5832E+01  9.9997E-01  1.0000E+00
  1.7448E+02  9.6001E+01  9.9997E-01  1.0000E+00
  1.7549E+02  9.6171E+01  9.9997E-01  1.0000E+00
  1.7649E+02  9.6342E+01  9.9997E-01  1.0000E+00
  1.7749E+02  9.6514E+01  9.9997E-01  1.0000E+00
  1.7850E+02  9.6687E+01  9.9997E-01  1.0000E+00
  1.7950E+02  9.6862E+01  9.9997E-01  1.0000E+00
  1.8050E+02  9.7037E+01  9.9997E-01  1.0000E+00
  1.8150E+02  9.7213E+01  9.9997E-01  1.0000E+00
  1.8251E+02  9.7390E+01  9.9997E-01  1.0000E+00
  1.8351E+02  9.7568E+01  9.9997E-01  1.0000E+00
  1.8451E+02  9.7746E+01  9.9997E-01  1.0000E+00
  1.8552E+02  9.7925E+01  9.9997E-01  1.0000E+00
  1.8652E+02  9.8105E+01  9.9997E-01  1.0000E+00
  1.8752E+02  9.8286E+01  9.9997E-01  1.0000E+00
  1.8852E+02  9.8467E+01  9.9997E-01  1.0000E+00
  1.8953E+02  9.8648E+01  9.9997E-01  1.0000E+00
  1.9053E+02  9.8830E+01  9.9997E-01  1.0000E+00
  1.9153E+02  9.9012E+01  9.9997E-01  1.0000E+00
  1.9253E+02  9.9194E+01  9.9997E-01  1.0000E+00
  1.9354E+02  9.9377E+01  9.9997E-01  1.0000E+00
  1.9454E+02  9.9560E+01  9.9997E-01  1.0000E+00
  1.9554E+02  9.9743E+01  9.9997E-01  1.0000E+00
  1.9655E+02  9.9926E+01  9.9997E-01  1.0000E+00
  1.9755E+02  1.0011E+02  9.9997E-01  1.0000E+00
  1.9855E+02  1.0029E+02  9.9997E-01  1.0000E+00
  1.9955E+02  1.0048E+02  9.9997E-01  1.0000E+00
  2.0056E+02  1.0066E+02  9.9997E-01  1.0000E+00
  2.0156E+02  1.0084E+02  9.9997E-01  1.0000E+00
  2.0256E+02  1.0102E+02  9.9997E-01  1.0000E+00
  2.0357E+02  1.0121E+02  9.9997E-01  1.0000E+00
  2.0457E+02  1.0139E+02  9.9997E-01  1.0000E+00
  2.0557E+02  1.0157E+02  9.9997E-01  1.0000E+00
  2.0657E+02  1.0175E+02  9.9997E-01  1.0000E+00
  2.0758E+02  1.0193E+02  9.9997E-01  1.0000E+00
  2.0858E+02  1.0211E+02  9.9997E-01  1.0000E+00
  2.0958E+02  1.0229E+02  9.9997E-01  1.0000E+00
  2.1058E+02  1.0247E+02  9.9997E-01  1.0000E+00
  2.1159E+02  1.0264E+02  9.9997E-01  1.0000E+00
  2.1259E+02  1.0282E+02  9.9997E-01  1.0000E+00
  2.1359E+02  1.0300E+02  9.9997E-01  1.0000E+00
  2.1460E+02  1.0317E+02  9.9997E-01  1.0000E+00
  2.1560E+02  1.0335E+02  9.9997E-01  1.0000E+00
  2.1660E+02  1.0352E+02  9.9997E-01  1.0000E+00
  2.1760E+02  1.0369E+02  9.9997E-01  1.0000E+00
  2.1861E+02  1.0386E+02  9.9997E-01  1.0000E+00
  2.1961E+02  1.0403E+02  9.9997E-01  1.0000E+00
  2.2061E+02  1.0420E+02  9.9997E-01  1.0000E+00
  2.2162E+02  1.0437E+02  9.9997E-01  1.0000E+00
  2.2262E+02  1.0453E+02  9.9997E-01  1.0000E+00
  2.2362E+02  1.0470E+02  9.9997E-01  1.0000E+00
  2.2462E+02  1.0486E+02  9.9997E-01  1.0000E+00
  2.2563E+02  1.0502E+02  9.9997E-01  1.0000E+00
  2.2663E+02  1.0518E+02  9.9997E-01  1.0000E+00
  2.2763E+02  1.0534E+02  9.9997E-01  1.0000E+00
  2.2864E+02  1.0550E+02  9.9997E-01  1.0000E+00
  2.2964E+02  1.0565E+02  9.9997E-01  1.0000E+00
  2.3064E+02  1.0581E+02  9.9997E-01  1.0000E+00
  2.3164E+02  1.0596E+02  9.9997E-01  1.0000E+00
  2.3265E+02  1.0611E+02  9.9997E-01  1.0000E+00
  2.3365E+02  1.0625E+02  9.9998E-01  1.0000E+00
  2.3465E+02  1.0640E+02  9.9998E-01  1.0000E+00
  2.3565E+02  1.0654E+02  9.9998E-01  1.0000E+00
  2.3666E+02  1.0669E+02  9.9998E-01  1.0000E+00
  2.3766E+02  1.0683E+02  9.9998E-01  1.0000E+00
  2.3866E+02  1.0696E+02  9.9998E-01  1.0000E+00
  2.3967E+02  1.0710E+02  9.9998E-01  1.0000E+00
  2.4067E+02  1.0723E+02  9.9998E-01  1.0000E+00
  2.4167E+02  1.0736E+02  9.9998E-01  1.0000E+00
  2.4267E+02  1.0749E+02  9.9998E-01  1.0000E+00
  2.4368E+02  1.0762E+02  9.9998E-01  1.0000E+00
  2.4468E+02  1.0774E+02  9.9998E-01  1.0000E+00
  2.4568E+02  1.0787E+02  9.9998E-01  1.0000E+00
  2.4669E+02  1.0799E+02  9.9998E-01  1.0000E+00
  2.4769E+02  1.0810E+02  9.9998E-01  1.0000E+00
  2.4869E+02  1.0822E+02  9.9998E-01  1.0000E+00
  2.4969E+02  1.0833E+02  9.9998E-01  1.0000E+00
  2.5070E+02  1.0844E+02  9.9998E-01  1.0000E+00
  2.5170E+02  1.0855E+02  9.9998E-01  1.0000E+00
  2.5270E+02  1.0865E+02  9.9998E-01  1.0000E+00
  2.5370E+02  1.0875E+02  9.9998E-01  1.0000E+00
  2.5471E+02  1.0885E+02  9.9998E-01  1.0000E+00
  2.5571E+02  1.0895E+02  9.9998E-01  1.0000E+00
  2.5671E+02  1.0904E+02  9.9998E-01  1.0000E+00
  2.5772E+02  1.0913E+02  9.9998E-01  1.0000E+00
  2.5872E+02  1.0922E+02  9.9999E-01  1.0000E+00
  2.5972E+02  1.0931E+02  9.9999E-01  1.0000E+00
  2.6072E+02  1.0939E+02  9.9999E-01  1.0000E+00
  2.6173E+02  1.0947E+02  9.9999E-01  1.0000E+00
  2.6273E+02  1.0954E+02  9.9999E-01  1.0000E+00
  2.6373E+02  1.0962E+02  9.9999E-01  1.0000E+00
  2.6474E+02  1.0969E+02  9.9999E-01  1.0000E+00
  2.6574E+02  1.0976E+02  9.9999E-01  1.0000E+00
  2.6674E+02  1.0982E+02  9.9999E-01  1.0000E+00
  2.6774E+02  1.0988E+02  9.9999E-01  1.0000E+00
  2.6875E+02  1.0994E+02  9.9999E-01  1.0000E+00
  2.6975E+02  1.1000E+02  9.9999E-01  1.0000E+00
  2.7075E+02  1.1005E+02  9.9999E-01  1.0000E+00
  2.7175E+02  1.1010E+02  9.9999E-01  1.0000E+00
  2.7276E+02  1.1015E+02  9.9999E-01  1.0000E+00
  2.7376E+02  1.1019E+02  9.9999E-01  1.0000E+00
  2.7476E+02  1.1023E+02  9.9999E-01  1.0000E+00
  2.7577E+02  1.1027E+02  9.9999E-01  1.0000E+00
  2.7677E+02  1.1030E+02  9.9999E-01  1.0000E+00
  2.7777E+02  1.1033E+02  9.9999E-01  1.0000E+00
  2.7877E+02  1.1036E+02  9.9999E-01  1.0000E+00
  2.7978E+02  1.1038E+02  9.9999E-01  1.0000E+00
  2.8078E+02  1.1041E+02  1.0000E+00  1.0000E+00
  2.8178E+02  1.1042E+02  1.0000E+00  1.0000E+00
  2.8279E+02  1.1044E+02  1.0000E+00  1.0000E+00
  2.8379E+02  1.1045E+02  1.0000E+00  1.0000E+00
  2.8479E+02  1.1046E+02  1.0000E+00  1.0000E+00
  2.8579E+02  1.1046E+02  1.0000E+00  1.0000E+00
  2.8680E+02  1.1047E+02  1.0000E+00  1.0000E+00
  2.8780E+02  1.1047E+02  1.0000E+00  1.0000E+00
  2.8880E+02  1.1046E+02  1.0000E+00  1.0000E+00
  2.8981E+02  1.1045E+02  1.0000E+00  1.0000E+00
  2.9081E+02  1.1044E+02  1.0000E+00  1.0000E+00
  2.9181E+02  1.1043E+02  1.0000E+00  1.0000E+00
  2.9281E+02  1.1041E+02  1.0000E+00  1.0000E+00
  2.9382E+02  1.1039E+02  1.0000E+00  1.0000E+00
  2.9482E+02  1.1037E+02  1.0000E+00  1.0000E+00
  2.9582E+02  1.1034E+02  1.0000E+00  1.0000E+00
  2.9682E+02  1.1031E+02  1.0000E+00  1.0000E+00
  2.9783E+02  1.1028E+02  1.0000E+00  1.0000E+00
  2.9883E+02  1.1024E+02  1.0000E+00  1.0000E+00
  2.9983E+02  1.1020E+02  1.0000E+00  1.0000E+00
  3.0084E+02  1.1016E+02  1.0000E+00  1.0000E+00
  3.0184E+02  1.1011E+02  1.0000E+00  1.0000E+00
  3.0284E+02  1.1007E+02  1.0000E+00  1.0000E+00
  3.0384E+02  1.1001E+02  1.0000E+00  1.0000E+00
  3.0485E+02  1.0996E+02  1.0000E+00  1.0000E+00
  3.0585E+02  1.0990E+02  1.0000E+00  1.0000E+00
  3.0685E+02  1.0984E+02  1.0000E+00  1.0000E+00
  3.0786E+02  1.0978E+02  1.0000E+00  1.0000E+00
  3.0886E+02  1.0971E+02  1.0000E+00  1.0000E+00
  3.0986E+02  1.0964E+02  1.0000E+00  1.0000E+00
  3.1086E+02  1.0957E+02  1.0000E+00  1.0000E+00
  3.1187E+02  1.0949E+02  1.0000E+00  1.0000E+00
  3.1287E+02  1.0941E+02  1.0000E+00  1.0000E+00
  3.1387E+02  1.0933E+02  1.0000E+00  1.0000E+00
  3.1487E+02  1.0925E+02  1.0000E+00  1.0000E+00
  3.1588E+02  1.0916E+02  1.0000E+00  1.0000E+00
  3.1688E+02  1.0907E+02  1.0000E+00  1.0000E+00
  3.1788E+02  1.0898E+02  1.0000E+00  1.0000E+00
  3.1889E+02  1.0888E+02  1.0000E+00  1.0000E+00
  3.1989E+02  1.0878E+02  1.0000E+00  1.0000E+00
  3.2089E+02  1.0868E+02  1.0000E+00  1.0000E+00
  3.2189E+02  1.0858E+02  1.0000E+00  1.0000E+00
  3.2290E+02  1.0847E+02  1.0000E+00  1.0000E+00
  3.2390E+02  1.0836E+02  1.0000E+00  1.0000E+00
  3.2490E+02  1.0825E+02  1.0000E+00  1.0000E+00
  3.2591E+02  1.0814E+02  1.0000E+00  1.0000E+00
  3.2691E+02  1.0802E+02  1.0000E+00  1.0000E+00
  3.2791E+02  1.0790E+02  1.0000E+00  1.0000E+00
  3.2891E+02  1.0778E+02  1.0000E+00  1.0000E+00
  3.2992E+02  1.0766E+02  1.0000E+00  1.0000E+00
  3.3092E+02  1.0753E+02  1.0000E+00  1.0000E+00
  3.3192E+02  1.0740E+02  1.0000E+00  1.0000E+00
  3.3292E+02  1.0727E+02  1.0000E+00  1.0000E+00
  3.3393E+02  1.0714E+02  1.0000E+00  1.0000E+00
  3.3493E+02  1.0701E+02  1.0000E+00  1.0000E+00
  3.3593E+02  1.0687E+02  1.0000E+00  1.0000E+00
  3.3694E+02  1.0673E+02  1.0000E+00  1.0000E+00
  3.3794E+02  1.0659E+02  1.0000E+00  1.0000E+00
  3.3894E+02  1.0645E+02  1.0000E+00  1.0000E+00
  3.3994E+02  1.0630E+02  1.0000E+00  1.0000E+00
  3.4095E+02  1.0615E+02  1.0000E+00  1.0000E+00
  3.4195E+02  1.0600E+02  1.0000E+00  1.0000E+00
  3.4295E+02  1.0585E+02  1.0000E+00  1.0000E+00
  3.4396E+02  1.0570E+02  1.0000E+00  1.0000E+00
  3.4496E+02  1.0555E+02  1.0000E+00  1.0000E+00
  3.4596E+02  1.0539E+02  1.0000E+00  1.0000E+00
  3.4696E+02  1.0523E+02  1.0000E+00  1.0000E+00
  3.4797E+02  1.0507E+02  1.0000E+00  1.0000E+00
  3.4897E+02  1.0491E+02  1.0000E+00  1.0000E+00
  3.4997E+02  1.0475E+02  1.0000E+00  1.0000E+00
  3.5097E+02  1.0458E+02  1.0000E+00  1.0000E+00
  3.5198E+02  1.0442E+02  1.0000E+00  1.0000E+00
  3.5298E+02  1.0425E+02  1.0000E+00  1.0000E+00
  3.5398E+02  1.0408E+02  1.0000E+00  1.0000E+00
  3.5499E+02  1.0391E+02  1.0000E+00  1.0000E+00
  3.5599E+02  1.0374E+02  1.0000E+00  1.0000E+00
  3.5699E+02  1.0357E+02  1.0000E+00  1.0000E+00
  3.5799E+02  1.0340E+02  1.0000E+00  1.0000E+00
  3.5900E+02  1.0323E+02  1.0000E+00  1.0000E+00
  3.6000E+02  1.0305E+02  1.0000E+00  1.0000E+00
