  3.0226E-08  0.0000E+00  1.0000E+02  9.8772E-01  9.8973E-01  9.7747E-01 -1.4378E-02
  8.0000E-03  2.6685E-02  1.0000E+02  9.8772E-01  9.8973E-01  9.7747E-01 -1.4378E-02
  1.6000E-02  5.3371E-02  1.0000E+02  9.8772E-01  9.8973E-01  9.7747E-01 -1.4378E-02
  2.4000E-02  8.0056E-02  1.0000E+02  9.8772E-01  9.8973E-01  9.7747E-01 -1.4378E-02
  3.2000E-02  1.0674E-01  1.0000E+02  9.8772E-01  9.8973E-01  9.7747E-01 -1.4378E-02
  4.0000E-02  1.3343E-01  1.0000E+02  9.8772E-01  9.8973E-01  9.7747E-01 -1.4378E-02
  4.8000E-02  1.6011E-01  1.0000E+02  9.8772E-01  9.8973E-01  9.7747E-01 -1.4378E-02
  5.6000E-02  1.8680E-01  1.0000E+02  9.8772E-01  9.8973E-01  9.7747E-01 -1.4378E-02
  6.4000E-02  2.1348E-01  1.0000E+02  9.8772E-01  9.8973E-01  9.7747E-01 -1.4378E-02
  7.2000E-02  2.4017E-01  1.0000E+02  9.8772E-01  9.8973E-01  9.7747E-01 -1.4378E-02
  8.0000E-02  2.6685E-01  1.0000E+02  9.8772E-01  9.8973E-01  9.7747E-01 -1.4378E-02
  8.8000E-02  2.9354E-01  1.0000E+02  9.8772E-01  9.8973E-01  9.7747E-01 -1.4378E-02
  9.6000E-02  3.2023E-01  1.0000E+02  9.8772E-01  9.8973E-01  9.7747E-01 -1.4378E-02
  1.0400E-01  3.4691E-01  1.0000E+02  9.8772E-01  9.9541E-01  9.7769E-01 -1.0503E-01
  1.1200E-01  3.7360E-01  9.9998E+01  9.8772E-01  1.0833E+00  9.7903E-01 -4.3710E-01
  1.2000E-01  4.0028E-01  9.9994E+01  9.8772E-01  1.5611E+00  9.8752E-01 -1.1990E+00
  1.2800E-01  4.2697E-01  9.9991E+01  9.8772E-01  1.9303E+00  9.9565E-01 -1.6462E+00
  1.3600E-01  4.5365E-01  1.0003E+02  9.8772E-01  3.2927E+00  9.7889E-01  3.1400E+00
  1.4400E-01  4.8034E-01  1.0020E+02  9.8772E-01  1.3234E+01  1.0766E+00  1.3189E+01
  1.5200E-01  5.0702E-01  1.0049E+02  9.8772E-01  1.7735E+01  1.5299E+00  1.7667E+01
  1.6000E-01  5.3371E-01  1.0079E+02  9.8772E-01  1.3871E+01  2.2818E+00  1.3677E+01
  1.6800E-01  5.6039E-01  1.0100E+02  9.8772E-01  6.1214E+00  2.6867E+00  5.4839E+00
  1.7600E-01  5.8708E-01  1.0116E+02  9.8772E-01  9.6362E+00  2.6132E+00  9.2659E+00
  1.8400E-01  6.1377E-01  1.0142E+02  9.8772E-01  1.7138E+01  3.4145E+00  1.6786E+01
  1.9200E-01  6.4045E-01  1.0174E+02  9.8772E-01  1.6703E+01  4.2734E+00  1.6133E+01
  2.0000E-01  6.6714E-01  1.0198E+02  9.8772E-01  9.4519E+00  5.0348E+00  7.9596E+00
  2.0800E-01  6.9382E-01  1.0214E+02  9.8772E-01  7.9252E+00  4.8749E+00  6.2008E+00
  2.1600E-01  7.2051E-01  1.0236E+02  9.8772E-01  1.5699E+01  5.4600E+00  1.4694E+01
  2.2400E-01  7.4719E-01  1.0267E+02  9.8772E-01  1.8554E+01  6.3465E+00  1.7406E+01
  2.3200E-01  7.7388E-01  1.0295E+02  9.8772E-01  1.3522E+01  7.2402E+00  1.1363E+01
  2.4000E-01  8.0056E-01  1.0313E+02  9.8772E-01  8.9280E+00  7.3794E+00  4.8878E+00
  2.4800E-01  8.2725E-01  1.0331E+02  9.8772E-01  1.3891E+01  7.5539E+00  1.1596E+01
  2.5600E-01  8.5393E-01  1.0360E+02  9.8772E-01  1.9410E+01  8.4500E+00  1.7423E+01
  2.6400E-01  8.8062E-01  1.0390E+02  9.8772E-01  1.7284E+01  9.3451E+00  1.4465E+01
  2.7200E-01  9.0731E-01  1.0412E+02  9.8772E-01  1.1679E+01  9.9106E+00  5.9760E+00
  2.8000E-01  9.3399E-01  1.0428E+02  9.8772E-01  1.2779E+01  9.7611E+00  8.1021E+00
  2.8800E-01  9.6068E-01  1.0453E+02  9.8772E-01  1.9368E+01  1.0552E+01  1.6155E+01
  2.9600E-01  9.8736E-01  1.0484E+02  9.8772E-01  2.0200E+01  1.1437E+01  1.6553E+01
  3.0400E-01  1.0140E+00  1.0510E+02  9.8772E-01  1.5268E+01  1.2273E+01  8.8721E+00
  3.1200E-01  1.0407E+00  1.0526E+02  9.8772E-01  1.3465E+01  1.2171E+01  5.4265E+00
  3.2000E-01  1.0674E+00  1.0547E+02  9.8772E-01  1.8742E+01  1.2644E+01  1.3689E+01
  3.2800E-01  1.0941E+00  1.0577E+02  9.8772E-01  2.2169E+01  1.3546E+01  1.7417E+01
  3.3600E-01  1.1208E+00  1.0607E+02  9.8772E-01  1.9098E+01  1.4453E+01  1.2272E+01
  3.4400E-01  1.1475E+00  1.0626E+02  9.8772E-01  1.5675E+01  1.4728E+01  4.8338E+00
  3.5200E-01  1.1742E+00  1.0643E+02  9.8772E-01  1.8200E+01  1.4778E+01  1.0363E+01
  3.6000E-01  1.2008E+00  1.0670E+02  9.8772E-01  2.3263E+01  1.5663E+01  1.7021E+01
  3.6800E-01  1.2275E+00  1.0701E+02  9.8772E-01  2.2556E+01  1.6556E+01  1.5094E+01
  3.7600E-01  1.2542E+00  1.0724E+02  9.8772E-01  1.8650E+01  1.7232E+01  6.5928E+00
  3.8400E-01  1.2809E+00  1.0740E+02  9.8772E-01  1.8613E+01  1.7051E+01  6.9590E+00
  4.0000E-01  1.3343E+00  1.0795E+02  9.8772E-01  2.5276E+01  1.8658E+01  1.6794E+01
