  3.0226E-08  0.0000E+00  1.1701E-04  9.9997E-01  5.0843E-03  1.0000E+00 -1.7716E-08
  8.0000E-03  2.6685E-02  1.1702E-04  9.9997E-01  5.0843E-03  1.0000E+00  1.8909E-07
  1.6000E-02  5.3371E-02  1.1703E-04  9.9997E-01  5.0843E-03  1.0000E+00  3.9589E-07
  2.4000E-02  8.0056E-02  1.1704E-04  9.9997E-01  5.0843E-03  1.0000E+00  6.0270E-07
  3.2000E-02  1.0674E-01  1.1705E-04  9.9997E-01  5.0843E-03  1.0000E+00  8.0950E-07
  4.0000E-02  1.3343E-01  1.1705E-04  9.9997E-01  5.0843E-03  1.0000E+00  1.0163E-06
  4.8000E-02  1.6011E-01  1.1706E-04  9.9997E-01  5.0843E-03  1.0000E+00  1.2231E-06
  5.6000E-02  1.8680E-01  1.1707E-04  9.9997E-01  5.0843E-03  1.0000E+00  1.4299E-06
  6.4000E-02  2.1348E-01  1.1708E-04  9.9997E-01  5.0843E-03  1.0000E+00  1.6367E-06
  7.2000E-02  2.4017E-01  1.1709E-04  9.9997E-01  5.0843E-03  1.0000E+00  1.8435E-06
  8.0000E-02  2.6685E-01  1.1710E-04  9.9997E-01  5.0843E-03  1.0000E+00  2.0503E-06
  8.8000E-02  2.9354E-01  1.1711E-04  9.9997E-01  5.0843E-03  1.0000E+00  2.2571E-06
  9.6000E-02  3.2023E-01  1.1712E-04  9.9997E-01  5.0843E-03  1.0000E+00  2.4639E-06
  1.0400E-01  3.4691E-01  1.1711E-04  9.9997E-01  5.1054E-03  1.0003E+00  4.4967E-04
  1.1200E-01  3.7360E-01  1.1709E-04  9.9998E-01  5.4079E-03  1.0018E+00  1.8169E-03
  1.2000E-01  4.0028E-01  1.1702E-04  1.0000E+00  6.2195E-03  1.0064E+00  3.5352E-03
  1.2800E-01  4.2697E-01  1.1698E-04  1.0000E+00  6.3851E-03  1.0066E+00 -3.8180E-03
  1.3600E-01  4.5365E-01  1.1744E-04  9.9982E-01  5.7529E-02  1.4789E+00 -5.7035E-02
  1.4400E-01  4.8034E-01  1.1833E-04  9.9898E-01  1.5220E-01  1.4285E+00 -1.5202E-01
  1.5200E-01  5.0702E-01  1.1858E-04  9.9753E-01  1.9742E-01  1.0056E+00 -1.9735E-01
  1.6000E-01  5.3371E-01  1.1797E-04  9.9604E-01  1.6211E-01  1.3844E+00 -1.6196E-01
  1.6800E-01  5.6039E-01  1.1704E-04  9.9503E-01  9.6157E-02  1.1208E+00 -9.5990E-02
  1.7600E-01  5.8708E-01  1.1732E-04  9.9422E-01  1.2534E-01  1.4897E+00 -1.2512E-01
  1.8400E-01  6.1377E-01  1.1788E-04  9.9294E-01  1.8785E-01  1.1106E+00 -1.8776E-01
  1.9200E-01  6.4045E-01  1.1760E-04  9.9141E-01  1.8171E-01  1.1717E+00 -1.8162E-01
  2.0000E-01  6.6714E-01  1.1664E-04  9.9021E-01  1.1476E-01  1.4207E+00 -1.1454E-01
  2.0800E-01  6.9382E-01  1.1639E-04  9.8943E-01  1.0103E-01  1.2484E+00 -1.0083E-01
  2.1600E-01  7.2051E-01  1.1707E-04  9.8836E-01  1.6831E-01  1.3077E+00 -1.6818E-01
  2.2400E-01  7.4719E-01  1.1712E-04  9.8687E-01  1.9131E-01  1.0263E+00 -1.9124E-01
  2.3200E-01  7.7388E-01  1.1635E-04  9.8550E-01  1.4061E-01  1.4683E+00 -1.4042E-01
  2.4000E-01  8.0056E-01  1.1563E-04  9.8463E-01  9.0854E-02  1.0009E+00 -9.0716E-02
  2.4800E-01  8.2725E-01  1.1616E-04  9.8375E-01  1.4183E-01  1.4671E+00 -1.4164E-01
  2.5600E-01  8.5393E-01  1.1653E-04  9.8238E-01  1.8982E-01  1.0238E+00 -1.8975E-01
  2.6400E-01  8.8062E-01  1.1604E-04  9.8092E-01  1.6448E-01  1.3036E+00 -1.6435E-01
  2.7200E-01  9.0731E-01  1.1510E-04  9.7988E-01  9.8644E-02  1.2140E+00 -9.8458E-02
  2.8000E-01  9.3399E-01  1.1522E-04  9.7910E-01  1.1418E-01  1.4234E+00 -1.1396E-01
  2.8800E-01  9.6068E-01  1.1582E-04  9.7792E-01  1.7750E-01  1.1587E+00 -1.7741E-01
  2.9600E-01  9.8736E-01  1.1565E-04  9.7644E-01  1.8051E-01  1.1081E+00 -1.8043E-01
  3.0400E-01  1.0140E+00  1.1476E-04  9.7521E-01  1.1971E-01  1.4460E+00 -1.1950E-01
  3.1200E-01  1.0407E+00  1.1437E-04  9.7443E-01  9.4222E-02  1.1342E+00 -9.4054E-02
  3.2000E-01  1.0674E+00  1.1500E-04  9.7345E-01  1.5624E-01  1.3523E+00 -1.5610E-01
  3.2800E-01  1.0941E+00  1.1515E-04  9.7203E-01  1.8646E-01  1.0086E+00 -1.8639E-01
  3.3600E-01  1.1208E+00  1.1448E-04  9.7067E-01  1.4476E-01  1.4109E+00 -1.4459E-01
  3.4400E-01  1.1475E+00  1.1370E-04  9.6977E-01  8.9836E-02  1.0215E+00 -8.9694E-02
  3.5200E-01  1.1742E+00  1.1411E-04  9.6895E-01  1.2977E-01  1.4613E+00 -1.2957E-01
  3.6000E-01  1.2008E+00  1.1454E-04  9.6767E-01  1.8175E-01  1.0510E+00 -1.8167E-01
  3.6800E-01  1.2275E+00  1.1417E-04  9.6623E-01  1.6581E-01  1.2268E+00 -1.6570E-01
  3.7600E-01  1.2542E+00  1.1326E-04  9.6516E-01  1.0214E-01  1.2959E+00 -1.0194E-01
  3.8400E-01  1.2809E+00  1.1322E-04  9.6441E-01  1.0453E-01  1.3352E+00 -1.0433E-01
  4.0000E-01  1.3343E+00  1.1375E-04  9.6189E-01  1.7833E-01  1.0600E+00 -1.7825E-01
