  3.0226E-08  0.0000E+00  1.8436E-04  9.9999E-01  5.0842E-03  1.0000E+00  1.6133E-07
  8.0000E-03  2.6685E-02  1.8436E-04  9.9999E-01  5.0842E-03  1.0000E+00  3.6812E-07
  1.6000E-02  5.3371E-02  1.8437E-04  9.9999E-01  5.0842E-03  1.0000E+00  5.7491E-07
  2.4000E-02  8.0056E-02  1.8438E-04  9.9999E-01  5.0842E-03  1.0000E+00  7.8171E-07
  3.2000E-02  1.0674E-01  1.8438E-04  9.9999E-01  5.0842E-03  1.0000E+00  9.8850E-07
  4.0000E-02  1.3343E-01  1.8439E-04  9.9999E-01  5.0842E-03  1.0000E+00  1.1953E-06
  4.8000E-02  1.6011E-01  1.8440E-04  9.9999E-01  5.0842E-03  1.0000E+00  1.4021E-06
  5.6000E-02  1.8680E-01  1.8441E-04  9.9999E-01  5.0842E-03  1.0000E+00  1.6089E-06
  6.4000E-02  2.1348E-01  1.8441E-04  9.9999E-01  5.0842E-03  1.0000E+00  1.8157E-06
  7.2000E-02  2.4017E-01  1.8442E-04  9.9999E-01  5.0842E-03  1.0000E+00  2.0225E-06
  8.0000E-02  2.6685E-01  1.8443E-04  9.9999E-01  5.0842E-03  1.0000E+00  2.2293E-06
  8.8000E-02  2.9354E-01  1.8443E-04  9.9999E-01  5.0842E-03  1.0000E+00  2.4360E-06
  9.6000E-02  3.2023E-01  1.8444E-04  9.9999E-01  5.0842E-03  1.0000E+00  2.6428E-06
  1.0400E-01  3.4691E-01  1.8445E-04  9.9999E-01  5.1079E-03  1.0007E+00  4.5112E-04
  1.1200E-01  3.7360E-01  1.8446E-04  1.0000E+00  5.4159E-03  1.0032E+00  1.8206E-03
  1.2000E-01  4.0028E-01  1.8448E-04  1.0000E+00  6.2348E-03  1.0092E+00  3.5418E-03
  1.2800E-01  4.2697E-01  1.8450E-04  1.0000E+00  6.3789E-03  1.0042E+00 -3.8237E-03
  1.3600E-01  4.5365E-01  1.8443E-04  9.9983E-01  5.7575E-02  1.4770E+00 -5.7084E-02
  1.4400E-01  4.8034E-01  1.8422E-04  9.9899E-01  1.5223E-01  1.4276E+00 -1.5206E-01
  1.5200E-01  5.0702E-01  1.8395E-04  9.9754E-01  1.9742E-01  1.0083E+00 -1.9735E-01
  1.6000E-01  5.3371E-01  1.8373E-04  9.9606E-01  1.6206E-01  1.4108E+00 -1.6191E-01
  1.6800E-01  5.6039E-01  1.8362E-04  9.9505E-01  9.6143E-02  1.1314E+00 -9.5972E-02
  1.7600E-01  5.8708E-01  1.8345E-04  9.9424E-01  1.2538E-01  1.4893E+00 -1.2516E-01
  1.8400E-01  6.1377E-01  1.8319E-04  9.9296E-01  1.8786E-01  1.1088E+00 -1.8777E-01
  1.9200E-01  6.4045E-01  1.8294E-04  9.9143E-01  1.8168E-01  1.1901E+00 -1.8158E-01
  2.0000E-01  6.6714E-01  1.8280E-04  9.9023E-01  1.1473E-01  1.4455E+00 -1.1449E-01
  2.0800E-01  6.9382E-01  1.8268E-04  9.8945E-01  1.0106E-01  1.2439E+00 -1.0086E-01
  2.1600E-01  7.2051E-01  1.8244E-04  9.8838E-01  1.6834E-01  1.3062E+00 -1.6821E-01
  2.2400E-01  7.4719E-01  1.8218E-04  9.8689E-01  1.9130E-01  1.0348E+00 -1.9122E-01
  2.3200E-01  7.7388E-01  1.8200E-04  9.8552E-01  1.4056E-01  1.4966E+00 -1.4036E-01
  2.4000E-01  8.0056E-01  1.8190E-04  9.8465E-01  9.0860E-02  9.9913E-01 -9.0722E-02
  2.4800E-01  8.2725E-01  1.8170E-04  9.8377E-01  1.4187E-01  1.4669E+00 -1.4168E-01
  2.5600E-01  8.5393E-01  1.8144E-04  9.8240E-01  1.8982E-01  1.0244E+00 -1.8975E-01
  2.6400E-01  8.8062E-01  1.8121E-04  9.8094E-01  1.6444E-01  1.3274E+00 -1.6430E-01
  2.7200E-01  9.0731E-01  1.8110E-04  9.7989E-01  9.8621E-02  1.2299E+00 -9.8431E-02
  2.8000E-01  9.3399E-01  1.8095E-04  9.7912E-01  1.1422E-01  1.4219E+00 -1.1400E-01
  2.8800E-01  9.6068E-01  1.8070E-04  9.7794E-01  1.7751E-01  1.1566E+00 -1.7742E-01
  2.9600E-01  9.8736E-01  1.8045E-04  9.7645E-01  1.8049E-01  1.1232E+00 -1.8040E-01
  3.0400E-01  1.0140E+00  1.8031E-04  9.7523E-01  1.1967E-01  1.4723E+00 -1.1945E-01
  3.1200E-01  1.0407E+00  1.8019E-04  9.7445E-01  9.4246E-02  1.1288E+00 -9.4080E-02
  3.2000E-01  1.0674E+00  1.7997E-04  9.7347E-01  1.5627E-01  1.3512E+00 -1.5612E-01
  3.2800E-01  1.0941E+00  1.7971E-04  9.7205E-01  1.8645E-01  1.0141E+00 -1.8638E-01
  3.3600E-01  1.1208E+00  1.7952E-04  9.7068E-01  1.4471E-01  1.4378E+00 -1.4454E-01
  3.4400E-01  1.1475E+00  1.7942E-04  9.6978E-01  8.9832E-02  1.0245E+00 -8.9690E-02
  3.5200E-01  1.1742E+00  1.7924E-04  9.6896E-01  1.2980E-01  1.4609E+00 -1.2960E-01
  3.6000E-01  1.2008E+00  1.7899E-04  9.6769E-01  1.8175E-01  1.0502E+00 -1.8168E-01
  3.6800E-01  1.2275E+00  1.7877E-04  9.6625E-01  1.6577E-01  1.2477E+00 -1.6566E-01
  3.7600E-01  1.2542E+00  1.7864E-04  9.6517E-01  1.0211E-01  1.3157E+00 -1.0191E-01
  3.8400E-01  1.2809E+00  1.7851E-04  9.6443E-01  1.0457E-01  1.3323E+00 -1.0436E-01
  4.0000E-01  1.3343E+00  1.7803E-04  9.6190E-01  1.7831E-01  1.0717E+00 -1.7823E-01
