  8.5491E-08  0.0000E+00  2.9830E-04  7.4994E-01  6.8105E-04  1.0000E+00  1.0337E-08
  3.0000E-03  1.0007E-02  2.9830E-04  7.4994E-01  6.8105E-04  1.0000E+00  1.4058E-08
  5.9979E-03  2.0007E-02  2.9830E-04  7.4994E-01  6.8105E-04  1.0000E+00  1.7777E-08
  8.9958E-03  3.0007E-02  2.9830E-04  7.4994E-01  6.8105E-04  1.0000E+00  2.1496E-08
  1.1994E-02  4.0007E-02  2.9830E-04  7.4994E-01  6.8105E-04  1.0000E+00  2.5216E-08
  1.4992E-02  5.0007E-02  2.9830E-04  7.4994E-01  6.8105E-04  1.0000E+00  2.8935E-08
  1.7990E-02  6.0007E-02  2.9831E-04  7.4994E-01  6.8105E-04  1.0000E+00  3.2654E-08
  2.0988E-02  7.0007E-02  2.9831E-04  7.4994E-01  6.8105E-04  1.0000E+00  3.6373E-08
  2.3985E-02  8.0007E-02  2.9831E-04  7.4994E-01  6.8105E-04  1.0000E+00  4.0092E-08
  2.6983E-02  9.0007E-02  2.9831E-04  7.4994E-01  6.8105E-04  1.0000E+00  4.3811E-08
  2.9981E-02  1.0001E-01  2.9831E-04  7.4994E-01  6.8105E-04  1.0000E+00  4.7530E-08
  3.2979E-02  1.1001E-01  2.9831E-04  7.4994E-01  6.8105E-04  1.0000E+00  5.1249E-08
  3.5977E-02  1.2001E-01  2.9831E-04  7.4994E-01  6.8105E-04  1.0000E+00  5.4968E-08
  3.8975E-02  1.3001E-01  2.9832E-04  7.4994E-01  6.8105E-04  1.0000E+00  5.8688E-08
  4.1973E-02  1.4001E-01  2.9832E-04  7.4994E-01  6.8105E-04  1.0000E+00  6.2407E-08
  4.4971E-02  1.5001E-01  2.9832E-04  7.4994E-01  6.8105E-04  1.0000E+00  6.6126E-08
  4.7969E-02  1.6001E-01  2.9832E-04  7.4994E-01  6.8105E-04  1.0000E+00  6.9845E-08
  5.0967E-02  1.7001E-01  2.9832E-04  7.4994E-01  6.8105E-04  1.0000E+00  7.3564E-08
  5.3965E-02  1.8001E-01  2.9832E-04  7.4994E-01  6.8105E-04  1.0000E+00  7.7283E-08
  5.6963E-02  1.9001E-01  2.9832E-04  7.4994E-01  6.8105E-04  1.0000E+00  8.1002E-08
  5.9961E-02  2.0001E-01  2.9833E-04  7.4994E-01  6.8105E-04  1.0000E+00  8.4721E-08
  6.2958E-02  2.1001E-01  2.9833E-04  7.4994E-01  6.8105E-04  1.0000E+00  8.8440E-08
  6.5956E-02  2.2001E-01  2.9833E-04  7.4994E-01  6.8105E-04  1.0000E+00  9.2159E-08
  6.8954E-02  2.3001E-01  2.9833E-04  7.4994E-01  6.8105E-04  1.0000E+00  9.5879E-08
  7.1952E-02  2.4001E-01  2.9833E-04  7.4994E-01  6.8105E-04  1.0000E+00  9.9598E-08
  7.4950E-02  2.5001E-01  2.9833E-04  7.4994E-01  6.8105E-04  1.0000E+00  1.0332E-07
  7.7948E-02  2.6001E-01  2.9833E-04  7.4994E-01  6.8105E-04  1.0000E+00  1.0704E-07
  8.0946E-02  2.7001E-01  2.9834E-04  7.4994E-01  6.8105E-04  1.0000E+00  1.1075E-07
  8.3944E-02  2.8001E-01  2.9834E-04  7.4994E-01  6.8105E-04  1.0000E+00  1.1447E-07
  8.6942E-02  2.9001E-01  2.9834E-04  7.4994E-01  6.8105E-04  1.0000E+00  1.1819E-07
  8.9940E-02  3.0001E-01  2.9834E-04  7.4994E-01  6.8105E-04  1.0000E+00  1.2191E-07
  9.2938E-02  3.1001E-01  2.9834E-04  7.4994E-01  6.8105E-04  1.0000E+00  1.2563E-07
  9.5936E-02  3.2001E-01  2.9834E-04  7.4994E-01  6.8105E-04  1.0000E+00  1.2935E-07
  9.8934E-02  3.3001E-01  2.9834E-04  7.4994E-01  6.8105E-04  1.0000E+00  1.3307E-07
  1.0193E-01  3.4001E-01  2.9834E-04  7.4994E-01  6.8105E-04  1.0000E+00  1.3679E-07
  1.0493E-01  3.5001E-01  2.9835E-04  7.4994E-01  6.8105E-04  1.0000E+00  1.4051E-07
  1.0793E-01  3.6001E-01  2.9835E-04  7.4994E-01  6.8105E-04  1.0000E+00  1.4423E-07
  1.1093E-01  3.7001E-01  2.9835E-04  7.4994E-01  6.8105E-04  1.0000E+00  1.4795E-07
  1.1392E-01  3.8001E-01  2.9835E-04  7.4994E-01  6.8105E-04  1.0000E+00  1.5167E-07
  1.1692E-01  3.9001E-01  2.9835E-04  7.4994E-01  6.8105E-04  1.0000E+00  1.5538E-07
  1.1992E-01  4.0001E-01  2.9835E-04  7.4994E-01  6.8105E-04  1.0000E+00  1.5910E-07
  1.2292E-01  4.1001E-01  2.9835E-04  7.4994E-01  6.8105E-04  1.0000E+00  1.6282E-07
  1.2591E-01  4.2001E-01  2.9836E-04  7.4994E-01  6.8105E-04  1.0000E+00  1.6654E-07
  1.2891E-01  4.3001E-01  2.9836E-04  7.4994E-01  6.8105E-04  1.0000E+00  1.7026E-07
  1.3191E-01  4.4001E-01  2.9836E-04  7.4994E-01  6.8105E-04  1.0000E+00  1.7398E-07
  1.3491E-01  4.5001E-01  2.9836E-04  7.4994E-01  6.8105E-04  1.0000E+00  1.7770E-07
  1.3791E-01  4.6001E-01  2.9836E-04  7.4994E-01  6.8105E-04  1.0000E+00  1.8142E-07
  1.4090E-01  4.7001E-01  2.9836E-04  7.4994E-01  6.8105E-04  1.0000E+00  1.8514E-07
  1.4390E-01  4.8001E-01  2.9836E-04  7.4994E-01  6.8105E-04  1.0000E+00  1.8886E-07
  1.4690E-01  4.9001E-01  2.9837E-04  7.4994E-01  6.8105E-04  1.0000E+00  1.9258E-07
  1.5000E-01  5.0035E-01  2.9837E-04  7.4994E-01  6.8105E-04  1.0000E+00  1.9642E-07
  1.5300E-01  5.1035E-01  2.9837E-04  7.4994E-01  6.8105E-04  1.0000E+00  2.0014E-07
  1.5600E-01  5.2035E-01  2.9837E-04  7.4994E-01  6.8105E-04  1.0000E+00  2.0386E-07
  1.5899E-01  5.3035E-01  2.9837E-04  7.4994E-01  6.8105E-04  1.0000E+00  2.0758E-07
  1.6199E-01  5.4035E-01  2.9837E-04  7.4994E-01  6.8105E-04  1.0000E+00  2.1130E-07
  1.6499E-01  5.5035E-01  2.9837E-04  7.4994E-01  6.8105E-04  1.0000E+00  2.1502E-07
  1.6799E-01  5.6035E-01  2.9838E-04  7.4994E-01  6.8105E-04  1.0000E+00  2.1873E-07
  1.7099E-01  5.7035E-01  2.9838E-04  7.4994E-01  6.8105E-04  1.0000E+00  2.2245E-07
  1.7398E-01  5.8035E-01  2.9838E-04  7.4994E-01  6.8105E-04  1.0000E+00  2.2617E-07
  1.7698E-01  5.9035E-01  2.9838E-04  7.4994E-01  6.8105E-04  1.0000E+00  2.2989E-07
  1.7998E-01  6.0035E-01  2.9838E-04  7.4994E-01  6.8105E-04  1.0000E+00  2.3361E-07
  1.8298E-01  6.1035E-01  2.9838E-04  7.4994E-01  6.8105E-04  1.0000E+00  2.3733E-07
  1.8598E-01  6.2035E-01  2.9838E-04  7.4994E-01  6.8105E-04  1.0000E+00  2.4105E-07
  1.8897E-01  6.3035E-01  2.9838E-04  7.4994E-01  6.8105E-04  1.0000E+00  2.4477E-07
  1.9197E-01  6.4035E-01  2.9839E-04  7.4994E-01  6.8105E-04  1.0000E+00  2.4849E-07
  1.9497E-01  6.5035E-01  2.9839E-04  7.4994E-01  6.8105E-04  1.0000E+00  2.5221E-07
  1.9797E-01  6.6035E-01  2.9839E-04  7.4994E-01  6.8105E-04  1.0000E+00  2.5593E-07
  2.0096E-01  6.7035E-01  2.9839E-04  7.4994E-01  6.8105E-04  1.0000E+00  2.5965E-07
  2.0396E-01  6.8035E-01  2.9839E-04  7.4994E-01  6.8105E-04  1.0000E+00  2.6337E-07
  2.0696E-01  6.9035E-01  2.9839E-04  7.4994E-01  6.8105E-04  1.0000E+00  2.6709E-07
  2.0996E-01  7.0035E-01  2.9839E-04  7.4994E-01  6.8105E-04  1.0000E+00  2.7081E-07
  2.1296E-01  7.1035E-01  2.9840E-04  7.4994E-01  6.8105E-04  1.0000E+00  2.7454E-07
  2.1595E-01  7.2035E-01  2.9840E-04  7.4994E-01  6.8105E-04  1.0000E+00  2.7826E-07
  2.1895E-01  7.3035E-01  2.9840E-04  7.4994E-01  6.8105E-04  1.0000E+00  2.8198E-07
  2.2195E-01  7.4035E-01  2.9840E-04  7.4994E-01  6.8105E-04  1.0000E+00  2.8570E-07
  2.2495E-01  7.5035E-01  2.9840E-04  7.4994E-01  6.8105E-04  1.0000E+00  2.8942E-07
  2.2795E-01  7.6035E-01  2.9840E-04  7.4994E-01  6.8105E-04  1.0000E+00  2.9314E-07
  2.3094E-01  7.7035E-01  2.9840E-04  7.4994E-01  6.8105E-04  1.0000E+00  2.9686E-07
  2.3394E-01  7.8035E-01  2.9841E-04  7.4994E-01  6.8105E-04  1.0000E+00  3.0059E-07
  2.3694E-01  7.9035E-01  2.9841E-04  7.4994E-01  6.8105E-04  1.0000E+00  3.0431E-07
  2.3994E-01  8.0035E-01  2.9841E-04  7.4994E-01  6.8105E-04  1.0000E+00  3.0803E-07
  2.4294E-01  8.1035E-01  2.9841E-04  7.4994E-01  6.8105E-04  1.0000E+00  3.1175E-07
  2.4593E-01  8.2035E-01  2.9841E-04  7.4994E-01  6.8105E-04  1.0000E+00  3.1547E-07
  2.4893E-01  8.3035E-01  2.9841E-04  7.4994E-01  6.8105E-04  1.0000E+00  3.1919E-07
  2.5193E-01  8.4035E-01  2.9841E-04  7.4994E-01  6.8105E-04  1.0000E+00  3.2292E-07
  2.5493E-01  8.5035E-01  2.9842E-04  7.4994E-01  6.8105E-04  1.0000E+00  3.2664E-07
  2.5793E-01  8.6035E-01  2.9842E-04  7.4994E-01  6.8105E-04  1.0000E+00  3.3036E-07
  2.6092E-01  8.7035E-01  2.9842E-04  7.4994E-01  6.8105E-04  1.0000E+00  3.3408E-07
  2.6392E-01  8.8035E-01  2.9842E-04  7.4994E-01  6.8105E-04  1.0000E+00  3.3780E-07
  2.6692E-01  8.9035E-01  2.9842E-04  7.4994E-01  6.8105E-04  1.0000E+00  3.4152E-07
  2.6992E-01  9.0035E-01  2.9842E-04  7.4994E-01  6.8105E-04  1.0000E+00  3.4525E-07
  2.7291E-01  9.1035E-01  2.9842E-04  7.4994E-01  6.8105E-04  1.0000E+00  3.4897E-07
  2.7591E-01  9.2035E-01  2.9842E-04  7.4994E-01  6.8105E-04  1.0000E+00  3.5269E-07
  2.7891E-01  9.3035E-01  2.9843E-04  7.4994E-01  6.8105E-04  1.0000E+00  3.5641E-07
  2.8191E-01  9.4035E-01  2.9843E-04  7.4994E-01  6.8105E-04  1.0000E+00  3.6013E-07
  2.8491E-01  9.5035E-01  2.9843E-04  7.4994E-01  6.8105E-04  1.0000E+00  3.6385E-07
  2.8790E-01  9.6035E-01  2.9843E-04  7.4994E-01  6.8105E-04  1.0000E+00  3.6758E-07
  2.9090E-01  9.7035E-01  2.9843E-04  7.4994E-01  6.8105E-04  1.0000E+00  3.7130E-07
  2.9390E-01  9.8035E-01  2.9843E-04  7.4994E-01  6.8105E-04  1.0000E+00  3.7502E-07
  2.9700E-01  9.9069E-01  2.9843E-04  7.4994E-01  6.8105E-04  1.0000E+00  3.7887E-07
  3.0000E-01  1.0007E+00  2.9844E-04  7.4994E-01  6.8105E-04  1.0000E+00  3.8259E-07
  3.0300E-01  1.0107E+00  2.9844E-04  7.4994E-01  6.8105E-04  1.0000E+00  3.8631E-07
  3.0599E-01  1.0207E+00  2.9844E-04  7.4994E-01  6.8105E-04  1.0000E+00  3.9003E-07
  3.0899E-01  1.0307E+00  2.9844E-04  7.4994E-01  6.8105E-04  1.0000E+00  3.9375E-07
  3.1199E-01  1.0407E+00  2.9844E-04  7.4994E-01  6.8105E-04  1.0000E+00  3.9747E-07
  3.1499E-01  1.0507E+00  2.9844E-04  7.4994E-01  6.8105E-04  1.0000E+00  4.0120E-07
  3.1799E-01  1.0607E+00  2.9844E-04  7.4994E-01  6.8105E-04  1.0000E+00  4.0492E-07
  3.2098E-01  1.0707E+00  2.9845E-04  7.4994E-01  6.8105E-04  1.0000E+00  4.0864E-07
  3.2398E-01  1.0807E+00  2.9845E-04  7.4994E-01  6.8105E-04  1.0000E+00  4.1236E-07
  3.2698E-01  1.0907E+00  2.9845E-04  7.4994E-01  6.8105E-04  1.0000E+00  4.1608E-07
  3.2998E-01  1.1007E+00  2.9845E-04  7.4994E-01  6.8105E-04  1.0000E+00  4.1980E-07
  3.3298E-01  1.1107E+00  2.9845E-04  7.4994E-01  6.8105E-04  1.0000E+00  4.2353E-07
  3.3597E-01  1.1207E+00  2.9845E-04  7.4994E-01  6.8105E-04  1.0000E+00  4.2725E-07
  3.3897E-01  1.1307E+00  2.9845E-04  7.4994E-01  6.8105E-04  1.0000E+00  4.3097E-07
  3.4197E-01  1.1407E+00  2.9845E-04  7.4994E-01  6.8105E-04  1.0000E+00  4.3469E-07
  3.4497E-01  1.1507E+00  2.9846E-04  7.4994E-01  6.8105E-04  1.0000E+00  4.3841E-07
  3.4796E-01  1.1607E+00  2.9846E-04  7.4994E-01  6.8105E-04  1.0000E+00  4.4213E-07
  3.5096E-01  1.1707E+00  2.9846E-04  7.4994E-01  6.8105E-04  1.0000E+00  4.4586E-07
  3.5396E-01  1.1807E+00  2.9846E-04  7.4994E-01  6.8105E-04  1.0000E+00  4.4958E-07
  3.5696E-01  1.1907E+00  2.9846E-04  7.4994E-01  6.8105E-04  1.0000E+00  4.5330E-07
  3.5996E-01  1.2007E+00  2.9846E-04  7.4994E-01  6.8105E-04  1.0000E+00  4.5702E-07
  3.6295E-01  1.2107E+00  2.9846E-04  7.4994E-01  6.8105E-04  1.0000E+00  4.6074E-07
  3.6595E-01  1.2207E+00  2.9847E-04  7.4994E-01  6.8105E-04  1.0000E+00  4.6446E-07
  3.6895E-01  1.2307E+00  2.9847E-04  7.4994E-01  6.8105E-04  1.0000E+00  4.6818E-07
  3.7195E-01  1.2407E+00  2.9847E-04  7.4994E-01  6.8105E-04  1.0000E+00  4.7191E-07
  3.7495E-01  1.2507E+00  2.9847E-04  7.4994E-01  6.8105E-04  1.0000E+00  4.7563E-07
  3.7794E-01  1.2607E+00  2.9847E-04  7.4994E-01  6.8105E-04  1.0000E+00  4.7935E-07
  3.8094E-01  1.2707E+00  2.9847E-04  7.4994E-01  6.8105E-04  1.0000E+00  4.8307E-07
  3.8394E-01  1.2807E+00  2.9847E-04  7.4994E-01  6.8105E-04  1.0000E+00  4.8679E-07
  3.8694E-01  1.2907E+00  2.9848E-04  7.4994E-01  6.8105E-04  1.0000E+00  4.9051E-07
  3.8994E-01  1.3007E+00  2.9848E-04  7.4994E-01  6.8105E-04  1.0000E+00  4.9424E-07
  3.9293E-01  1.3107E+00  2.9848E-04  7.4994E-01  6.8105E-04  1.0000E+00  4.9796E-07
  3.9593E-01  1.3207E+00  2.9848E-04  7.4994E-01  6.8105E-04  1.0000E+00  5.0168E-07
  3.9893E-01  1.3307E+00  2.9848E-04  7.4994E-01  6.8105E-04  1.0000E+00  5.0540E-07
  4.0193E-01  1.3407E+00  2.9848E-04  7.4994E-01  6.8105E-04  1.0000E+00  5.0912E-07
  4.0493E-01  1.3507E+00  2.9848E-04  7.4994E-01  6.8105E-04  1.0000E+00  5.1284E-07
  4.0792E-01  1.3607E+00  2.9849E-04  7.4994E-01  6.8105E-04  1.0000E+00  5.1657E-07
  4.1092E-01  1.3707E+00  2.9849E-04  7.4994E-01  6.8105E-04  1.0000E+00  5.2029E-07
  4.1392E-01  1.3807E+00  2.9849E-04  7.4994E-01  6.8105E-04  1.0000E+00  5.2401E-07
  4.1692E-01  1.3907E+00  2.9849E-04  7.4994E-01  6.8105E-04  1.0000E+00  5.2773E-07
  4.1991E-01  1.4007E+00  2.9849E-04  7.4994E-01  6.8105E-04  1.0000E+00  5.3145E-07
  4.2291E-01  1.4107E+00  2.9849E-04  7.4994E-01  6.8105E-04  1.0000E+00  5.3517E-07
  4.2591E-01  1.4207E+00  2.9849E-04  7.4994E-01  6.8105E-04  1.0000E+00  5.3890E-07
  4.2891E-01  1.4307E+00  2.9849E-04  7.4994E-01  6.8105E-04  1.0000E+00  5.4262E-07
  4.3191E-01  1.4407E+00  2.9850E-04  7.4994E-01  6.8105E-04  1.0000E+00  5.4634E-07
  4.3490E-01  1.4507E+00  2.9850E-04  7.4994E-01  6.8105E-04  1.0000E+00  5.5006E-07
  4.3790E-01  1.4607E+00  2.9850E-04  7.4994E-01  6.8105E-04  1.0000E+00  5.5378E-07
  4.4090E-01  1.4707E+00  2.9850E-04  7.4994E-01  6.8105E-04  1.0000E+00  5.5750E-07
  4.4400E-01  1.4810E+00  2.9850E-04  7.4994E-01  6.8105E-04  1.0000E+00  5.6135E-07
  4.4700E-01  1.4910E+00  2.9850E-04  7.4994E-01  6.8105E-04  1.0000E+00  5.6507E-07
  4.5000E-01  1.5010E+00  2.9850E-04  7.4994E-01  6.8105E-04  1.0000E+00  5.6879E-07
  4.5299E-01  1.5110E+00  2.9851E-04  7.4994E-01  6.8105E-04  1.0000E+00  5.7252E-07
  4.5599E-01  1.5210E+00  2.9851E-04  7.4994E-01  6.8105E-04  1.0000E+00  5.7624E-07
  4.5899E-01  1.5310E+00  2.9851E-04  7.4994E-01  6.8105E-04  1.0000E+00  5.7996E-07
  4.6199E-01  1.5410E+00  2.9851E-04  7.4994E-01  6.8105E-04  1.0000E+00  5.8368E-07
  4.6499E-01  1.5510E+00  2.9851E-04  7.4994E-01  6.8105E-04  1.0000E+00  5.8740E-07
  4.6798E-01  1.5610E+00  2.9851E-04  7.4994E-01  6.8105E-04  1.0000E+00  5.9112E-07
  4.7098E-01  1.5710E+00  2.9851E-04  7.4994E-01  6.8105E-04  1.0000E+00  5.9485E-07
  4.7398E-01  1.5810E+00  2.9852E-04  7.4994E-01  6.8105E-04  1.0000E+00  5.9857E-07
  4.7698E-01  1.5910E+00  2.9852E-04  7.4994E-01  6.8105E-04  1.0000E+00  6.0229E-07
  4.7998E-01  1.6010E+00  2.9852E-04  7.4994E-01  6.8105E-04  1.0000E+00  6.0601E-07
  4.8297E-01  1.6110E+00  2.9852E-04  7.4994E-01  6.8105E-04  1.0000E+00  6.0973E-07
  4.8597E-01  1.6210E+00  2.9852E-04  7.4994E-01  6.8105E-04  1.0000E+00  6.1345E-07
  4.8897E-01  1.6310E+00  2.9852E-04  7.4994E-01  6.8105E-04  1.0000E+00  6.1717E-07
  4.9197E-01  1.6410E+00  2.9852E-04  7.4994E-01  6.8105E-04  1.0000E+00  6.2090E-07
  4.9496E-01  1.6510E+00  2.9853E-04  7.4994E-01  6.8105E-04  1.0000E+00  6.2462E-07
  4.9796E-01  1.6610E+00  2.9853E-04  7.4994E-01  6.8105E-04  1.0000E+00  6.2834E-07
  5.0096E-01  1.6710E+00  2.9853E-04  7.4994E-01  6.8105E-04  1.0000E+00  6.3206E-07
  5.0396E-01  1.6810E+00  2.9853E-04  7.4994E-01  6.8105E-04  1.0000E+00  6.3578E-07
  5.0696E-01  1.6910E+00  2.9853E-04  7.4994E-01  6.8105E-04  1.0000E+00  6.3950E-07
  5.0995E-01  1.7010E+00  2.9853E-04  7.4994E-01  6.8105E-04  1.0000E+00  6.4323E-07
  5.1295E-01  1.7110E+00  2.9853E-04  7.4994E-01  6.8105E-04  1.0000E+00  6.4695E-07
  5.1595E-01  1.7210E+00  2.9853E-04  7.4994E-01  6.8105E-04  1.0000E+00  6.5067E-07
  5.1895E-01  1.7310E+00  2.9854E-04  7.4994E-01  6.8105E-04  1.0000E+00  6.5439E-07
  5.2195E-01  1.7410E+00  2.9854E-04  7.4994E-01  6.8105E-04  1.0000E+00  6.5811E-07
  5.2494E-01  1.7510E+00  2.9854E-04  7.4994E-01  6.8105E-04  1.0000E+00  6.6183E-07
  5.2794E-01  1.7610E+00  2.9854E-04  7.4994E-01  6.8105E-04  1.0000E+00  6.6555E-07
  5.3094E-01  1.7710E+00  2.9854E-04  7.4994E-01  6.8105E-04  1.0000E+00  6.6928E-07
  5.3394E-01  1.7810E+00  2.9854E-04  7.4994E-01  6.8105E-04  1.0000E+00  6.7300E-07
  5.3694E-01  1.7910E+00  2.9854E-04  7.4994E-01  6.8105E-04  1.0000E+00  6.7672E-07
  5.3993E-01  1.8010E+00  2.9855E-04  7.4994E-01  6.8105E-04  1.0000E+00  6.8044E-07
  5.4293E-01  1.8110E+00  2.9855E-04  7.4994E-01  6.8105E-04  1.0000E+00  6.8416E-07
  5.4593E-01  1.8210E+00  2.9855E-04  7.4994E-01  6.8105E-04  1.0000E+00  6.8788E-07
  5.4893E-01  1.8310E+00  2.9855E-04  7.4994E-01  6.8105E-04  1.0000E+00  6.9161E-07
  5.5193E-01  1.8410E+00  2.9855E-04  7.4994E-01  6.8105E-04  1.0000E+00  6.9533E-07
  5.5492E-01  1.8510E+00  2.9855E-04  7.4994E-01  6.8105E-04  1.0000E+00  6.9905E-07
  5.5792E-01  1.8610E+00  2.9855E-04  7.4994E-01  6.8105E-04  1.0000E+00  7.0277E-07
  5.6092E-01  1.8710E+00  2.9856E-04  7.4994E-01  6.8105E-04  1.0000E+00  7.0649E-07
  5.6392E-01  1.8810E+00  2.9856E-04  7.4994E-01  6.8106E-04  1.0000E+00  7.1021E-07
  5.6691E-01  1.8910E+00  2.9856E-04  7.4994E-01  6.8106E-04  1.0000E+00  7.1394E-07
  5.6991E-01  1.9010E+00  2.9856E-04  7.4994E-01  6.8106E-04  1.0000E+00  7.1766E-07
  5.7291E-01  1.9110E+00  2.9856E-04  7.4994E-01  6.8106E-04  1.0000E+00  7.2138E-07
  5.7591E-01  1.9210E+00  2.9856E-04  7.4994E-01  6.8106E-04  1.0000E+00  7.2510E-07
  5.7891E-01  1.9310E+00  2.9856E-04  7.4994E-01  6.8106E-04  1.0000E+00  7.2882E-07
  5.8190E-01  1.9410E+00  2.9857E-04  7.4994E-01  6.8106E-04  1.0000E+00  7.3254E-07
  5.8490E-01  1.9510E+00  2.9857E-04  7.4994E-01  6.8106E-04  1.0000E+00  7.3626E-07
  5.8790E-01  1.9610E+00  2.9857E-04  7.4994E-01  6.8106E-04  1.0000E+00  7.3999E-07
  5.9100E-01  1.9714E+00  2.9857E-04  7.4994E-01  6.8106E-04  1.0000E+00  7.4383E-07
  5.9400E-01  1.9814E+00  2.9857E-04  7.4994E-01  6.8106E-04  1.0000E+00  7.4756E-07
  5.9700E-01  1.9914E+00  2.9857E-04  7.4994E-01  6.8106E-04  1.0000E+00  7.5128E-07
  5.9999E-01  2.0014E+00  2.9857E-04  7.4994E-01  6.8107E-04  1.0000E+00  7.5079E-07
  6.0299E-01  2.0114E+00  2.9857E-04  7.4994E-01  6.8207E-04  1.0015E+00  1.5797E-07
  6.0599E-01  2.0214E+00  2.9858E-04  7.4994E-01  6.8207E-04  1.0015E+00  1.6134E-07
  6.0899E-01  2.0314E+00  2.9858E-04  7.4994E-01  6.8207E-04  1.0015E+00  1.6473E-07
  6.1199E-01  2.0414E+00  2.9858E-04  7.4994E-01  6.8207E-04  1.0015E+00  1.6823E-07
  6.1498E-01  2.0514E+00  2.9858E-04  7.4994E-01  6.8207E-04  1.0015E+00  1.7162E-07
  6.1798E-01  2.0614E+00  2.9858E-04  7.4994E-01  6.8207E-04  1.0015E+00  1.7493E-07
  6.2098E-01  2.0714E+00  2.9858E-04  7.4994E-01  6.8207E-04  1.0015E+00  1.7835E-07
  6.2398E-01  2.0814E+00  2.9858E-04  7.4994E-01  6.8208E-04  1.0015E+00  1.8178E-07
  6.2698E-01  2.0914E+00  2.9859E-04  7.4994E-01  6.8208E-04  1.0015E+00  1.8508E-07
  6.2997E-01  2.1014E+00  2.9859E-04  7.4994E-01  6.8208E-04  1.0015E+00  1.8840E-07
  6.3297E-01  2.1114E+00  2.9859E-04  7.4994E-01  6.8208E-04  1.0015E+00  1.9181E-07
  6.3597E-01  2.1214E+00  2.9859E-04  7.4994E-01  6.8208E-04  1.0015E+00  1.9511E-07
  6.3897E-01  2.1314E+00  2.9859E-04  7.4994E-01  6.8208E-04  1.0015E+00  1.9830E-07
  6.4196E-01  2.1414E+00  2.9859E-04  7.4994E-01  6.8209E-04  1.0015E+00  2.0164E-07
  6.4496E-01  2.1514E+00  2.9859E-04  7.4994E-01  6.8209E-04  1.0015E+00  2.0498E-07
  6.4796E-01  2.1614E+00  2.9860E-04  7.4994E-01  6.8209E-04  1.0015E+00  2.0812E-07
  6.5096E-01  2.1714E+00  2.9860E-04  7.4994E-01  6.8209E-04  1.0015E+00  2.1134E-07
  6.5396E-01  2.1814E+00  2.9860E-04  7.4994E-01  6.8209E-04  1.0015E+00  2.1467E-07
  6.5695E-01  2.1914E+00  2.9860E-04  7.4994E-01  6.8209E-04  1.0015E+00  2.1787E-07
  6.5995E-01  2.2014E+00  2.9860E-04  7.4994E-01  6.8210E-04  1.0015E+00  2.2096E-07
  6.6295E-01  2.2114E+00  2.9860E-04  7.4994E-01  6.8210E-04  1.0015E+00  2.2422E-07
  6.6595E-01  2.2214E+00  2.9860E-04  7.4994E-01  6.8210E-04  1.0015E+00  2.2745E-07
  6.6895E-01  2.2314E+00  2.9861E-04  7.4994E-01  6.8210E-04  1.0015E+00  2.3047E-07
  6.7194E-01  2.2414E+00  2.9861E-04  7.4994E-01  6.8211E-04  1.0016E+00  2.3356E-07
  6.7494E-01  2.2514E+00  2.9861E-04  7.4994E-01  6.8211E-04  1.0016E+00  2.3678E-07
  6.7794E-01  2.2614E+00  2.9861E-04  7.4994E-01  6.8211E-04  1.0016E+00  2.3981E-07
  6.8094E-01  2.2714E+00  2.9861E-04  7.4994E-01  6.8211E-04  1.0016E+00  2.4276E-07
  6.8394E-01  2.2814E+00  2.9861E-04  7.4994E-01  6.8211E-04  1.0016E+00  2.4591E-07
  6.8693E-01  2.2914E+00  2.9861E-04  7.4994E-01  6.8212E-04  1.0016E+00  2.4893E-07
  6.8993E-01  2.3014E+00  2.9862E-04  7.4994E-01  6.8212E-04  1.0016E+00  2.5170E-07
  6.9293E-01  2.3114E+00  2.9862E-04  7.4994E-01  6.8212E-04  1.0016E+00  2.5464E-07
  6.9593E-01  2.3214E+00  2.9862E-04  7.4994E-01  6.8213E-04  1.0016E+00  2.5770E-07
  6.9893E-01  2.3314E+00  2.9862E-04  7.4994E-01  6.8213E-04  1.0016E+00  2.6044E-07
  7.0192E-01  2.3414E+00  2.9862E-04  7.4994E-01  6.8213E-04  1.0016E+00  2.6318E-07
  7.0492E-01  2.3514E+00  2.9862E-04  7.4994E-01  6.8214E-04  1.0016E+00  2.6619E-07
  7.0792E-01  2.3614E+00  2.9862E-04  7.4994E-01  6.8214E-04  1.0016E+00  2.6901E-07
  7.1092E-01  2.3714E+00  2.9862E-04  7.4994E-01  6.8214E-04  1.0016E+00  2.7158E-07
  7.1391E-01  2.3814E+00  2.9863E-04  7.4994E-01  6.8215E-04  1.0016E+00  2.7439E-07
  7.1691E-01  2.3914E+00  2.9863E-04  7.4994E-01  6.8215E-04  1.0016E+00  2.7725E-07
  7.1991E-01  2.4014E+00  2.9863E-04  7.4994E-01  6.8215E-04  1.0016E+00  2.7971E-07
  7.2291E-01  2.4114E+00  2.9863E-04  7.4994E-01  6.8216E-04  1.0016E+00  2.8227E-07
  7.2591E-01  2.4214E+00  2.9863E-04  7.4994E-01  6.8216E-04  1.0016E+00  2.8505E-07
  7.2890E-01  2.4314E+00  2.9863E-04  7.4994E-01  6.8217E-04  1.0016E+00  2.8749E-07
  7.3190E-01  2.4414E+00  2.9863E-04  7.4994E-01  6.8217E-04  1.0016E+00  2.8974E-07
  7.3490E-01  2.4514E+00  2.9864E-04  7.4994E-01  6.8218E-04  1.0017E+00  2.9237E-07
  7.3800E-01  2.4617E+00  2.9864E-04  7.4994E-01  6.8218E-04  1.0017E+00  2.9483E-07
  7.4100E-01  2.4717E+00  2.9864E-04  7.4994E-01  6.8219E-04  1.0017E+00  2.9681E-07
  7.4400E-01  2.4817E+00  2.9864E-04  7.4994E-01  6.8219E-04  1.0017E+00  2.9916E-07
  7.4699E-01  2.4917E+00  2.9864E-04  7.4994E-01  6.8220E-04  1.0017E+00  3.0157E-07
  7.4999E-01  2.5017E+00  2.9864E-04  7.4994E-01  6.8220E-04  1.0017E+00  3.0341E-07
  7.5299E-01  2.5117E+00  2.9864E-04  7.4994E-01  6.8221E-04  1.0017E+00  3.0538E-07
  7.5599E-01  2.5217E+00  2.9865E-04  7.4994E-01  6.8221E-04  1.0017E+00  3.0770E-07
  7.5899E-01  2.5317E+00  2.9865E-04  7.4994E-01  6.8222E-04  1.0017E+00  3.0951E-07
  7.6198E-01  2.5417E+00  2.9865E-04  7.4994E-01  6.8223E-04  1.0017E+00  3.1109E-07
  7.6498E-01  2.5517E+00  2.9865E-04  7.4994E-01  6.8223E-04  1.0017E+00  3.1319E-07
  7.6798E-01  2.5617E+00  2.9865E-04  7.4994E-01  6.8224E-04  1.0017E+00  3.1499E-07
  7.7098E-01  2.5717E+00  2.9865E-04  7.4994E-01  6.8225E-04  1.0018E+00  3.1631E-07
  7.7398E-01  2.5817E+00  2.9865E-04  7.4994E-01  6.8225E-04  1.0018E+00  3.1801E-07
  7.7697E-01  2.5917E+00  2.9865E-04  7.4994E-01  6.8226E-04  1.0018E+00  3.1976E-07
  7.7997E-01  2.6017E+00  2.9866E-04  7.4994E-01  6.8227E-04  1.0018E+00  3.2075E-07
  7.8297E-01  2.6117E+00  2.9866E-04  7.4994E-01  6.8228E-04  1.0018E+00  3.2192E-07
  7.8597E-01  2.6217E+00  2.9866E-04  7.4994E-01  6.8229E-04  1.0018E+00  3.2343E-07
  7.8896E-01  2.6317E+00  2.9866E-04  7.4994E-01  6.8230E-04  1.0018E+00  3.2424E-07
  7.9196E-01  2.6417E+00  2.9866E-04  7.4994E-01  6.8231E-04  1.0018E+00  3.2484E-07
  7.9496E-01  2.6517E+00  2.9866E-04  7.4994E-01  6.8232E-04  1.0019E+00  3.2605E-07
  7.9796E-01  2.6617E+00  2.9866E-04  7.4994E-01  6.8232E-04  1.0019E+00  3.2663E-07
  8.0096E-01  2.6717E+00  2.9867E-04  7.4994E-01  6.8234E-04  1.0019E+00  3.2667E-07
  8.0395E-01  2.6817E+00  2.9867E-04  7.4994E-01  6.8235E-04  1.0019E+00  3.2735E-07
  8.0695E-01  2.6917E+00  2.9867E-04  7.4994E-01  6.8236E-04  1.0019E+00  3.2783E-07
  8.0995E-01  2.7017E+00  2.9867E-04  7.4994E-01  6.8237E-04  1.0019E+00  3.2739E-07
  8.1295E-01  2.7117E+00  2.9867E-04  7.4994E-01  6.8238E-04  1.0020E+00  3.2744E-07
  8.1595E-01  2.7217E+00  2.9867E-04  7.4994E-01  6.8240E-04  1.0020E+00  3.2772E-07
  8.1894E-01  2.7317E+00  2.9867E-04  7.4994E-01  6.8241E-04  1.0020E+00  3.2680E-07
  8.2194E-01  2.7417E+00  2.9867E-04  7.4994E-01  6.8242E-04  1.0020E+00  3.2606E-07
  8.2494E-01  2.7517E+00  2.9868E-04  7.4994E-01  6.8244E-04  1.0020E+00  3.2586E-07
  8.2794E-01  2.7617E+00  2.9868E-04  7.4994E-01  6.8245E-04  1.0021E+00  3.2453E-07
  8.3094E-01  2.7717E+00  2.9868E-04  7.4994E-01  6.8247E-04  1.0021E+00  3.2280E-07
  8.3393E-01  2.7817E+00  2.9868E-04  7.4994E-01  6.8249E-04  1.0021E+00  3.2195E-07
  8.3693E-01  2.7917E+00  2.9868E-04  7.4994E-01  6.8250E-04  1.0021E+00  3.2010E-07
  8.3993E-01  2.8017E+00  2.9868E-04  7.4994E-01  6.8252E-04  1.0022E+00  3.1732E-07
  8.4293E-01  2.8117E+00  2.9868E-04  7.4994E-01  6.8254E-04  1.0022E+00  3.1556E-07
  8.4593E-01  2.8217E+00  2.9868E-04  7.4994E-01  6.8256E-04  1.0022E+00  3.1313E-07
  8.4892E-01  2.8317E+00  2.9869E-04  7.4994E-01  6.8258E-04  1.0023E+00  3.0930E-07
  8.5192E-01  2.8417E+00  2.9869E-04  7.4994E-01  6.8261E-04  1.0023E+00  3.0625E-07
  8.5492E-01  2.8517E+00  2.9869E-04  7.4994E-01  6.8262E-04  1.0023E+00  3.0336E-07
  8.5792E-01  2.8617E+00  2.9869E-04  7.4994E-01  6.8265E-04  1.0024E+00  2.9858E-07
  8.6091E-01  2.8717E+00  2.9869E-04  7.4994E-01  6.8268E-04  1.0024E+00  2.9434E-07
  8.6391E-01  2.8817E+00  2.9869E-04  7.4994E-01  6.8270E-04  1.0024E+00  2.9053E-07
  8.6691E-01  2.8917E+00  2.9869E-04  7.4994E-01  6.8273E-04  1.0025E+00  2.8456E-07
  8.6991E-01  2.9017E+00  2.9869E-04  7.4994E-01  6.8276E-04  1.0025E+00  2.7868E-07
  8.7291E-01  2.9117E+00  2.9870E-04  7.4994E-01  6.8278E-04  1.0025E+00  2.7362E-07
  8.7590E-01  2.9217E+00  2.9870E-04  7.4994E-01  6.8281E-04  1.0026E+00  2.6647E-07
  8.7890E-01  2.9317E+00  2.9870E-04  7.4994E-01  6.8285E-04  1.0026E+00  2.5859E-07
  8.8190E-01  2.9417E+00  2.9870E-04  7.4994E-01  6.8288E-04  1.0027E+00  2.5192E-07
  8.8500E-01  2.9520E+00  2.9870E-04  7.4994E-01  6.8292E-04  1.0027E+00  2.4264E-07
  8.8800E-01  2.9620E+00  2.9870E-04  7.4994E-01  6.8296E-04  1.0028E+00  2.3225E-07
  8.9100E-01  2.9720E+00  2.9870E-04  7.4994E-01  6.8300E-04  1.0029E+00  2.2351E-07
  8.9399E-01  2.9820E+00  2.9870E-04  7.4994E-01  6.8304E-04  1.0029E+00  2.1272E-07
  8.9699E-01  2.9920E+00  2.9871E-04  7.4994E-01  6.8309E-04  1.0030E+00  1.9975E-07
  8.9999E-01  3.0020E+00  2.9871E-04  7.4994E-01  6.8314E-04  1.0031E+00  1.8859E-07
  9.0299E-01  3.0120E+00  2.9871E-04  7.4994E-01  6.8318E-04  1.0031E+00  1.7597E-07
  9.0599E-01  3.0220E+00  2.9871E-04  7.4994E-01  6.8324E-04  1.0032E+00  1.6032E-07
  9.0898E-01  3.0320E+00  2.9871E-04  7.4994E-01  6.8329E-04  1.0033E+00  1.4641E-07
  9.1198E-01  3.0420E+00  2.9871E-04  7.4994E-01  6.8334E-04  1.0034E+00  1.3182E-07
  9.1498E-01  3.0520E+00  2.9871E-04  7.4994E-01  6.8340E-04  1.0035E+00  1.1352E-07
  9.1798E-01  3.0620E+00  2.9871E-04  7.4994E-01  6.8346E-04  1.0035E+00  9.6515E-08
  9.2098E-01  3.0720E+00  2.9871E-04  7.4995E-01  6.8351E-04  1.0036E+00  7.9088E-08
  9.2397E-01  3.0820E+00  2.9872E-04  7.4995E-01  6.8358E-04  1.0037E+00  5.7132E-08
  9.2697E-01  3.0920E+00  2.9872E-04  7.4995E-01  6.8366E-04  1.0038E+00  3.5003E-08
  9.2997E-01  3.1020E+00  2.9872E-04  7.4995E-01  6.8374E-04  1.0039E+00  9.2199E-09
  9.3297E-01  3.1120E+00  2.9872E-04  7.4995E-01  6.8385E-04  1.0041E+00 -2.5508E-08
  9.3596E-01  3.1220E+00  2.9872E-04  7.4995E-01  6.8397E-04  1.0043E+00 -5.8671E-08
  9.3896E-01  3.1320E+00  2.9872E-04  7.4995E-01  6.8406E-04  1.0044E+00 -8.7812E-08
  9.4196E-01  3.1420E+00  2.9872E-04  7.4995E-01  6.8416E-04  1.0046E+00 -1.2123E-07
  9.4496E-01  3.1520E+00  2.9872E-04  7.4995E-01  6.8427E-04  1.0047E+00 -1.5402E-07
  9.4796E-01  3.1620E+00  2.9872E-04  7.4995E-01  6.8435E-04  1.0049E+00 -1.8365E-07
  9.5095E-01  3.1720E+00  2.9872E-04  7.4995E-01  6.8444E-04  1.0050E+00 -2.1706E-07
  9.5395E-01  3.1820E+00  2.9873E-04  7.4995E-01  6.8453E-04  1.0051E+00 -2.5284E-07
  9.5695E-01  3.1920E+00  2.9873E-04  7.4995E-01  6.8463E-04  1.0053E+00 -2.9373E-07
  9.5995E-01  3.2020E+00  2.9873E-04  7.4995E-01  6.8479E-04  1.0055E+00 -3.4816E-07
  9.6295E-01  3.2120E+00  2.9873E-04  7.4995E-01  6.8496E-04  1.0058E+00 -4.0423E-07
  9.6594E-01  3.2220E+00  2.9873E-04  7.4995E-01  6.8510E-04  1.0060E+00 -4.5279E-07
  9.6894E-01  3.2320E+00  2.9873E-04  7.4995E-01  6.8523E-04  1.0061E+00 -5.0358E-07
  9.7194E-01  3.2420E+00  2.9873E-04  7.4995E-01  6.8536E-04  1.0063E+00 -5.5738E-07
  9.7494E-01  3.2520E+00  2.9873E-04  7.4995E-01  6.8549E-04  1.0065E+00 -6.1733E-07
  9.7794E-01  3.2620E+00  2.9873E-04  7.4995E-01  6.8570E-04  1.0068E+00 -6.9774E-07
  9.8093E-01  3.2720E+00  2.9873E-04  7.4995E-01  6.8596E-04  1.0072E+00 -7.8345E-07
  9.8393E-01  3.2820E+00  2.9873E-04  7.4995E-01  6.8622E-04  1.0076E+00 -8.7392E-07
  9.8693E-01  3.2920E+00  2.9874E-04  7.4995E-01  6.8656E-04  1.0081E+00 -9.8655E-07
  9.8993E-01  3.3020E+00  2.9874E-04  7.4995E-01  6.8696E-04  1.0087E+00 -1.1050E-06
  9.9293E-01  3.3120E+00  2.9874E-04  7.4995E-01  6.8726E-04  1.0091E+00 -1.2039E-06
  9.9592E-01  3.3220E+00  2.9874E-04  7.4995E-01  6.8748E-04  1.0094E+00 -1.3002E-06
  9.9892E-01  3.3320E+00  2.9874E-04  7.4995E-01  6.8770E-04  1.0098E+00 -1.4033E-06
  1.0019E+00  3.3420E+00  2.9874E-04  7.4995E-01  6.8796E-04  1.0102E+00 -1.5230E-06
  1.0049E+00  3.3520E+00  2.9874E-04  7.4995E-01  6.8837E-04  1.0108E+00 -1.6774E-06
  1.0079E+00  3.3620E+00  2.9874E-04  7.4995E-01  6.8887E-04  1.0115E+00 -1.8408E-06
  1.0109E+00  3.3720E+00  2.9874E-04  7.4995E-01  6.8926E-04  1.0121E+00 -1.9902E-06
  1.0139E+00  3.3820E+00  2.9874E-04  7.4995E-01  6.8960E-04  1.0126E+00 -2.1464E-06
  1.0169E+00  3.3920E+00  2.9874E-04  7.4995E-01  6.8996E-04  1.0131E+00 -2.3132E-06
  1.0199E+00  3.4020E+00  2.9874E-04  7.4995E-01  6.9034E-04  1.0136E+00 -2.4978E-06
  1.0229E+00  3.4120E+00  2.9874E-04  7.4995E-01  6.9088E-04  1.0144E+00 -2.7217E-06
  1.0259E+00  3.4220E+00  2.9875E-04  7.4995E-01  6.9151E-04  1.0154E+00 -2.9571E-06
  1.0289E+00  3.4320E+00  2.9875E-04  7.4995E-01  6.9206E-04  1.0162E+00 -3.1950E-06
  1.0320E+00  3.4424E+00  2.9875E-04  7.4995E-01  6.9270E-04  1.0171E+00 -3.4709E-06
  1.0350E+00  3.4524E+00  2.9875E-04  7.4995E-01  6.9336E-04  1.0181E+00 -3.7507E-06
  1.0380E+00  3.4624E+00  2.9875E-04  7.4995E-01  6.9395E-04  1.0189E+00 -4.0395E-06
  1.0410E+00  3.4724E+00  2.9875E-04  7.4995E-01  6.9462E-04  1.0199E+00 -4.3630E-06
  1.0440E+00  3.4824E+00  2.9875E-04  7.4995E-01  6.9536E-04  1.0210E+00 -4.7094E-06
  1.0470E+00  3.4924E+00  2.9875E-04  7.4995E-01  6.9615E-04  1.0222E+00 -5.0931E-06
  1.0500E+00  3.5024E+00  2.9875E-04  7.4995E-01  6.9722E-04  1.0237E+00 -5.5354E-06
  1.0530E+00  3.5124E+00  2.9875E-04  7.4995E-01  6.9835E-04  1.0254E+00 -5.9915E-06
  1.0560E+00  3.5224E+00  2.9875E-04  7.4995E-01  6.9929E-04  1.0268E+00 -6.4598E-06
  1.0590E+00  3.5324E+00  2.9875E-04  7.4995E-01  7.0030E-04  1.0282E+00 -6.9725E-06
  1.0620E+00  3.5424E+00  2.9875E-04  7.4995E-01  7.0132E-04  1.0297E+00 -7.5123E-06
  1.0650E+00  3.5524E+00  2.9875E-04  7.4995E-01  7.0232E-04  1.0312E+00 -8.0989E-06
  1.0680E+00  3.5624E+00  2.9875E-04  7.4995E-01  7.0357E-04  1.0330E+00 -8.7511E-06
  1.0710E+00  3.5724E+00  2.9875E-04  7.4995E-01  7.0480E-04  1.0348E+00 -9.4356E-06
  1.0740E+00  3.5824E+00  2.9875E-04  7.4995E-01  7.0599E-04  1.0365E+00 -1.0176E-05
  1.0770E+00  3.5924E+00  2.9875E-04  7.4995E-01  7.0741E-04  1.0386E+00 -1.0988E-05
  1.0800E+00  3.6024E+00  2.9875E-04  7.4996E-01  7.0875E-04  1.0405E+00 -1.1842E-05
  1.0830E+00  3.6124E+00  2.9875E-04  7.4996E-01  7.1009E-04  1.0425E+00 -1.2770E-05
  1.0860E+00  3.6224E+00  2.9875E-04  7.4996E-01  7.1163E-04  1.0447E+00 -1.3779E-05
  1.0890E+00  3.6324E+00  2.9874E-04  7.4996E-01  7.1303E-04  1.0468E+00 -1.4841E-05
  1.0920E+00  3.6424E+00  2.9874E-04  7.4996E-01  7.1444E-04  1.0488E+00 -1.5995E-05
  1.0950E+00  3.6524E+00  2.9874E-04  7.4996E-01  7.1598E-04  1.0510E+00 -1.7239E-05
  1.0980E+00  3.6624E+00  2.9874E-04  7.4996E-01  7.1734E-04  1.0530E+00 -1.8557E-05
  1.1010E+00  3.6724E+00  2.9874E-04  7.4996E-01  7.1874E-04  1.0550E+00 -1.9987E-05
  1.1040E+00  3.6824E+00  2.9874E-04  7.4996E-01  7.2021E-04  1.0571E+00 -2.1518E-05
  1.1069E+00  3.6924E+00  2.9873E-04  7.4996E-01  7.2149E-04  1.0589E+00 -2.3149E-05
  1.1099E+00  3.7024E+00  2.9873E-04  7.4996E-01  7.2280E-04  1.0607E+00 -2.4909E-05
  1.1129E+00  3.7124E+00  2.9873E-04  7.4996E-01  7.2413E-04  1.0626E+00 -2.6793E-05
  1.1159E+00  3.7224E+00  2.9872E-04  7.4996E-01  7.2537E-04  1.0643E+00 -2.8811E-05
  1.1189E+00  3.7324E+00  2.9872E-04  7.4996E-01  7.2674E-04  1.0662E+00 -3.0980E-05
  1.1219E+00  3.7424E+00  2.9871E-04  7.4996E-01  7.2775E-04  1.0675E+00 -3.3249E-05
  1.1249E+00  3.7524E+00  2.9871E-04  7.4996E-01  7.2765E-04  1.0672E+00 -3.5584E-05
  1.1279E+00  3.7624E+00  2.9870E-04  7.4997E-01  7.2683E-04  1.0658E+00 -3.8055E-05
  1.1309E+00  3.7724E+00  2.9870E-04  7.4997E-01  7.2638E-04  1.0649E+00 -4.0750E-05
  1.1339E+00  3.7824E+00  2.9869E-04  7.4997E-01  7.2684E-04  1.0653E+00 -4.3689E-05
  1.1369E+00  3.7924E+00  2.9868E-04  7.4997E-01  7.2774E-04  1.0664E+00 -4.6820E-05
  1.1399E+00  3.8024E+00  2.9868E-04  7.4997E-01  7.2822E-04  1.0668E+00 -5.0086E-05
  1.1429E+00  3.8124E+00  2.9867E-04  7.4997E-01  7.2798E-04  1.0661E+00 -5.3490E-05
  1.1459E+00  3.8224E+00  2.9866E-04  7.4997E-01  7.2740E-04  1.0648E+00 -5.7074E-05
  1.1489E+00  3.8324E+00  2.9865E-04  7.4997E-01  7.2659E-04  1.0632E+00 -6.0829E-05
  1.1519E+00  3.8424E+00  2.9864E-04  7.4997E-01  7.2535E-04  1.0608E+00 -6.4747E-05
  1.1549E+00  3.8524E+00  2.9863E-04  7.4997E-01  7.2379E-04  1.0580E+00 -6.8833E-05
  1.1579E+00  3.8624E+00  2.9861E-04  7.4998E-01  7.2155E-04  1.0541E+00 -7.3035E-05
  1.1609E+00  3.8724E+00  2.9860E-04  7.4998E-01  7.1850E-04  1.0489E+00 -7.7369E-05
  1.1639E+00  3.8824E+00  2.9859E-04  7.4998E-01  7.1579E-04  1.0442E+00 -8.1929E-05
  1.1669E+00  3.8924E+00  2.9857E-04  7.4998E-01  7.1350E-04  1.0399E+00 -8.6670E-05
  1.1699E+00  3.9024E+00  2.9855E-04  7.4998E-01  7.1127E-04  1.0357E+00 -9.1575E-05
  1.1729E+00  3.9124E+00  2.9854E-04  7.4998E-01  7.0954E-04  1.0322E+00 -9.6674E-05
  1.1759E+00  3.9224E+00  2.9852E-04  7.4998E-01  7.0792E-04  1.0287E+00 -1.0190E-04
  1.1790E+00  3.9327E+00  2.9850E-04  7.4998E-01  7.0630E-04  1.0251E+00 -1.0743E-04
  1.1820E+00  3.9427E+00  2.9848E-04  7.4998E-01  7.0468E-04  1.0214E+00 -1.1286E-04
  1.1850E+00  3.9527E+00  2.9846E-04  7.4998E-01  7.0271E-04  1.0171E+00 -1.1832E-04
  1.1880E+00  3.9627E+00  2.9844E-04  7.4999E-01  7.0111E-04  1.0133E+00 -1.2392E-04
  1.1910E+00  3.9727E+00  2.9841E-04  7.4999E-01  6.9997E-04  1.0101E+00 -1.2960E-04
  1.1940E+00  3.9827E+00  2.9839E-04  7.4999E-01  6.9902E-04  1.0070E+00 -1.3534E-04
  1.1970E+00  3.9927E+00  2.9837E-04  7.4999E-01  6.9854E-04  1.0046E+00 -1.4115E-04
  1.2000E+00  4.0027E+00  2.9834E-04  7.4999E-01  6.9816E-04  1.0022E+00 -1.4693E-04
  1.2030E+00  4.0127E+00  2.9832E-04  7.4999E-01  6.9796E-04  1.0001E+00 -1.5272E-04
  1.2060E+00  4.0227E+00  2.9829E-04  7.4999E-01  6.9821E-04  9.9849E-01 -1.5855E-04
  1.2090E+00  4.0327E+00  2.9826E-04  7.4999E-01  6.9869E-04  9.9720E-01 -1.6431E-04
  1.2120E+00  4.0427E+00  2.9824E-04  7.4999E-01  6.9938E-04  9.9618E-01 -1.7003E-04
  1.2150E+00  4.0527E+00  2.9821E-04  7.4999E-01  7.0033E-04  9.9550E-01 -1.7568E-04
  1.2180E+00  4.0627E+00  2.9818E-04  7.5000E-01  7.0152E-04  9.9517E-01 -1.8122E-04
  1.2210E+00  4.0727E+00  2.9815E-04  7.5000E-01  7.0298E-04  9.9520E-01 -1.8672E-04
  1.2240E+00  4.0827E+00  2.9812E-04  7.5000E-01  7.0464E-04  9.9549E-01 -1.9216E-04
  1.2270E+00  4.0927E+00  2.9809E-04  7.5000E-01  7.0641E-04  9.9596E-01 -1.9748E-04
  1.2300E+00  4.1027E+00  2.9806E-04  7.5000E-01  7.0829E-04  9.9658E-01 -2.0268E-04
  1.2330E+00  4.1127E+00  2.9803E-04  7.5000E-01  7.1027E-04  9.9739E-01 -2.0770E-04
  1.2360E+00  4.1227E+00  2.9800E-04  7.5000E-01  7.1243E-04  9.9851E-01 -2.1255E-04
  1.2390E+00  4.1327E+00  2.9797E-04  7.5000E-01  7.1465E-04  9.9976E-01 -2.1724E-04
  1.2420E+00  4.1427E+00  2.9794E-04  7.5000E-01  7.1710E-04  1.0014E+00 -2.2171E-04
  1.2450E+00  4.1527E+00  2.9791E-04  7.5000E-01  7.1963E-04  1.0032E+00 -2.2604E-04
  1.2480E+00  4.1627E+00  2.9788E-04  7.5000E-01  7.2185E-04  1.0046E+00 -2.3027E-04
  1.2510E+00  4.1727E+00  2.9785E-04  7.5000E-01  7.2388E-04  1.0057E+00 -2.3433E-04
  1.2539E+00  4.1827E+00  2.9782E-04  7.5000E-01  7.2573E-04  1.0066E+00 -2.3823E-04
  1.2569E+00  4.1927E+00  2.9779E-04  7.5000E-01  7.2737E-04  1.0073E+00 -2.4195E-04
  1.2599E+00  4.2027E+00  2.9777E-04  7.5000E-01  7.2889E-04  1.0078E+00 -2.4549E-04
  1.2629E+00  4.2127E+00  2.9774E-04  7.5001E-01  7.3017E-04  1.0080E+00 -2.4889E-04
  1.2659E+00  4.2227E+00  2.9771E-04  7.5001E-01  7.3111E-04  1.0077E+00 -2.5216E-04
  1.2689E+00  4.2327E+00  2.9768E-04  7.5001E-01  7.3189E-04  1.0073E+00 -2.5522E-04
  1.2719E+00  4.2427E+00  2.9766E-04  7.5001E-01  7.3286E-04  1.0073E+00 -2.5804E-04
  1.2749E+00  4.2527E+00  2.9763E-04  7.5001E-01  7.3411E-04  1.0078E+00 -2.6063E-04
  1.2779E+00  4.2627E+00  2.9761E-04  7.5001E-01  7.3534E-04  1.0083E+00 -2.6309E-04
  1.2809E+00  4.2727E+00  2.9758E-04  7.5001E-01  7.3615E-04  1.0083E+00 -2.6546E-04
  1.2839E+00  4.2827E+00  2.9756E-04  7.5001E-01  7.3652E-04  1.0075E+00 -2.6774E-04
  1.2869E+00  4.2927E+00  2.9753E-04  7.5001E-01  7.3680E-04  1.0068E+00 -2.6986E-04
  1.2899E+00  4.3027E+00  2.9751E-04  7.5001E-01  7.3707E-04  1.0061E+00 -2.7184E-04
  1.2929E+00  4.3127E+00  2.9749E-04  7.5001E-01  7.3727E-04  1.0053E+00 -2.7370E-04
  1.2959E+00  4.3227E+00  2.9747E-04  7.5001E-01  7.3746E-04  1.0046E+00 -2.7541E-04
  1.2989E+00  4.3327E+00  2.9745E-04  7.5001E-01  7.3760E-04  1.0038E+00 -2.7702E-04
  1.3019E+00  4.3427E+00  2.9743E-04  7.5001E-01  7.3767E-04  1.0030E+00 -2.7853E-04
  1.3049E+00  4.3527E+00  2.9741E-04  7.5001E-01  7.3774E-04  1.0023E+00 -2.7992E-04
  1.3079E+00  4.3627E+00  2.9739E-04  7.5001E-01  7.3780E-04  1.0016E+00 -2.8123E-04
  1.3109E+00  4.3727E+00  2.9737E-04  7.5001E-01  7.3779E-04  1.0009E+00 -2.8245E-04
  1.3139E+00  4.3827E+00  2.9735E-04  7.5001E-01  7.3782E-04  1.0002E+00 -2.8357E-04
  1.3169E+00  4.3927E+00  2.9734E-04  7.5000E-01  7.3783E-04  9.9960E-01 -2.8463E-04
  1.3199E+00  4.4027E+00  2.9732E-04  7.5000E-01  7.3779E-04  9.9894E-01 -2.8561E-04
  1.3229E+00  4.4127E+00  2.9731E-04  7.5000E-01  7.3783E-04  9.9844E-01 -2.8651E-04
  1.3260E+00  4.4231E+00  2.9729E-04  7.5000E-01  7.3783E-04  9.9790E-01 -2.8739E-04
  1.3290E+00  4.4331E+00  2.9728E-04  7.5000E-01  7.3785E-04  9.9743E-01 -2.8817E-04
  1.3320E+00  4.4431E+00  2.9726E-04  7.5000E-01  7.3790E-04  9.9707E-01 -2.8889E-04
  1.3350E+00  4.4531E+00  2.9725E-04  7.5000E-01  7.3793E-04  9.9670E-01 -2.8957E-04
  1.3380E+00  4.4631E+00  2.9724E-04  7.5000E-01  7.3799E-04  9.9640E-01 -2.9019E-04
  1.3410E+00  4.4731E+00  2.9723E-04  7.5000E-01  7.3807E-04  9.9617E-01 -2.9075E-04
  1.3440E+00  4.4831E+00  2.9722E-04  7.5000E-01  7.3815E-04  9.9596E-01 -2.9129E-04
  1.3470E+00  4.4931E+00  2.9721E-04  7.5000E-01  7.3824E-04  9.9580E-01 -2.9178E-04
  1.3500E+00  4.5031E+00  2.9720E-04  7.5000E-01  7.3835E-04  9.9566E-01 -2.9226E-04
  1.3530E+00  4.5131E+00  2.9719E-04  7.5000E-01  7.3846E-04  9.9554E-01 -2.9272E-04
  1.3560E+00  4.5231E+00  2.9718E-04  7.5000E-01  7.3857E-04  9.9547E-01 -2.9312E-04
  1.3590E+00  4.5331E+00  2.9717E-04  7.5000E-01  7.3871E-04  9.9545E-01 -2.9349E-04
  1.3620E+00  4.5431E+00  2.9716E-04  7.5000E-01  7.3884E-04  9.9546E-01 -2.9382E-04
  1.3650E+00  4.5531E+00  2.9715E-04  7.5000E-01  7.3897E-04  9.9547E-01 -2.9413E-04
  1.3680E+00  4.5631E+00  2.9715E-04  7.5000E-01  7.3912E-04  9.9552E-01 -2.9442E-04
  1.3710E+00  4.5731E+00  2.9714E-04  7.5000E-01  7.3927E-04  9.9559E-01 -2.9470E-04
  1.3740E+00  4.5831E+00  2.9713E-04  7.5000E-01  7.3942E-04  9.9566E-01 -2.9495E-04
  1.3770E+00  4.5931E+00  2.9712E-04  7.4999E-01  7.3958E-04  9.9576E-01 -2.9519E-04
  1.3800E+00  4.6031E+00  2.9712E-04  7.4999E-01  7.3975E-04  9.9589E-01 -2.9543E-04
  1.3830E+00  4.6131E+00  2.9711E-04  7.4999E-01  7.3990E-04  9.9599E-01 -2.9562E-04
  1.3860E+00  4.6231E+00  2.9711E-04  7.4999E-01  7.4003E-04  9.9609E-01 -2.9579E-04
  1.3890E+00  4.6331E+00  2.9710E-04  7.4999E-01  7.4016E-04  9.9620E-01 -2.9596E-04
  1.3920E+00  4.6431E+00  2.9710E-04  7.4999E-01  7.4029E-04  9.9631E-01 -2.9611E-04
  1.3950E+00  4.6531E+00  2.9709E-04  7.4999E-01  7.4046E-04  9.9647E-01 -2.9628E-04
  1.3980E+00  4.6631E+00  2.9709E-04  7.4999E-01  7.4064E-04  9.9666E-01 -2.9644E-04
  1.4009E+00  4.6731E+00  2.9708E-04  7.4999E-01  7.4079E-04  9.9681E-01 -2.9657E-04
  1.4039E+00  4.6831E+00  2.9708E-04  7.4999E-01  7.4090E-04  9.9692E-01 -2.9668E-04
  1.4069E+00  4.6931E+00  2.9708E-04  7.4999E-01  7.4101E-04  9.9702E-01 -2.9678E-04
  1.4099E+00  4.7031E+00  2.9707E-04  7.4999E-01  7.4112E-04  9.9714E-01 -2.9688E-04
  1.4129E+00  4.7131E+00  2.9707E-04  7.4999E-01  7.4129E-04  9.9733E-01 -2.9700E-04
  1.4159E+00  4.7231E+00  2.9707E-04  7.4999E-01  7.4148E-04  9.9756E-01 -2.9712E-04
  1.4189E+00  4.7331E+00  2.9706E-04  7.4998E-01  7.4163E-04  9.9774E-01 -2.9721E-04
  1.4219E+00  4.7431E+00  2.9706E-04  7.4998E-01  7.4177E-04  9.9790E-01 -2.9730E-04
  1.4249E+00  4.7531E+00  2.9706E-04  7.4998E-01  7.4191E-04  9.9808E-01 -2.9738E-04
  1.4279E+00  4.7631E+00  2.9706E-04  7.4998E-01  7.4201E-04  9.9820E-01 -2.9744E-04
  1.4309E+00  4.7731E+00  2.9705E-04  7.4998E-01  7.4210E-04  9.9830E-01 -2.9750E-04
  1.4339E+00  4.7831E+00  2.9705E-04  7.4998E-01  7.4218E-04  9.9840E-01 -2.9755E-04
  1.4369E+00  4.7931E+00  2.9705E-04  7.4998E-01  7.4226E-04  9.9849E-01 -2.9760E-04
  1.4399E+00  4.8031E+00  2.9705E-04  7.4998E-01  7.4236E-04  9.9862E-01 -2.9766E-04
  1.4429E+00  4.8131E+00  2.9705E-04  7.4998E-01  7.4248E-04  9.9877E-01 -2.9772E-04
  1.4459E+00  4.8231E+00  2.9705E-04  7.4998E-01  7.4257E-04  9.9888E-01 -2.9776E-04
  1.4489E+00  4.8331E+00  2.9704E-04  7.4998E-01  7.4263E-04  9.9896E-01 -2.9780E-04
  1.4519E+00  4.8431E+00  2.9704E-04  7.4998E-01  7.4270E-04  9.9904E-01 -2.9783E-04
  1.4549E+00  4.8531E+00  2.9704E-04  7.4998E-01  7.4276E-04  9.9911E-01 -2.9786E-04
  1.4579E+00  4.8631E+00  2.9704E-04  7.4997E-01  7.4282E-04  9.9919E-01 -2.9790E-04
  1.4609E+00  4.8731E+00  2.9704E-04  7.4997E-01  7.4290E-04  9.9930E-01 -2.9793E-04
  1.4639E+00  4.8831E+00  2.9704E-04  7.4997E-01  7.4297E-04  9.9939E-01 -2.9796E-04
  1.4669E+00  4.8931E+00  2.9704E-04  7.4997E-01  7.4304E-04  9.9948E-01 -2.9799E-04
  1.4699E+00  4.9031E+00  2.9704E-04  7.4997E-01  7.4314E-04  9.9961E-01 -2.9803E-04
  1.4730E+00  4.9134E+00  2.9703E-04  7.4997E-01  7.4321E-04  9.9971E-01 -2.9806E-04
  1.4760E+00  4.9234E+00  2.9703E-04  7.4997E-01  7.4327E-04  9.9979E-01 -2.9808E-04
  1.4790E+00  4.9334E+00  2.9703E-04  7.4997E-01  7.4333E-04  9.9987E-01 -2.9810E-04
  1.4820E+00  4.9434E+00  2.9703E-04  7.4997E-01  7.4338E-04  9.9993E-01 -2.9812E-04
  1.4850E+00  4.9534E+00  2.9703E-04  7.4997E-01  7.4342E-04  9.9999E-01 -2.9814E-04
  1.4880E+00  4.9634E+00  2.9703E-04  7.4997E-01  7.4347E-04  1.0001E+00 -2.9816E-04
  1.4910E+00  4.9734E+00  2.9703E-04  7.4997E-01  7.4352E-04  1.0001E+00 -2.9817E-04
  1.4940E+00  4.9834E+00  2.9703E-04  7.4996E-01  7.4356E-04  1.0002E+00 -2.9819E-04
  1.5000E+00  5.0035E+00  2.9703E-04  7.4996E-01  7.4365E-04  1.0003E+00 -2.9822E-04
