 -6.8254E-13 -3.8610E-13  1.5000E+00 -9.0975E-04 -5.1626E-04  1.0005E+09  5.0035E+00 -2.0000E-03   1   5
  3.7493E-04  4.3460E-06  3.7500E-04 -1.5543E+02  5.5767E+02  4.5610E+00  0.0000E+00 -2.0000E-03   1   3
 -4.3455E-06  3.7493E-04 -3.7500E-04 -5.6302E+02 -1.5540E+02 -4.0971E+00  0.0000E+00 -2.0000E-03   1   3
  7.4986E-04  8.6923E-06  7.5000E-04 -3.1171E+02  1.1100E+03  6.6318E+00  0.0000E+00 -2.0000E-03   1   3
 -8.6906E-06  7.4986E-04 -7.5000E-04 -1.1314E+03 -3.1196E+02 -6.4243E+00  0.0000E+00 -2.0000E-03   1   3
  1.1248E-03  1.3039E-05  1.1250E-03 -4.6855E+02  1.6570E+03  6.5254E+00  0.0000E+00 -2.0000E-03   1   3
 -1.3035E-05  1.1248E-03 -1.1250E-03 -1.7053E+03 -4.6915E+02 -6.6213E+00  0.0000E+00 -2.0000E-03   1   3
  1.1500E-03  1.0814E-03  6.2511E-04 -1.1523E+03  2.0213E+03  1.2840E+01  0.0000E+00 -2.0000E-03   1   5
  8.6670E-04  7.6927E-04  1.8390E-04 -8.7507E+02  1.3804E+03  1.0195E+03  0.0000E+00 -2.0000E-03   1   5
  6.7336E-04  5.5114E-04 -1.9612E-04 -6.8499E+02  9.1255E+02 -1.0117E+03  0.0000E+00 -2.0000E-03   1   5
  5.1795E-04  3.7133E-04 -6.3733E-04 -5.3189E+02  5.0291E+02  1.7201E+03  0.0000E+00 -2.0000E-03   1   5
  3.8300E-04  2.1064E-04  1.3069E-03 -3.8876E+02  7.9007E+01 -4.7155E+02  0.0000E+00 -2.0000E-03   1   5
  2.6019E-04  5.9222E-05  5.2362E-04 -2.7195E+02 -3.8668E+02  4.8310E+02  0.0000E+00 -2.0000E-03   1   5
  1.4458E-04 -8.5556E-05  1.0712E-04 -1.9837E+02  1.6424E+03 -1.7259E+03  0.0000E+00 -2.0000E-03   1   5
  3.2941E-05 -2.3742E-04 -2.7495E-04 -9.4485E+01  7.9864E+02  2.2959E+03  0.0000E+00 -2.0000E-03   1   5
 -7.7404E-05 -3.9792E-04 -7.5195E-04 -1.2933E+01  3.6532E+02 -2.4272E+02  0.0000E+00 -2.0000E-03   1   5
 -1.8889E-04 -5.7725E-04  1.0477E-03 -9.8882E+00  8.5843E+00  7.4050E+02  0.0000E+00 -2.0000E-03   1   5
 -2.9956E-04 -7.9439E-04  4.3102E-04  2.9436E+03 -2.9301E+02 -1.3286E+03  0.0000E+00 -2.0000E-03   1   5
 -4.2145E-04 -1.1045E-03  3.1506E-05  2.6973E+03 -6.3842E+02  1.3312E+03  0.0000E+00 -2.0000E-03   1   5
 -5.9312E-04  1.8874E-03 -3.5688E-04 -2.0108E+03 -2.4376E+03 -7.4394E+02  0.0000E+00 -2.0000E-03   1   5
 -7.4071E-04  1.0300E-03 -8.8735E-04 -9.0225E+02 -3.3358E+02  2.3257E+02  0.0000E+00 -2.0000E-03   1   5
 -9.3305E-04  7.3004E-04  8.7513E-04 -5.1681E+02 -1.0579E+03 -2.2936E+03  0.0000E+00 -2.0000E-03   1   5
 -1.2174E-03  5.1483E-04  3.4466E-04 -2.5136E+02 -1.7209E+03  2.7983E+03  0.0000E+00 -2.0000E-03   1   5
  2.0179E-03  3.7625E-04 -4.3726E-05 -1.4515E+03  2.9174E+03 -1.1983E+02  0.0000E+00 -2.0000E-03   1   5
  1.1365E-03  2.0793E-04 -4.4324E-04 -1.0190E+03  1.4186E+03  8.6133E+02  0.0000E+00 -2.0000E-03   1   5
  8.6022E-04  5.5257E-05 -1.0599E-03 -8.5918E+02  7.9002E+02 -1.1725E+03  0.0000E+00 -2.0000E-03   1   5
  6.6918E-04 -9.4223E-05  7.3973E-04 -7.7068E+02  1.3301E+02  1.5193E+03  0.0000E+00 -2.0000E-03   1   5
  5.1478E-04 -2.4304E-04  2.6273E-04 -8.1911E+02  1.9026E+03 -6.0805E+02  0.0000E+00 -2.0000E-03   1   5
  3.8464E-04 -4.0507E-04 -1.1934E-04  1.9121E+03  1.3077E+03  3.5733E+02  0.0000E+00 -2.0000E-03   1   5
  2.6202E-04 -5.8663E-04 -5.3584E-04  1.6245E+03  8.9021E+02 -1.9818E+03  0.0000E+00 -2.0000E-03   1   5
  1.4746E-04 -8.0815E-04 -1.3191E-03  1.7465E+03  5.5011E+02  1.9711E+03  0.0000E+00 -2.0000E-03   1   5
  3.7910E-05 -1.1310E-03  6.0393E-04  2.0407E+03  2.5304E+02 -3.4834E+02  0.0000E+00 -2.0000E-03   1   5
 -1.0706E-04  1.7001E-03  1.6841E-04 -2.2983E+03 -1.3559E+03  6.0026E+02  0.0000E+00 -2.0000E-03   1   5
 -2.1252E-04  1.0041E-03 -2.1169E-04 -1.3796E+03 -1.6845E+03 -1.5253E+03  0.0000E+00 -2.0000E-03   1   5
 -3.2682E-04  7.1932E-04 -6.5902E-04 -1.0939E+03  1.7182E+02  1.1636E+03  0.0000E+00 -2.0000E-03   1   5
 -4.4954E-04  5.0959E-04  1.2423E-03 -8.6926E+02 -3.5754E+02 -8.6095E+02  0.0000E+00 -2.0000E-03   1   5
 -5.8527E-04  3.3373E-04  5.0449E-04 -7.4035E+02 -7.8739E+02  1.2603E+02  0.0000E+00 -2.0000E-03   1   5
 -7.4260E-04  1.7473E-04  9.1927E-05 -6.6118E+02 -1.2196E+03 -2.7883E+03  0.0000E+00 -2.0000E-03   1   5
 -9.4014E-04  2.3403E-05 -2.9105E-04 -6.8062E+02 -1.7210E+03  3.2345E+03  0.0000E+00 -2.0000E-03   1   5
 -1.2309E-03 -1.2714E-04 -7.7703E-04  2.0170E+03 -2.3827E+03 -7.2550E+01  0.0000E+00 -2.0000E-03   1   5
  1.8450E-03 -2.4265E-04  1.0088E-03  4.7082E+02  1.7557E+03  9.4860E+02  0.0000E+00 -2.0000E-03   1   5
  1.1239E-03 -4.0899E-04  4.1332E-04  7.1772E+02  2.7029E+03 -1.0808E+03  0.0000E+00 -2.0000E-03   1   5
  8.5605E-04 -5.9453E-04  1.6453E-05  9.0929E+02  1.9800E+03  1.6161E+03  0.0000E+00 -2.0000E-03   1   5
  6.6893E-04 -8.2155E-04 -3.7375E-04  1.1595E+03  1.5114E+03 -5.4496E+02  0.0000E+00 -2.0000E-03   1   5
  5.1846E-04 -1.1593E-03 -9.1808E-04  1.5808E+03  1.1712E+03  4.1000E+02  0.0000E+00 -2.0000E-03   1   5
  3.5164E-04  1.5843E-03  8.4581E-04 -2.6175E+03 -4.2178E+02 -1.8399E+03  0.0000E+00 -2.0000E-03   1   5
  2.3510E-04  9.8252E-04  3.2797E-04 -1.8505E+03 -6.6997E+02  2.1252E+03  0.0000E+00 -2.0000E-03   1   5
  1.2163E-04  7.0342E-04 -5.8792E-05 -1.5718E+03 -1.3107E+03 -3.0537E+02  0.0000E+00 -2.0000E-03   1   5
  1.0786E-05  5.0107E-04 -4.6119E-04 -1.4779E+03  6.0112E+02  6.6698E+02  0.0000E+00 -2.0000E-03   1   5
 -9.9621E-05  3.2713E-04 -1.1019E-03 -1.5171E+03  1.2697E+02 -1.4255E+03  0.0000E+00 -2.0000E-03   1   5
 -2.0778E-04  1.6956E-04  7.1546E-04  1.0819E+03 -2.1384E+02  1.2504E+03  0.0000E+00 -2.0000E-03   1   5
 -3.2445E-04  1.9530E-05  2.4676E-04  8.8103E+02 -5.8584E+02 -7.9985E+02  0.0000E+00 -2.0000E-03   1   5
 -4.4859E-04 -1.2910E-04 -1.3457E-04  9.0228E+02 -9.8094E+02  1.7273E+02  0.0000E+00 -2.0000E-03   1   5
 -5.8557E-04 -2.8215E-04 -5.5532E-04  9.9651E+02 -1.4611E+03 -2.5195E+03  0.0000E+00 -2.0000E-03   1   5
 -7.4443E-04 -4.4714E-04 -1.3952E-03  1.1542E+03 -2.3838E+03  2.5091E+03  0.0000E+00 -2.0000E-03   1   5
 -9.4478E-04 -6.2861E-04  5.8322E-04  1.2856E+03  7.2536E+02 -1.7732E+02  0.0000E+00 -2.0000E-03   1   5
 -1.2486E-03 -8.6326E-04  1.5299E-04  1.6144E+03 -8.2101E+02  7.9893E+02  0.0000E+00 -2.0000E-03   1   5
  1.7412E-03 -1.1813E-03 -2.2735E-04  7.8216E+02  3.4445E+03 -1.2524E+03  0.0000E+00 -2.0000E-03   1   5
  1.0801E-03  1.5028E-03 -6.8128E-04 -3.1932E+03  1.1463E+03  1.4125E+03  0.0000E+00 -2.0000E-03   1   5
  8.2370E-04  9.6401E-04  1.1858E-03 -2.4734E+03  6.8835E+02 -6.6271E+02  0.0000E+00 -2.0000E-03   1   5
  6.3964E-04  6.9316E-04  4.8569E-04 -2.3745E+03  2.6035E+02  2.9424E+02  0.0000E+00 -2.0000E-03   1   5
  4.9272E-04  4.9024E-04  7.6778E-05  2.7014E+02 -1.9742E+02 -2.1238E+03  0.0000E+00 -2.0000E-03   1   5
  3.6010E-04  3.2144E-04 -3.0729E-04  1.1901E+02  1.7834E+03  1.8490E+03  0.0000E+00 -2.0000E-03   1   5
  2.3881E-04  1.6390E-04 -8.0300E-04  1.6436E+02  9.5798E+02 -4.2156E+02  0.0000E+00 -2.0000E-03   1   5
  1.2411E-04  1.4101E-05  9.7240E-04  2.4833E+02  5.1157E+02  5.4738E+02  0.0000E+00 -2.0000E-03   1   5
  1.2859E-05 -1.3449E-04  3.9585E-04  3.4732E+02  1.4220E+02 -1.6115E+03  0.0000E+00 -2.0000E-03   1   5
 -9.7532E-05 -2.8769E-04  1.4104E-06  4.6432E+02 -2.1424E+02  1.0873E+03  0.0000E+00 -2.0000E-03   1   5
 -2.0947E-04 -4.5268E-04 -3.9081E-04  6.0270E+02 -5.9466E+02 -9.4079E+02  0.0000E+00 -2.0000E-03   1   5
 -3.2560E-04 -6.4109E-04 -9.5042E-04  7.7587E+02 -1.0741E+03  5.4929E+01  0.0000E+00 -2.0000E-03   1   5
 -4.4925E-04 -8.7422E-04  8.1774E-04  9.3599E+02  8.3160E+02 -3.2278E+03  0.0000E+00 -2.0000E-03   1   5
 -5.8473E-04 -1.2476E-03  3.1144E-04  1.3231E+03  2.0319E+02  3.6278E+03  0.0000E+00 -2.0000E-03   1   5
 -7.7837E-04  1.4084E-03 -7.3882E-05 -2.9685E+03 -1.4395E+03 -2.4888E+01  0.0000E+00 -2.0000E-03   1   5
 -9.7509E-04  9.1846E-04 -4.7941E-04  1.1577E+02 -1.7812E+03  9.6398E+02  0.0000E+00 -2.0000E-03   1   5
 -1.2902E-03  6.5399E-04 -1.1476E-03  2.3782E+02 -2.4251E+03 -1.0576E+03  0.0000E+00 -2.0000E-03   1   5
  1.6392E-03  4.8999E-04  6.9193E-04 -8.6232E+02  1.7539E+03  1.6778E+03  0.0000E+00 -2.0000E-03   1   5
  1.0758E-03  3.1400E-04  2.3089E-04 -5.6842E+02  5.8848E+02 -5.0620E+02  0.0000E+00 -2.0000E-03   1   5
  8.2192E-04  1.5968E-04 -1.4986E-04 -4.3067E+02  2.2084E+03  4.4712E+02  0.0000E+00 -2.0000E-03   1   5
  6.3946E-04  9.1344E-06 -5.7517E-04 -2.8723E+02  1.5108E+03 -1.7894E+03  0.0000E+00 -2.0000E-03   1   5
  4.8968E-04 -1.4011E-04 -1.4891E-03 -1.5818E+02  1.0524E+03  2.2052E+03  0.0000E+00 -2.0000E-03   1   5
  3.5811E-04 -2.9418E-04  1.4769E-03 -5.4043E+01  6.3603E+02 -2.6030E+02  0.0000E+00 -2.0000E-03   1   5
  2.3749E-04 -4.6052E-04  5.6296E-04  5.7269E+01  2.7283E+02  7.0617E+02  0.0000E+00 -2.0000E-03   1   5
  1.2347E-04 -6.5132E-04  1.3764E-04  1.4916E+02 -1.1461E+02 -1.3706E+03  0.0000E+00 -2.0000E-03   1   5
  1.3031E-05 -8.9366E-04 -2.4311E-04  1.3809E+02 -6.3622E+02  1.2915E+03  0.0000E+00 -2.0000E-03   1   5
 -9.0968E-05 -1.2848E-03 -7.0415E-04  3.0402E+03  1.3089E+03 -7.7916E+02  0.0000E+00 -2.0000E-03   1   5
 -2.3589E-04  1.3531E-03  1.1354E-03 -1.2080E+03 -3.6695E+02  2.1387E+02  0.0000E+00 -2.0000E-03   1   5
 -3.4942E-04  9.0200E-04  4.6719E-04 -7.3701E+02 -6.5174E+02 -2.3962E+03  0.0000E+00 -2.0000E-03   1   5
 -4.7343E-04  6.4697E-04  6.1661E-05 -4.9745E+02 -9.9373E+02  2.6414E+03  0.0000E+00 -2.0000E-03   1   5
 -6.1188E-04  4.5045E-04 -3.2366E-04 -3.1597E+02 -1.3854E+03 -1.5291E+02  0.0000E+00 -2.0000E-03   1   5
 -7.7422E-04  2.8076E-04 -8.2996E-04 -1.5479E+02 -1.8741E+03  8.2683E+02  0.0000E+00 -2.0000E-03   1   5
 -9.8224E-04  1.2407E-04  9.3820E-04  1.3930E+01 -2.6014E+03 -1.1980E+03  0.0000E+00 -2.0000E-03   1   5
 -1.3109E-03 -2.4286E-05  3.7859E-04  1.6764E+02 -1.1005E+03  1.4736E+03  0.0000E+00 -2.0000E-03   1   5
  1.5776E-03 -1.3865E-04 -1.3631E-05 -9.6539E+02  2.8683E+03 -6.4129E+02  0.0000E+00 -2.0000E-03   1   5
  1.0625E-03 -2.9786E-04 -4.0806E-04 -7.7445E+02  1.8845E+03  3.1449E+02  0.0000E+00 -2.0000E-03   1   5
  8.1485E-04 -4.6702E-04 -9.8462E-04 -8.8792E+02  1.3317E+03 -2.0595E+03  0.0000E+00 -2.0000E-03   1   5
  6.3920E-04 -6.6115E-04  7.9078E-04  1.7644E+03  8.8833E+02  1.9201E+03  0.0000E+00 -2.0000E-03   1   5
  4.9165E-04 -9.0988E-04  2.9507E-04  1.8585E+03  4.5262E+02 -3.7601E+02  0.0000E+00 -2.0000E-03   1   5
  3.6389E-04 -1.3308E-03 -8.8997E-05  2.3279E+03 -1.6901E+02  5.8024E+02  0.0000E+00 -2.0000E-03   1   5
  2.1129E-04  1.3048E-03 -4.9790E-04 -1.7855E+03  5.9185E+02 -1.5643E+03  0.0000E+00 -2.0000E-03   1   5
  1.0033E-04  8.8441E-04 -1.1981E-03 -1.2811E+03  2.2113E+02  1.1198E+03  0.0000E+00 -2.0000E-03   1   5
 -9.5384E-06  6.3618E-04  6.6906E-04 -9.9303E+02 -1.2122E+02 -8.9653E+02  0.0000E+00 -2.0000E-03   1   5
 -1.1953E-04  4.4282E-04  2.1513E-04 -8.2419E+02 -4.6050E+02  9.0546E+01  0.0000E+00 -2.0000E-03   1   5
 -2.3183E-04  2.7520E-04 -1.6521E-04 -7.0076E+02 -8.2873E+02 -2.9834E+03  0.0000E+00 -2.0000E-03   1   5
 -3.4912E-04  1.2052E-04 -5.9544E-04 -6.1826E+02 -1.2796E+03  2.9766E+03  0.0000E+00 -2.0000E-03   1   5
 -4.7510E-04 -2.9337E-05  1.3830E-03 -5.9598E+02 -2.1658E+03 -8.1402E+01  0.0000E+00 -2.0000E-03   1   5
 -6.1574E-04 -1.7364E-04  5.4310E-04 -8.9430E+02  8.5916E+02  9.1408E+02  0.0000E+00 -2.0000E-03   1   5
 -7.7635E-04 -3.3056E-04  1.2235E-04  1.7689E+03 -3.1806E+02 -1.1334E+03  0.0000E+00 -2.0000E-03   1   5
 -9.8844E-04 -5.0088E-04 -2.5898E-04  1.7884E+03 -9.1998E+02  1.5554E+03  0.0000E+00 -2.0000E-03   1   5
 -1.3305E-03 -6.9978E-04 -7.2768E-04  2.0103E+03 -1.6355E+03 -5.8070E+02  0.0000E+00 -2.0000E-03   1   5
  1.5313E-03 -9.2019E-04  1.0897E-03  1.0274E+03  2.4774E+03  3.9337E+02  0.0000E+00 -2.0000E-03   1   5
  1.0584E-03 -1.3754E-03  4.4897E-04  1.7400E+03  1.6982E+03 -1.9019E+03  0.0000E+00 -2.0000E-03   1   5
  7.8467E-04  1.2611E-03  4.6573E-05 -2.2467E+03 -8.4045E+01  2.0433E+03  0.0000E+00 -2.0000E-03   1   5
  6.1009E-04  8.6938E-04 -3.4019E-04 -1.7838E+03  1.9006E+03 -3.2267E+02  0.0000E+00 -2.0000E-03   1   5
  4.6405E-04  6.2628E-04 -8.5803E-04 -1.5331E+03  1.1009E+03  6.2984E+02  0.0000E+00 -2.0000E-03   1   5
  3.3443E-04  4.3527E-04  9.0586E-04 -1.3768E+03  6.4310E+02 -1.4604E+03  0.0000E+00 -2.0000E-03   1   5
  2.1464E-04  2.6892E-04  3.6153E-04 -1.3548E+03  2.6995E+02  1.2073E+03  0.0000E+00 -2.0000E-03   1   5
  1.0018E-04  1.1505E-04 -2.8673E-05 -1.6945E+03 -9.6396E+01 -8.3662E+02  0.0000E+00 -2.0000E-03   1   5
 -6.8616E-06 -3.3661E-05 -4.2554E-04  1.0034E+03 -4.4504E+02  1.4284E+02  0.0000E+00 -2.0000E-03   1   5
 -1.1763E-04 -1.8322E-04 -1.0210E-03  9.6909E+02 -9.3586E+02 -2.6485E+03  0.0000E+00 -2.0000E-03   1   5
 -2.3037E-04 -3.3583E-04  7.6481E-04  9.9512E+02  9.3613E+02  2.4045E+03  0.0000E+00 -2.0000E-03   1   5
 -3.4783E-04 -5.0688E-04  2.7884E-04  1.1265E+03  2.7215E+02 -2.0678E+02  0.0000E+00 -2.0000E-03   1   5
 -4.7374E-04 -7.0633E-04 -1.0415E-04  1.3189E+03 -1.5129E+02  7.6267E+02  0.0000E+00 -2.0000E-03   1   5
 -6.1354E-04 -9.6877E-04 -5.1671E-04  1.6199E+03 -5.2134E+02 -1.2931E+03  0.0000E+00 -2.0000E-03   1   5
 -7.7601E-04 -1.4583E-03 -1.2545E-03  2.2845E+03 -8.3701E+02  1.3691E+03  0.0000E+00 -2.0000E-03   1   5
 -1.0249E-03  1.1971E-03  6.4680E-04 -1.7920E+03 -2.4980E+03 -6.9500E+02  0.0000E+00 -2.0000E-03   1   5
 -1.3802E-03  8.2139E-04  1.9947E-04 -1.3045E+03 -3.3034E+03  2.6789E+02  0.0000E+00 -2.0000E-03   1   5
  1.4625E-03  6.2256E-04 -1.8063E-04 -2.4139E+03  2.9631E+03 -2.2166E+03  0.0000E+00 -2.0000E-03   1   5
  1.0174E-03  4.3018E-04 -6.1614E-04 -2.7178E+03  1.8922E+03  1.7686E+03  0.0000E+00 -2.0000E-03   1   5
  7.8781E-04  2.6380E-04  6.2083E-04  1.4796E+03  1.3409E+03 -4.2928E+02  0.0000E+00 -2.0000E-03   1   5
  6.1119E-04  1.0983E-04  1.8080E-04  5.0609E+02  8.7551E+02  5.1676E+02  0.0000E+00 -2.0000E-03   1   5
  4.6515E-04 -3.9159E-05 -1.9923E-04  4.9484E+02  4.6295E+02 -1.6692E+03  0.0000E+00 -2.0000E-03   1   5
  3.3580E-04 -1.8909E-04 -6.4162E-04  5.6520E+02  3.6075E+01  1.0450E+03  0.0000E+00 -2.0000E-03   1   5
  2.1651E-04 -3.4621E-04  1.2932E-03  6.6435E+02 -5.4566E+02 -9.6784E+02  0.0000E+00 -2.0000E-03   1   5
  1.0314E-04 -5.1508E-04  5.1976E-04  7.8047E+02  1.2752E+03  3.0807E+01  0.0000E+00 -2.0000E-03   1   5
 -7.0663E-06 -7.1770E-04  1.0408E-04  9.7756E+02  7.6117E+02 -3.6288E+03  0.0000E+00 -2.0000E-03   1   5
 -1.1628E-04 -9.8771E-04 -2.7816E-04  1.2722E+03  4.1466E+02  3.9851E+03  0.0000E+00 -2.0000E-03   1   5
 -2.2471E-04 -1.5248E-03 -7.5690E-04  1.9623E+03  2.0711E+02 -2.0871E+01  0.0000E+00 -2.0000E-03   1   5
 -3.7579E-04  1.1653E-03  1.0397E-03 -2.2181E+03 -1.3142E+03  9.9961E+02  0.0000E+00 -2.0000E-03   1   5
 -5.0076E-04  8.1117E-04  4.2746E-04 -1.9483E+03 -1.6716E+03 -1.0257E+03  0.0000E+00 -2.0000E-03   1   5
 -6.3797E-04  5.7942E-04  2.8494E-05  1.0100E+03 -2.2754E+03  1.6822E+03  0.0000E+00 -2.0000E-03   1   5
 -8.0689E-04  3.9629E-04 -3.6024E-04  5.7588E+02 -5.1970E+02 -5.0071E+02  0.0000E+00 -2.0000E-03   1   5
 -1.0277E-03  2.3109E-04 -8.9338E-04  6.3180E+02 -1.1920E+03  4.5374E+02  0.0000E+00 -2.0000E-03   1   5
 -1.4030E-03  7.5358E-05  8.6916E-04  8.1379E+02 -1.9331E+03 -1.7494E+03  0.0000E+00 -2.0000E-03   1   5
  1.4283E-03 -3.8998E-05  3.4131E-04 -2.8139E+02  2.0722E+03  2.2599E+03  0.0000E+00 -2.0000E-03   1   5
  1.0103E-03 -1.9254E-04 -4.6737E-05 -4.7006E+01  1.2556E+03 -2.5111E+02  0.0000E+00 -2.0000E-03   1   5
  7.7993E-04 -3.5159E-04 -4.4681E-04  1.2909E+02  6.6025E+02  7.1299E+02  0.0000E+00 -2.0000E-03   1   5
  6.0749E-04 -5.2660E-04 -1.0680E-03  3.0904E+02 -1.3818E+02 -1.3575E+03  0.0000E+00 -2.0000E-03   1   5
  4.6349E-04 -7.2930E-04  7.3482E-04  4.4517E+02  1.7348E+03  1.3113E+03  0.0000E+00 -2.0000E-03   1   5
  3.3636E-04 -1.0083E-03  2.5953E-04  7.0701E+02  1.2925E+03 -7.5179E+02  0.0000E+00 -2.0000E-03   1   5
  2.2245E-04 -1.6100E-03 -1.2238E-04  1.3542E+03  1.0850E+03  2.1667E+02  0.0000E+00 -2.0000E-03   1   5
  7.9439E-05  1.1340E-03 -5.3970E-04 -2.9500E+02 -4.1693E+02 -2.3557E+03  0.0000E+00 -2.0000E-03   1   5
 -2.9794E-05  7.9667E-04 -1.3333E-03 -3.5861E+02 -7.2139E+02  2.7082E+03  0.0000E+00 -2.0000E-03   1   5
 -1.3974E-04  5.7047E-04  5.9975E-04 -2.1671E+02 -1.1298E+03 -1.3010E+02  0.0000E+00 -2.0000E-03   1   5
 -2.5252E-04  3.8611E-04  1.6532E-04 -9.4225E+01 -2.0410E+03  8.4594E+02  0.0000E+00 -2.0000E-03   1   5
 -3.7094E-04  2.2857E-04 -2.1482E-04 -2.4337E+01  9.7990E+02 -1.1840E+03  0.0000E+00 -2.0000E-03   1   5
 -4.9873E-04  7.5263E-05 -6.6343E-04  1.0539E+02 -8.7274E+01  1.4850E+03  0.0000E+00 -2.0000E-03   1   5
 -6.4213E-04 -7.3628E-05  1.2304E-03  2.2991E+02 -5.6203E+02 -6.1252E+02  0.0000E+00 -2.0000E-03   1   5
 -8.1266E-04 -2.2466E-04  5.0070E-04  3.6014E+02 -1.0320E+03  3.4768E+02  0.0000E+00 -2.0000E-03   1   5
 -1.0380E-03 -3.8444E-04  8.8894E-05  5.0962E+02 -1.5641E+03 -2.0078E+03  0.0000E+00 -2.0000E-03   1   5
 -1.4331E-03 -5.6327E-04 -2.9429E-04  7.1787E+02 -2.3672E+03  1.9444E+03  0.0000E+00 -2.0000E-03   1   5
  1.3953E-03 -7.3867E-04 -7.8215E-04 -4.2643E+02  1.6112E+03 -3.8033E+02  0.0000E+00 -2.0000E-03   1   5
  1.0054E-03 -1.0265E-03  1.0013E-03  2.4490E+03  3.1950E+03  5.9393E+02  0.0000E+00 -2.0000E-03   1   5
  7.8581E-04 -1.7241E-03  4.0981E-04  3.0700E+03  2.4913E+03 -1.5372E+03  0.0000E+00 -2.0000E-03   1   5
  5.8058E-04  1.1063E-03  1.3444E-05 -1.3359E+03  7.6466E+02  1.1489E+03  0.0000E+00 -2.0000E-03   1   5
  4.3915E-04  7.8304E-04 -3.7715E-04 -9.9732E+02  4.2052E+02 -8.8888E+02  0.0000E+00 -2.0000E-03   1   5
  3.1213E-04  5.6138E-04 -9.2441E-04 -7.8902E+02  6.7168E+01  9.6072E+01  0.0000E+00 -2.0000E-03   1   5
  1.9400E-04  3.7992E-04  8.4010E-04 -6.1197E+02 -3.2468E+02 -2.8763E+03  0.0000E+00 -2.0000E-03   1   5
  8.1030E-05  2.1826E-04  3.2465E-04 -4.8430E+02 -8.1148E+02  3.0971E+03  0.0000E+00 -2.0000E-03   1   5
 -2.9661E-05  6.9996E-05 -6.1808E-05 -4.0889E+02  1.0474E+03 -7.3228E+01  0.0000E+00 -2.0000E-03   1   5
 -1.4045E-04 -7.8767E-05 -4.6481E-04 -3.1976E+02  3.9790E+02  9.1696E+02  0.0000E+00 -2.0000E-03   1   5
 -2.5388E-04 -2.2959E-04 -1.1107E-03 -2.6735E+02 -2.5907E+01 -1.1119E+03  0.0000E+00 -2.0000E-03   1   5
 -3.7296E-04 -3.8909E-04  7.1070E-04 -3.3596E+02 -3.9167E+02  1.5999E+03  0.0000E+00 -2.0000E-03   1   5
 -4.9749E-04 -5.6661E-04  2.4358E-04  2.2894E+03 -7.3555E+02 -5.5787E+02  0.0000E+00 -2.0000E-03   1   5
 -6.4179E-04 -7.8014E-04 -1.3763E-04  2.2065E+03 -1.1611E+03  3.9816E+02  0.0000E+00 -2.0000E-03   1   5
 -8.1293E-04 -1.0795E-03 -5.5926E-04  2.4841E+03 -1.7256E+03 -1.8796E+03  0.0000E+00 -2.0000E-03   1   5
 -1.0352E-03 -1.9379E-03 -1.4123E-03  3.6822E+03  1.8403E+02  2.0806E+03  0.0000E+00 -2.0000E-03   1   5
 -1.5063E-03  2.4862E-03  5.7913E-04 -2.9564E+03 -2.6747E+03 -3.0371E+02  0.0000E+00 -2.0000E-03   1   5
  1.3400E-03  1.0805E-03  1.4992E-04 -2.1302E+03  1.8252E+03  6.5373E+02  0.0000E+00 -2.0000E-03   1   5
  9.6649E-04  7.6839E-04 -2.3050E-04 -1.6796E+03  1.1409E+03 -1.4476E+03  0.0000E+00 -2.0000E-03   1   5
  7.4654E-04  5.5030E-04 -6.8580E-04 -1.4348E+03  6.4739E+02  1.2164E+03  0.0000E+00 -2.0000E-03   1   5
  5.7841E-04  3.7043E-04  1.1753E-03 -1.2679E+03  1.4754E+02 -8.1211E+02  0.0000E+00 -2.0000E-03   1   5
  4.3621E-04  2.0942E-04  4.8196E-04 -1.2033E+03 -4.5685E+02  1.6223E+02  0.0000E+00 -2.0000E-03   1   5
  3.0873E-04  6.1401E-05  7.3752E-05 -1.3259E+03  1.3341E+03 -2.5781E+03  0.0000E+00 -2.0000E-03   1   5
  1.9429E-04 -8.7212E-05 -3.1055E-04  1.2301E+03  8.2782E+02  2.4548E+03  0.0000E+00 -2.0000E-03   1   5
  8.1020E-05 -2.3846E-04 -8.0831E-04  1.0821E+03  4.2781E+02 -1.9774E+02  0.0000E+00 -2.0000E-03   1   5
 -2.9583E-05 -3.9893E-04  9.6540E-04  1.1133E+03  7.0389E+01  7.9005E+02  0.0000E+00 -2.0000E-03   1   5
 -1.4010E-04 -5.7838E-04  3.9238E-04  1.2396E+03 -2.8271E+02 -1.2608E+03  0.0000E+00 -2.0000E-03   1   5
 -2.5292E-04 -7.9596E-04 -1.5978E-06  1.4487E+03 -6.7432E+02  1.4008E+03  0.0000E+00 -2.0000E-03   1   5
 -3.7040E-04 -1.1073E-03 -3.9424E-04  1.8165E+03 -1.2594E+03 -6.8043E+02  0.0000E+00 -2.0000E-03   1   5
 -5.3592E-04  1.8706E-03 -9.5711E-04 -2.8070E+03 -7.1643E+02  2.7663E+02  0.0000E+00 -2.0000E-03   1   5
 -6.7373E-04  1.0273E-03  8.1226E-04 -1.6028E+03 -9.6074E+02 -2.1583E+03  0.0000E+00 -2.0000E-03   1   5
 -8.4706E-04  7.2895E-04  3.0816E-04 -1.2863E+03 -1.3876E+03  1.8212E+03  0.0000E+00 -2.0000E-03   1   5
 -1.0822E-03  5.1471E-04 -7.6902E-05 -1.1147E+03 -1.9152E+03 -4.2828E+02  0.0000E+00 -2.0000E-03   1   5
 -1.5269E-03  3.3363E-04 -4.8308E-04 -1.0672E+03 -2.7873E+03  5.2644E+02  0.0000E+00 -2.0000E-03   1   5
  1.3188E-03  2.0846E-04 -1.1573E-03  3.0066E+02  1.2794E+03 -1.6466E+03  0.0000E+00 -2.0000E-03   1   5
  9.6058E-04  5.4354E-05  6.8730E-04  2.9233E+02  1.2462E+02  1.0778E+03  0.0000E+00 -2.0000E-03   1   5
  7.4414E-04 -9.1764E-05  2.2773E-04  3.3367E+02  1.9121E+03 -9.5177E+02  0.0000E+00 -2.0000E-03   1   5
  5.7772E-04 -2.4420E-04 -1.5293E-04  4.4326E+02  1.3659E+03  4.2607E+01  0.0000E+00 -2.0000E-03   1   5
  4.3674E-04 -4.0610E-04 -5.7919E-04  5.8002E+02  9.4926E+02 -3.4049E+03  0.0000E+00 -2.0000E-03   1   5
  3.1064E-04 -5.8777E-04  1.4562E-03  7.2397E+02  5.6841E+02  3.4050E+03  0.0000E+00 -2.0000E-03   1   5
  1.9379E-04 -8.0967E-04  5.5895E-04  9.5376E+02  2.2021E+02 -3.6363E+01  0.0000E+00 -2.0000E-03   1   5
  8.3111E-05 -1.1338E-03  1.3458E-04  1.3233E+03 -1.5458E+02  9.6413E+02  0.0000E+00 -2.0000E-03   1   5
 -6.1926E-05  1.6881E-03 -2.4628E-04 -3.0372E+03 -2.3346E+03 -1.0830E+03  0.0000E+00 -2.0000E-03   1   5
 -1.6680E-04  1.0063E-03 -7.0880E-04 -2.2626E+03  8.9638E+02  1.6462E+03  0.0000E+00 -2.0000E-03   1   5
 -2.7943E-04  7.1808E-04  1.1259E-03 -2.1794E+03 -1.9934E+01 -5.1501E+02  0.0000E+00 -2.0000E-03   1   5
 -3.9488E-04  5.0888E-04  4.6352E-04  4.5790E+02 -4.2104E+02  4.3504E+02  0.0000E+00 -2.0000E-03   1   5
 -5.2493E-04  3.3327E-04  5.8642E-05  4.0519E+02 -8.1791E+02 -1.8168E+03  0.0000E+00 -2.0000E-03   1   5
 -6.7203E-04  1.7447E-04 -3.2696E-04  4.7101E+02 -1.2326E+03  2.1604E+03  0.0000E+00 -2.0000E-03   1   5
 -8.4944E-04  2.3373E-05 -8.3548E-04  5.8504E+02 -1.7210E+03 -2.8865E+02  0.0000E+00 -2.0000E-03   1   5
 -1.0908E-03 -1.2669E-04  9.3159E-04  7.4014E+02 -2.3519E+03  6.9038E+02  0.0000E+00 -2.0000E-03   1   5
 -1.5673E-03 -2.7962E-04  3.7516E-04  9.7108E+02 -9.6790E+02 -1.3946E+03  0.0000E+00 -2.0000E-03   1   5
  1.2934E-03 -4.0838E-04 -1.6638E-05 -8.9852E+01  2.7261E+03  1.2624E+03  0.0000E+00 -2.0000E-03   1   5
  9.5136E-04 -5.9482E-04 -4.1154E-04  1.6003E+02  1.9731E+03 -7.9174E+02  0.0000E+00 -2.0000E-03   1   5
  7.4013E-04 -8.2246E-04 -9.9171E-04  4.0110E+02  1.4915E+03  1.8326E+02  0.0000E+00 -2.0000E-03   1   5
  5.7773E-04 -1.1617E-03  7.8551E-04  6.8895E+02  1.1053E+03 -2.4504E+03  0.0000E+00 -2.0000E-03   1   5
  4.0375E-04  1.5769E-03  2.9181E-04 -3.7953E+03 -4.9731E+02  2.5726E+03  0.0000E+00 -2.0000E-03   1   5
  2.8682E-04  9.8073E-04 -9.2024E-05 -5.5035E+02 -7.9545E+02 -1.6763E+02  0.0000E+00 -2.0000E-03   1   5
  1.7069E-04  7.0611E-04 -5.0164E-04 -4.6439E+02  1.0948E+03  8.2001E+02  0.0000E+00 -2.0000E-03   1   5
  5.8754E-05  5.0022E-04 -1.2088E-03 -3.3588E+02  4.7743E+02 -1.2303E+03  0.0000E+00 -2.0000E-03   1   5
 -5.1505E-05  3.2651E-04  6.6456E-04 -1.9677E+02  7.3456E+01  1.4506E+03  0.0000E+00 -2.0000E-03   1   5
 -1.6243E-04  1.6900E-04  2.1199E-04 -8.3180E+01 -2.8853E+02 -6.4893E+02  0.0000E+00 -2.0000E-03   1   5
 -2.7652E-04  1.9024E-05 -1.6829E-04  2.9631E+01 -6.5524E+02  3.0861E+02  0.0000E+00 -2.0000E-03   1   5
 -3.9681E-04 -1.2961E-04 -5.9954E-04  1.4380E+02 -1.0677E+03 -2.0916E+03  0.0000E+00 -2.0000E-03   1   5
 -5.2760E-04 -2.8277E-04  1.3666E-03  2.4934E+02 -1.6083E+03  1.8836E+03  0.0000E+00 -2.0000E-03   1   5
 -6.7595E-04 -4.4374E-04  5.3917E-04  3.2899E+02  1.4784E+02 -3.9583E+02  0.0000E+00 -2.0000E-03   1   5
 -8.5553E-04 -6.3080E-04  1.1930E-04  4.2465E+02 -5.1734E+02  5.6008E+02  0.0000E+00 -2.0000E-03   1   5
 -1.1025E-03 -8.6387E-04 -2.6216E-04  3.4307E+02 -1.1027E+03 -1.5867E+03  0.0000E+00 -2.0000E-03   1   5
 -1.6114E-03 -1.2237E-03 -7.3248E-04  3.4546E+03 -1.9661E+03  1.0956E+03  0.0000E+00 -2.0000E-03   1   5
  1.2440E-03  1.4980E-03  1.0810E-03 -2.0367E+03  9.9316E+02 -9.1432E+02  0.0000E+00 -2.0000E-03   1   5
  9.1979E-04  9.6253E-04  4.4536E-04 -1.3459E+03  4.3823E+02  7.7491E+01  0.0000E+00 -2.0000E-03   1   5
  7.1306E-04  6.9176E-04  4.3558E-05 -1.0424E+03 -2.2902E+02 -3.0996E+03  0.0000E+00 -2.0000E-03   1   5
  5.5106E-04  4.9231E-04 -3.4352E-04 -8.7101E+02  1.5360E+03  2.8825E+03  0.0000E+00 -2.0000E-03   1   5
  4.1235E-04  3.1978E-04 -8.6379E-04 -7.1447E+02  9.8106E+02 -1.0872E+02  0.0000E+00 -2.0000E-03   1   5
  2.8723E-04  1.6289E-04  8.9959E-04 -5.8013E+02  5.5794E+02  8.9280E+02  0.0000E+00 -2.0000E-03   1   5
  1.7029E-04  1.3198E-05  3.5814E-04 -4.8337E+02  1.9238E+02 -1.1413E+03  0.0000E+00 -2.0000E-03   1   5
  5.7920E-05 -1.3541E-04 -3.1682E-05 -4.1646E+02 -1.7512E+02  1.5392E+03  0.0000E+00 -2.0000E-03   1   5
 -5.2670E-05 -2.8875E-04 -4.2906E-04 -4.1045E+02 -5.9096E+02 -5.8927E+02  0.0000E+00 -2.0000E-03   1   5
 -1.6430E-04 -4.5422E-04 -1.0286E-03 -7.3184E+02 -1.2412E+03  3.6797E+02  0.0000E+00 -2.0000E-03   1   5
 -2.7436E-04 -6.3924E-04  7.5973E-04  1.9865E+03  6.7018E+02 -1.9408E+03  0.0000E+00 -2.0000E-03   1   5
 -3.9433E-04 -8.7630E-04  2.7560E-04  2.0894E+03  1.9539E+02  2.0105E+03  0.0000E+00 -2.0000E-03   1   5
 -5.2342E-04 -1.2508E-03 -1.0718E-04  2.4971E+03 -1.3269E+02 -3.4536E+02  0.0000E+00 -2.0000E-03   1   5
 -7.0572E-04  1.4035E-03 -5.2051E-04 -1.6033E+03 -1.6961E+03  6.1233E+02  0.0000E+00 -2.0000E-03   1   5
 -8.8428E-04  9.1706E-04 -1.2667E-03 -9.7258E+02 -2.0505E+03 -1.4977E+03  0.0000E+00 -2.0000E-03   1   5
 -1.1369E-03  6.5379E-04  6.4242E-04 -6.0475E+02 -2.6123E+03  1.1890E+03  0.0000E+00 -2.0000E-03   1   5
 -1.6999E-03  4.4899E-04  1.9635E-04 -2.4022E+02 -4.0388E+03 -8.5069E+02  0.0000E+00 -2.0000E-03   1   5
  1.2293E-03  3.1731E-04 -1.8372E-04 -1.3754E+03  2.4679E+03  1.2771E+02  0.0000E+00 -2.0000E-03   1   5
  9.1314E-04  1.5890E-04 -6.2034E-04 -1.2184E+03  1.7045E+03 -2.7244E+03  0.0000E+00 -2.0000E-03   1   5
  7.0864E-04  8.4356E-06  6.1657E-04 -1.1921E+03  1.1654E+03  2.3515E+03  0.0000E+00 -2.0000E-03   1   5
  5.4693E-04 -1.4089E-04  1.7770E-04 -1.6913E+03  7.2993E+02 -2.2863E+02  0.0000E+00 -2.0000E-03   1   5
  4.1486E-04 -2.9503E-04 -2.0234E-04  2.3240E+03  3.7508E+02  7.5708E+02  0.0000E+00 -2.0000E-03   1   5
  2.8901E-04 -4.6166E-04 -6.4594E-04  1.4971E+03 -9.7163E+01 -1.3104E+03  0.0000E+00 -2.0000E-03   1   5
  1.7275E-04 -6.5364E-04  1.2799E-03  1.5264E+03 -1.1355E+03  1.3623E+03  0.0000E+00 -2.0000E-03   1   5
  6.1569E-05 -8.9106E-04  5.1592E-04  1.6866E+03  1.9324E+03 -7.2006E+02  0.0000E+00 -2.0000E-03   1   5
 -4.6021E-05 -1.2882E-03  1.0104E-04  2.1628E+03  1.1132E+03  2.4544E+02  0.0000E+00 -2.0000E-03   1   5
 -1.8956E-04  1.3490E-03 -2.8138E-04 -1.8976E+03 -4.6255E+02 -2.2560E+03  0.0000E+00 -2.0000E-03   1   5
 -3.0073E-04  9.0056E-04 -7.6188E-04 -1.3432E+03 -7.2230E+02  1.7484E+03  0.0000E+00 -2.0000E-03   1   5
 -4.2078E-04  6.4611E-04  1.0318E-03 -1.0488E+03 -1.0412E+03 -4.5587E+02  0.0000E+00 -2.0000E-03   1   5
 -5.5271E-04  4.4987E-04  4.2391E-04 -8.8719E+02 -1.4382E+03  4.9866E+02  0.0000E+00 -2.0000E-03   1   5
 -7.0375E-04  2.8033E-04  2.5483E-05 -7.8499E+02 -1.9672E+03 -1.6953E+03  0.0000E+00 -2.0000E-03   1   5
 -8.8909E-04  1.2775E-04 -3.6361E-04 -8.0664E+02 -1.6473E+02  1.0342E+03  0.0000E+00 -2.0000E-03   1   5
 -1.1458E-03 -2.3577E-05 -8.9946E-04  2.0702E+03 -1.0869E+03 -1.0072E+03  0.0000E+00 -2.0000E-03   1   5
 -1.7748E-03 -1.7861E-04  8.6324E-04  1.8163E+03 -2.2447E+03  1.7436E+01  0.0000E+00 -2.0000E-03   1   5
  1.2125E-03 -2.9724E-04  3.3797E-04  5.6407E+02  1.9812E+03 -3.9822E+03  0.0000E+00 -2.0000E-03   1   5
  9.0786E-04 -4.6718E-04 -4.9750E-05  7.3711E+02  1.3476E+03  4.3307E+03  0.0000E+00 -2.0000E-03   1   5
  7.0763E-04 -6.6184E-04 -4.5039E-04  9.4010E+02  8.4894E+02 -8.7887E+00  0.0000E+00 -2.0000E-03   1   5
  5.4976E-04 -9.1130E-04 -1.0763E-03  1.2307E+03  3.2379E+02  9.9807E+02  0.0000E+00 -2.0000E-03   1   5
  4.1593E-04 -1.3306E-03  7.2993E-04  1.6932E+03  2.2199E+03 -1.0207E+03  0.0000E+00 -2.0000E-03   1   5
  2.5969E-04  1.3011E-03  2.5633E-04 -2.3234E+03  4.4910E+02  1.7181E+03  0.0000E+00 -2.0000E-03   1   5
  1.4656E-04  8.8298E-04 -1.2543E-04 -1.8370E+03  1.3988E+02 -4.8638E+02  0.0000E+00 -2.0000E-03   1   5
  3.5671E-05  6.3526E-04 -5.4359E-04 -1.6398E+03 -1.8700E+02  4.6464E+02  0.0000E+00 -2.0000E-03   1   5
 -7.4465E-05  4.4211E-04 -1.3479E-03 -1.6214E+03 -5.3452E+02 -1.7457E+03  0.0000E+00 -2.0000E-03   1   5
 -1.8176E-04  2.7462E-04  5.9559E-04  1.1015E+03 -8.8294E+02  2.2799E+03  0.0000E+00 -2.0000E-03   1   5
 -2.9729E-04  1.1987E-04  1.6223E-04  7.8342E+02 -1.4307E+03 -2.4538E+02  0.0000E+00 -2.0000E-03   1   5
 -4.1928E-04 -2.5894E-05 -2.1795E-04  7.5667E+02  3.6064E+02  7.1933E+02  0.0000E+00 -2.0000E-03   1   5
 -5.5263E-04 -1.7560E-04 -6.6785E-04  8.3932E+02 -2.4173E+02 -1.3498E+03  0.0000E+00 -2.0000E-03   1   5
 -7.0522E-04 -3.3139E-04  1.2189E-03  9.5326E+02 -6.7934E+02  1.3259E+03  0.0000E+00 -2.0000E-03   1   5
 -8.9299E-04 -5.0141E-04  4.9693E-04  1.1253E+03 -1.1566E+03 -7.3627E+02  0.0000E+00 -2.0000E-03   1   5
 -1.1606E-03 -6.9965E-04  8.5863E-05  1.3744E+03 -1.7420E+03  2.3101E+02  0.0000E+00 -2.0000E-03   1   5
 -1.8805E-03 -9.6218E-04 -2.9753E-04  1.8933E+03 -3.0281E+03 -2.3263E+03  0.0000E+00 -2.0000E-03   1   5
  1.1993E-03 -1.3792E-03 -7.8731E-04  1.1674E+03  1.3014E+03  2.7489E+03  0.0000E+00 -2.0000E-03   1   5
  8.7248E-04  1.2611E-03  9.9394E-04 -2.9042E+03  1.6760E+03 -1.1738E+02  0.0000E+00 -2.0000E-03   1   5
  6.7775E-04  8.6722E-04  4.0630E-04 -2.5786E+03  1.1364E+03  8.6262E+02  0.0000E+00 -2.0000E-03   1   5
  5.2522E-04  6.2508E-04  1.0435E-05  1.8375E+02  7.5306E+02 -1.1673E+03  0.0000E+00 -2.0000E-03   1   5
  3.8916E-04  4.3430E-04 -3.8055E-04  4.4054E+00  3.7027E+02  1.5017E+03  0.0000E+00 -2.0000E-03   1   5
  2.6581E-04  2.6802E-04 -9.3081E-04  4.2369E+01 -7.6028E+00 -6.1752E+02  0.0000E+00 -2.0000E-03   1   5
  1.4992E-04  1.1410E-04  8.3444E-04  1.3076E+02 -4.3844E+02  3.5507E+02  0.0000E+00 -2.0000E-03   1   5
  3.8108E-05 -3.5075E-05  3.2134E-04  2.3081E+02 -1.0985E+03 -1.9900E+03  0.0000E+00 -2.0000E-03   1   5
 -7.2334E-05 -1.8111E-04 -6.4825E-05  3.0958E+02  7.6945E+02  1.9570E+03  0.0000E+00 -2.0000E-03   1   5
 -1.8374E-04 -3.3731E-04 -4.6844E-04  4.3569E+02  2.8244E+02 -3.6948E+02  0.0000E+00 -2.0000E-03   1   5
 -2.9875E-04 -5.0803E-04 -1.1197E-03  5.8253E+02 -1.0362E+02  5.8899E+02  0.0000E+00 -2.0000E-03   1   5
 -4.2050E-04 -7.0758E-04  7.0597E-04  7.2719E+02 -4.4768E+02 -1.5191E+03  0.0000E+00 -2.0000E-03   1   5
 -5.5346E-04 -9.7053E-04  2.4040E-04  9.5450E+02 -8.1052E+02  1.1626E+03  0.0000E+00 -2.0000E-03   1   5
 -7.0393E-04 -1.4633E-03 -1.4068E-04  1.4155E+03 -1.1742E+03 -8.7179E+02  0.0000E+00 -2.0000E-03   1   5
 -9.2373E-04  1.1938E-03 -5.6321E-04 -1.8809E+02 -3.1960E+03  9.2155E+01  0.0000E+00 -2.0000E-03   1   5
 -1.1979E-03  8.2436E-04 -1.4302E-03 -2.4132E+01 -1.4017E+03 -2.8425E+03  0.0000E+00 -2.0000E-03   1   5
 -2.0786E-03  5.7936E-04  5.7506E-04  4.6532E+02 -2.9249E+03  3.1633E+03  0.0000E+00 -2.0000E-03   1   5
  2.6506E-03  4.4746E-04  1.4685E-04 -1.3621E+03  3.9152E+03 -6.3286E+01  0.0000E+00 -2.0000E-03   1   5
  1.1570E-03  2.6660E-04 -2.3364E-04 -6.8095E+02  1.5099E+03  9.2791E+02  0.0000E+00 -2.0000E-03   1   5
  8.7263E-04  1.1140E-04 -6.9035E-04 -4.9514E+02  8.8392E+02 -1.1028E+03  0.0000E+00 -2.0000E-03   1   5
  6.7876E-04 -3.8259E-05  1.1650E-03 -3.5029E+02  2.8316E+02  1.6096E+03  0.0000E+00 -2.0000E-03   1   5
  5.2313E-04 -1.8961E-04  4.7825E-04 -2.1757E+02 -9.0349E+02 -5.4102E+02  0.0000E+00 -2.0000E-03   1   5
  3.8811E-04 -3.4152E-04  7.0727E-05 -1.6010E+02  2.1472E+03  4.0217E+02  0.0000E+00 -2.0000E-03   1   5
  2.6546E-04 -5.1465E-04 -3.1382E-04 -7.3023E+01  1.2609E+03 -1.8699E+03  0.0000E+00 -2.0000E-03   1   5
  1.5022E-04 -7.1744E-04 -8.1366E-04 -8.4436E+01  8.3468E+02  2.0980E+03  0.0000E+00 -2.0000E-03   1   5
  4.3661E-05 -9.8801E-04  9.5848E-04  2.6188E+03  5.4262E+02 -2.9667E+02  0.0000E+00 -2.0000E-03   1   5
 -6.2587E-05 -1.5293E-03  3.8892E-04  3.0595E+03  3.4172E+02  6.6452E+02  0.0000E+00 -2.0000E-03   1   5
 -2.0731E-04  1.1640E-03 -4.6060E-06 -1.1510E+03 -1.1976E+03 -1.4367E+03  0.0000E+00 -2.0000E-03   1   5
 -3.2058E-04  8.1136E-04 -3.9769E-04 -7.7155E+02 -1.6003E+03  1.2244E+03  0.0000E+00 -2.0000E-03   1   5
 -4.4256E-04  5.8398E-04 -9.6386E-04 -5.7969E+02  3.1253E+02 -8.1246E+02  0.0000E+00 -2.0000E-03   1   5
 -5.7725E-04  3.9761E-04  8.0683E-04 -3.8361E+02 -3.9647E+02  1.7759E+02  0.0000E+00 -2.0000E-03   1   5
 -7.3291E-04  2.3337E-04  3.0488E-04 -2.3762E+02 -8.8572E+02 -2.5390E+03  0.0000E+00 -2.0000E-03   1   5
 -9.2712E-04  7.9809E-05 -7.9924E-05 -9.8293E+01 -1.3824E+03  2.4855E+03  0.0000E+00 -2.0000E-03   1   5
 -1.2127E-03 -7.0669E-05 -4.8677E-04  5.2564E+01 -2.0135E+03 -1.8549E+02  0.0000E+00 -2.0000E-03   1   5
  2.0089E-03 -1.8208E-04 -1.1672E-03 -1.2578E+03  2.6345E+03  7.8344E+02  0.0000E+00 -2.0000E-03   1   5
  1.1404E-03 -3.4871E-04  6.8270E-04 -1.0744E+03  9.3842E+02 -1.2549E+03  0.0000E+00 -2.0000E-03   1   5
  8.6848E-04 -5.2118E-04  2.2458E-04  1.5471E+03  2.5813E+03  1.4142E+03  0.0000E+00 -2.0000E-03   1   5
  6.7802E-04 -7.2848E-04 -1.5600E-04  1.5526E+03  1.8731E+03 -6.7770E+02  0.0000E+00 -2.0000E-03   1   5
  5.2534E-04 -1.0083E-03 -5.8323E-04  1.8070E+03  1.4539E+03  2.8210E+02  0.0000E+00 -2.0000E-03   1   5
  3.9651E-04 -1.6161E-03  1.4366E-03  2.5271E+03  1.2266E+03 -2.1412E+03  0.0000E+00 -2.0000E-03   1   5
  2.4062E-04  1.1330E-03  5.5497E-04 -1.6413E+03 -3.2355E+02  1.8335E+03  0.0000E+00 -2.0000E-03   1   5
  1.2757E-04  7.9673E-04  1.3152E-04 -1.2586E+03 -6.4793E+02 -4.2690E+02  0.0000E+00 -2.0000E-03   1   5
  1.6969E-05  5.7073E-04 -2.4944E-04 -1.0360E+03 -1.1601E+03  5.2358E+02  0.0000E+00 -2.0000E-03   1   5
 -9.3093E-05  3.9068E-04 -7.1348E-04 -9.1747E+02  6.6357E+02 -1.6329E+03  0.0000E+00 -2.0000E-03   1   5
 -2.0479E-04  2.2792E-04  1.1166E-03 -8.0696E+02  1.1668E+02  1.0850E+03  0.0000E+00 -2.0000E-03   1   5
 -3.2078E-04  7.5745E-05  4.5987E-04 -7.8143E+02 -2.9191E+02 -9.3977E+02  0.0000E+00 -2.0000E-03   1   5
 -4.4465E-04 -7.2784E-05  5.5623E-05 -9.4398E+02 -6.7897E+02  5.7993E+01  0.0000E+00 -2.0000E-03   1   5
 -5.7703E-04 -2.2338E-04 -3.3026E-04  1.6253E+03 -1.0496E+03 -3.3195E+03  0.0000E+00 -2.0000E-03   1   5
 -7.3466E-04 -3.8253E-04 -8.4105E-04  1.5713E+03 -1.5334E+03  3.4946E+03  0.0000E+00 -2.0000E-03   1   5
 -9.3196E-04 -5.5954E-04  9.2506E-04  1.6729E+03 -2.2198E+03 -2.9576E+01  0.0000E+00 -2.0000E-03   1   5
 -1.2263E-03 -7.6797E-04  3.7174E-04  1.8951E+03 -6.5478E+02  9.6481E+02  0.0000E+00 -2.0000E-03   1   5
  1.8451E-03 -1.0201E-03 -1.9647E-05  9.3127E+02  3.6338E+03 -1.0604E+03  0.0000E+00 -2.0000E-03   1   5
  1.1372E-03 -1.7321E-03 -4.1503E-04  2.1304E+03  2.5761E+03  1.6500E+03  0.0000E+00 -2.0000E-03   1   5
  8.3477E-04  1.1061E-03 -9.9889E-04 -2.1985E+03  7.7171E+02 -5.2417E+02  0.0000E+00 -2.0000E-03   1   5
  6.4893E-04  7.8342E-04  7.8028E-04 -1.7769E+03  3.3544E+02  4.4371E+02  0.0000E+00 -2.0000E-03   1   5
  4.9714E-04  5.6172E-04  2.8856E-04 -1.5855E+03 -1.1016E+02 -1.8011E+03  0.0000E+00 -2.0000E-03   1   5
  3.6414E-04  3.7981E-04 -9.5052E-05 -1.5128E+03 -8.0257E+02  2.1795E+03  0.0000E+00 -2.0000E-03   1   5
  2.4201E-04  2.2168E-04 -5.0539E-04 -1.7340E+03  1.0614E+03 -2.7979E+02  0.0000E+00 -2.0000E-03   1   5
  1.3083E-04  6.9937E-05 -1.2198E-03  8.5603E+02  6.0814E+02  6.8664E+02  0.0000E+00 -2.0000E-03   1   5
  1.9194E-05 -7.8436E-05  6.6009E-04  7.8480E+02  2.1798E+02 -1.3795E+03  0.0000E+00 -2.0000E-03   1   5
 -9.1303E-05 -2.2917E-04  2.0886E-04  8.3226E+02 -1.3987E+02  1.2795E+03  0.0000E+00 -2.0000E-03   1   5
 -2.0318E-04 -3.8867E-04 -1.7137E-04  9.3677E+02 -5.0927E+02 -7.7620E+02  0.0000E+00 -2.0000E-03   1   5
 -3.1910E-04 -5.6634E-04 -6.0367E-04  1.0923E+03 -9.4325E+02  1.9596E+02  0.0000E+00 -2.0000E-03   1   5
 -4.4236E-04 -7.8057E-04  1.3509E-03  1.2854E+03 -1.7337E+03 -2.4197E+03  0.0000E+00 -2.0000E-03   1   5
 -5.7769E-04 -1.0766E-03  5.3526E-04  1.6051E+03  2.8704E+02  2.6104E+03  0.0000E+00 -2.0000E-03   1   5
 -7.2837E-04 -1.9567E-03  1.1625E-04  2.8219E+03  4.9732E+01 -1.5548E+02  0.0000E+00 -2.0000E-03   1   5
 -9.8090E-04  2.3407E-03 -2.6535E-04 -3.7245E+03 -2.2800E+03  8.2340E+02  0.0000E+00 -2.0000E-03   1   5
 -1.2733E-03  1.0473E-03 -7.3730E-04 -1.9366E+03 -2.4779E+03 -1.2187E+03  0.0000E+00 -2.0000E-03   1   5
  1.7114E-03  7.7499E-04  1.0725E-03 -3.1916E+03  1.8136E+03  1.4574E+03  0.0000E+00 -2.0000E-03   1   5
  1.0922E-03  5.5245E-04  4.4176E-04 -2.5992E+02  6.8341E+02 -6.3481E+02  0.0000E+00 -2.0000E-03   1   5
  8.3193E-04  3.7034E-04  4.0544E-05 -1.9857E+02 -8.0450E+02  3.1691E+02  0.0000E+00 -2.0000E-03   1   5
  6.4689E-04  2.1592E-04 -3.4685E-04 -1.6519E+02  3.1847E+03 -2.0647E+03  0.0000E+00 -2.0000E-03   1   5
  4.9579E-04  6.2416E-05 -8.6960E-04 -3.9287E+01  1.4507E+03  1.8871E+03  0.0000E+00 -2.0000E-03   1   5
  3.6339E-04 -8.6291E-05  8.9339E-04  7.4879E+01  9.4832E+02 -3.8680E+02  0.0000E+00 -2.0000E-03   1   5
  2.4218E-04 -2.3763E-04  3.5476E-04  1.9384E+02  5.6193E+02  5.6768E+02  0.0000E+00 -2.0000E-03   1   5
  1.2768E-04 -3.9822E-04 -3.4692E-05  3.2269E+02  2.0423E+02 -1.5777E+03  0.0000E+00 -2.0000E-03   1   5
  1.6782E-05 -5.7785E-04 -4.3259E-04  4.6889E+02 -1.6047E+02  1.1134E+03  0.0000E+00 -2.0000E-03   1   5
 -9.2928E-05 -7.9578E-04 -1.0362E-03  6.5067E+02 -5.8952E+02 -9.1683E+02  0.0000E+00 -2.0000E-03   1   5
 -2.0339E-04 -1.1040E-03  7.5468E-04  8.2550E+02  1.5076E+03  8.0962E+01  0.0000E+00 -2.0000E-03   1   5
 -3.5670E-04  1.8537E-03  2.7238E-04 -4.1509E+03 -6.1174E+02 -3.0269E+03  0.0000E+00 -2.0000E-03   1   5
 -4.6956E-04  1.0272E-03 -1.1022E-04 -4.2701E+02 -7.5881E+02  2.9274E+03  0.0000E+00 -2.0000E-03   1   5
 -6.0608E-04  7.3020E-04 -5.2432E-04 -2.3761E+02 -1.1175E+03 -1.0346E+02  0.0000E+00 -2.0000E-03   1   5
 -7.6630E-04  5.1713E-04 -1.2792E-03 -7.1479E+01 -1.5394E+03  8.8782E+02  0.0000E+00 -2.0000E-03   1   5
 -9.7054E-04  3.3894E-04  6.3806E-04  1.1542E+02 -2.0195E+03 -1.1311E+03  0.0000E+00 -2.0000E-03   1   5
 -1.2872E-03  1.7712E-04  1.9323E-04  3.1802E+02 -2.8100E+03  1.5522E+03  0.0000E+00 -2.0000E-03   1   5
  1.6390E-03  6.5054E-05 -1.8682E-04 -8.2515E+02  3.6194E+03 -5.8303E+02  0.0000E+00 -2.0000E-03   1   5
  1.0785E-03 -8.8988E-05 -6.2456E-04 -5.3073E+02  2.2676E+03  3.7040E+02  0.0000E+00 -2.0000E-03   1   5
  8.2502E-04 -2.4240E-04  6.1234E-04 -3.7830E+02  1.6114E+03 -1.9223E+03  0.0000E+00 -2.0000E-03   1   5
  6.4280E-04 -4.0484E-04  1.7460E-04 -2.6585E+02  1.1493E+03  2.0287E+03  0.0000E+00 -2.0000E-03   1   5
  4.9328E-04 -5.8695E-04 -2.0545E-04 -2.1325E+02  7.4717E+02 -3.3880E+02  0.0000E+00 -2.0000E-03   1   5
  3.6158E-04 -8.0940E-04 -6.5028E-04 -6.2956E+02  3.4990E+02  6.1977E+02  0.0000E+00 -2.0000E-03   1   5
  2.4863E-04 -1.1346E-03  1.2670E-03  3.5359E+03 -5.9203E+01 -1.4691E+03  0.0000E+00 -2.0000E-03   1   5
  9.8544E-05  1.6832E-03  5.1210E-04 -1.6579E+03  5.4975E+02  1.2068E+03  0.0000E+00 -2.0000E-03   1   5
 -6.6292E-06  1.0045E-03  9.7998E-05 -9.0001E+02  1.6209E+02 -8.3731E+02  0.0000E+00 -2.0000E-03   1   5
 -1.1558E-04  7.1795E-04 -2.8460E-04 -6.3941E+02 -1.9149E+02  1.3751E+02  0.0000E+00 -2.0000E-03   1   5
 -2.2723E-04  5.0920E-04 -7.6690E-04 -4.6014E+02 -5.3668E+02 -2.6845E+03  0.0000E+00 -2.0000E-03   1   5
 -3.4388E-04  3.3389E-04  1.0240E-03 -2.9716E+02 -8.8662E+02  2.3816E+03  0.0000E+00 -2.0000E-03   1   5
 -4.6900E-04  1.7535E-04  4.2037E-04 -1.7121E+02 -1.3056E+03 -2.0923E+02  0.0000E+00 -2.0000E-03   1   5
 -6.0803E-04  2.4478E-05  2.2473E-05 -5.0085E+01 -1.9009E+03  7.5944E+02  0.0000E+00 -2.0000E-03   1   5
 -7.7078E-04 -1.2125E-04 -3.6698E-04  3.2303E+01 -1.7395E+02 -1.3006E+03  0.0000E+00 -2.0000E-03   1   5
 -9.7914E-04 -2.7484E-04 -9.0561E-04  1.4196E+02 -8.7855E+02  1.3590E+03  0.0000E+00 -2.0000E-03   1   5
 -1.3086E-03 -4.4016E-04  8.5738E-04  2.1032E+02 -1.5612E+03 -6.9803E+02  0.0000E+00 -2.0000E-03   1   5
  1.5824E-03 -5.8919E-04  3.3463E-04  1.8486E+03  2.5774E+03  2.7257E+02  0.0000E+00 -2.0000E-03   1   5
  1.0700E-03 -8.2069E-04 -5.2763E-05  1.6875E+03  1.6481E+03 -2.2267E+03  0.0000E+00 -2.0000E-03   1   5
  8.2500E-04 -1.1621E-03 -4.5398E-04  2.0272E+03  1.1177E+03  1.7696E+03  0.0000E+00 -2.0000E-03   1   5
  6.1181E-04  1.5707E-03 -1.0847E-03 -2.2289E+03 -7.5970E+02 -4.6415E+02  0.0000E+00 -2.0000E-03   1   5
  4.6852E-04  9.8337E-04  7.2508E-04 -1.4435E+03  1.1753E+03  5.1235E+02  0.0000E+00 -2.0000E-03   1   5
  3.3923E-04  7.0574E-04  2.5313E-04 -1.1436E+03  6.9453E+02 -1.6775E+03  0.0000E+00 -2.0000E-03   1   5
  2.1963E-04  5.0040E-04 -1.2847E-04 -9.4883E+02  3.1605E+02  1.0384E+03  0.0000E+00 -2.0000E-03   1   5
  1.0582E-04  3.2686E-04 -5.4748E-04 -8.0727E+02 -3.8105E+01 -9.9005E+02  0.0000E+00 -2.0000E-03   1   5
 -5.1197E-06  1.6942E-04 -1.3631E-03 -7.0593E+02 -4.0397E+02  1.6119E+01  0.0000E+00 -2.0000E-03   1   5
 -1.1570E-04  1.9413E-05  5.9145E-04 -6.4610E+02 -8.2418E+02 -3.7737E+03  0.0000E+00 -2.0000E-03   1   5
 -2.2844E-04 -1.2958E-04  1.5915E-04 -6.8635E+02 -1.5209E+03  3.7870E+03  0.0000E+00 -2.0000E-03   1   5
 -3.4192E-04 -2.7894E-04 -2.2108E-04  1.9642E+03  3.9676E+02 -3.2526E+01  0.0000E+00 -2.0000E-03   1   5
 -4.6826E-04 -4.4320E-04 -6.7231E-04  1.6802E+03 -1.0877E+02  9.7401E+02  0.0000E+00 -2.0000E-03   1   5
 -6.0808E-04 -6.2970E-04  1.2076E-03  1.7290E+03 -5.0039E+02 -1.0343E+03  0.0000E+00 -2.0000E-03   1   5
 -7.7175E-04 -8.6213E-04  4.9317E-04  1.9487E+03 -9.1330E+02  1.6875E+03  0.0000E+00 -2.0000E-03   1   5
 -9.8168E-04 -1.2199E-03  8.2833E-05  2.4027E+03 -1.3575E+03 -4.9967E+02  0.0000E+00 -2.0000E-03   1   5
 -1.3578E-03  1.4612E-03 -3.0078E-04 -1.6331E+03 -3.3039E+03  4.4715E+02  0.0000E+00 -2.0000E-03   1   5
  1.5058E-03  9.6607E-04 -7.9250E-04 -2.1536E+03  4.7191E+02 -1.7798E+03  0.0000E+00 -2.0000E-03   1   5
  1.0327E-03  6.9847E-04  9.8667E-04 -1.7443E+03  3.1094E+03  2.2415E+03  0.0000E+00 -2.0000E-03   1   5
  7.9225E-04  4.9376E-04  4.0281E-04 -1.5210E+03  1.6959E+03 -2.5398E+02  0.0000E+00 -2.0000E-03   1   5
  6.1518E-04  3.2100E-04  7.4268E-06 -1.4141E+03  1.1587E+03  7.0516E+02  0.0000E+00 -2.0000E-03   1   5
  4.6799E-04  1.6395E-04 -3.8396E-04 -1.4502E+03  7.3358E+02 -1.3731E+03  0.0000E+00 -2.0000E-03   1   5
  3.4175E-04  1.4179E-05 -9.3728E-04  1.1649E+03  3.8423E+02  1.2943E+03  0.0000E+00 -2.0000E-03   1   5
  2.2142E-04 -1.3455E-04  8.2883E-04  9.2407E+02 -2.0950E+01 -7.4922E+02  0.0000E+00 -2.0000E-03   1   5
  1.0750E-04 -2.8803E-04  3.1804E-04  9.4362E+02 -4.8182E+02  2.2075E+02  0.0000E+00 -2.0000E-03   1   5
 -3.3202E-06 -4.4963E-04 -6.7842E-05  1.0090E+03  1.5255E+03 -2.3830E+03  0.0000E+00 -2.0000E-03   1   5
 -1.1343E-04 -6.3883E-04 -4.7209E-04  1.1774E+03  7.3177E+02  2.6686E+03  0.0000E+00 -2.0000E-03   1   5
 -2.2511E-04 -8.7614E-04 -1.1288E-03  1.4338E+03  3.2812E+02 -1.4705E+02  0.0000E+00 -2.0000E-03   1   5
 -3.4020E-04 -1.2520E-03  7.0126E-04  1.8508E+03  4.8838E+01  8.4886E+02  0.0000E+00 -2.0000E-03   1   5
 -4.9920E-04  1.4008E-03  2.3723E-04 -2.2037E+03 -1.4749E+03 -1.1930E+03  0.0000E+00 -2.0000E-03   1   5
 -6.3655E-04  9.1790E-04 -1.4374E-04 -1.6167E+03 -1.7720E+03  1.4755E+03  0.0000E+00 -2.0000E-03   1   5
 -8.0187E-04  6.5614E-04 -5.6718E-04 -1.3873E+03 -2.3014E+03 -6.3301E+02  0.0000E+00 -2.0000E-03   1   5
 -1.0182E-03  4.5955E-04 -1.4488E-03 -1.3869E+03 -5.8576E+02  3.2956E+02  0.0000E+00 -2.0000E-03   1   5
 -1.3731E-03  2.8597E-04  5.7101E-04  1.3325E+03 -1.5417E+03 -2.0321E+03  0.0000E+00 -2.0000E-03   1   5
  1.4676E-03  1.6428E-04  1.4378E-04 -3.8634E+01  2.4306E+03  1.9336E+03  0.0000E+00 -2.0000E-03   1   5
  1.0245E-03  1.1091E-05 -2.3680E-04  1.1450E+02  1.5754E+03 -3.7783E+02  0.0000E+00 -2.0000E-03   1   5
  7.8903E-04 -1.3910E-04 -6.9492E-04  2.4135E+02  1.0345E+03  5.7527E+02  0.0000E+00 -2.0000E-03   1   5
  6.1420E-04 -2.9381E-04  1.1550E-03  3.6574E+02  5.2611E+02 -1.5446E+03  0.0000E+00 -2.0000E-03   1   5
  4.6865E-04 -4.6087E-04  4.7455E-04  5.2072E+02 -2.5369E+01  1.1440E+03  0.0000E+00 -2.0000E-03   1   5
  3.3986E-04 -6.4891E-04  6.7704E-05  6.7465E+02  1.7910E+03 -9.0150E+02  0.0000E+00 -2.0000E-03   1   5
  2.2160E-04 -8.9232E-04 -3.1710E-04  9.3054E+02  1.2243E+03  8.7032E+01  0.0000E+00 -2.0000E-03   1   5
  1.1088E-04 -1.2906E-03 -8.1905E-04  1.4019E+03  9.1566E+02 -2.9383E+03  0.0000E+00 -2.0000E-03   1   5
 -3.2343E-05  1.3460E-03  9.5165E-04 -2.7206E+03 -5.8354E+02  3.0426E+03  0.0000E+00 -2.0000E-03   1   5
 -1.3984E-04  9.0012E-04  3.8547E-04 -2.3997E+03 -8.2532E+02 -7.7080E+01  0.0000E+00 -2.0000E-03   1   5
 -2.4788E-04  6.4628E-04 -7.6137E-06  3.0060E+02 -1.1525E+03  9.0589E+02  0.0000E+00 -2.0000E-03   1   5
 -3.6583E-04  4.5015E-04 -4.0114E-04  2.2384E+02 -1.7077E+03 -1.1277E+03  0.0000E+00 -2.0000E-03   1   5
 -4.9296E-04  2.8442E-04 -9.7070E-04  2.5489E+02  7.8917E+01  1.5709E+03  0.0000E+00 -2.0000E-03   1   5
 -6.3524E-04  1.2871E-04  8.0144E-04  3.6463E+02 -4.8886E+02 -5.5780E+02  0.0000E+00 -2.0000E-03   1   5
 -8.0380E-04 -2.1095E-05  3.0160E-04  4.8691E+02 -9.7707E+02  3.9611E+02  0.0000E+00 -2.0000E-03   1   5
 -1.0248E-03 -1.7131E-04 -8.2947E-05  6.4198E+02 -1.5090E+03 -1.8942E+03  0.0000E+00 -2.0000E-03   1   5
 -1.4012E-03 -3.2899E-04 -4.9047E-04  8.7141E+02 -2.2793E+03  2.0642E+03  0.0000E+00 -2.0000E-03   1   5
  1.4300E-03 -4.6276E-04 -1.1773E-03 -1.7871E+02  1.7600E+03 -3.2507E+02  0.0000E+00 -2.0000E-03   1   5
  1.0138E-03 -6.6047E-04  6.7813E-04  7.7185E+01  6.5944E+02  6.5063E+02  0.0000E+00 -2.0000E-03   1   5
  7.8472E-04 -9.0775E-04  2.2143E-04  2.7924E+02  2.3655E+03 -1.4624E+03  0.0000E+00 -2.0000E-03   1   5
  6.1495E-04 -1.3332E-03 -1.5907E-04  5.9199E+02  1.8835E+03  1.2052E+03  0.0000E+00 -2.0000E-03   1   5
  4.4185E-04  1.2988E-03 -5.8728E-04 -1.0239E+03  3.5112E+02 -8.2808E+02  0.0000E+00 -2.0000E-03   1   5
  3.1609E-04  8.8270E-04  1.4179E-03 -6.9700E+02  5.6618E+01  1.6065E+02  0.0000E+00 -2.0000E-03   1   5
  1.9821E-04  6.3538E-04  5.5099E-04 -5.2995E+02 -2.7646E+02 -2.6035E+03  0.0000E+00 -2.0000E-03   1   5
  8.5346E-05  4.4231E-04  1.2846E-04 -3.8668E+02 -6.8450E+02  2.4271E+03  0.0000E+00 -2.0000E-03   1   5
 -2.5187E-05  2.7442E-04 -2.5262E-04 -2.5469E+02 -1.3843E+03 -2.0594E+02  0.0000E+00 -2.0000E-03   1   5
 -1.3584E-04  1.2344E-04 -7.1819E-04 -1.6817E+02  5.2240E+02  7.6941E+02  0.0000E+00 -2.0000E-03   1   5
 -2.4898E-04 -2.5632E-05  1.1075E-03 -5.4599E+01  5.0898E+01 -1.2702E+03  0.0000E+00 -2.0000E-03   1   5
 -3.6751E-04 -1.7490E-04  4.5623E-04  4.7757E+01 -3.4402E+02  1.3925E+03  0.0000E+00 -2.0000E-03   1   5
 -4.9537E-04 -3.3040E-04  5.2605E-05  1.4178E+02 -7.2872E+02 -6.8840E+02  0.0000E+00 -2.0000E-03   1   5
 -6.3873E-04 -5.0003E-04 -3.3356E-04  2.1128E+02 -1.1469E+03  2.7531E+02  0.0000E+00 -2.0000E-03   1   5
 -8.0926E-04 -6.9749E-04 -8.4666E-04  1.4719E+02 -1.6690E+03 -2.1887E+03  0.0000E+00 -2.0000E-03   1   5
 -1.0301E-03 -9.5550E-04  9.1859E-04  2.8905E+03 -2.6157E+03  1.8061E+03  0.0000E+00 -2.0000E-03   1   5
 -1.4234E-03 -1.4100E-03  3.6833E-04  3.3330E+03  1.4170E+02 -4.4647E+02  0.0000E+00 -2.0000E-03   1   5
  1.3721E-03  1.2632E-03 -2.2656E-05 -1.9624E+03  2.2738E+03  5.2160E+02  0.0000E+00 -2.0000E-03   1   5
  9.8095E-04  8.6888E-04 -4.1852E-04 -1.4073E+03  1.5070E+03 -1.6577E+03  0.0000E+00 -2.0000E-03   1   5
  7.5687E-04  6.2640E-04 -1.0062E-03 -1.1255E+03  1.0055E+03  1.0521E+03  0.0000E+00 -2.0000E-03   1   5
  5.8694E-04  4.3542E-04  7.7509E-04 -9.0996E+02  5.5219E+02 -9.5990E+02  0.0000E+00 -2.0000E-03   1   5
  4.4381E-04  2.6900E-04  2.8531E-04 -7.6616E+02  1.3921E+02  3.8119E+01  0.0000E+00 -2.0000E-03   1   5
  3.1606E-04  1.1493E-04 -9.8082E-05 -6.5381E+02 -3.4396E+02 -3.5065E+03  0.0000E+00 -2.0000E-03   1   5
  1.9748E-04 -3.0362E-05 -5.0915E-04 -6.0987E+02  1.6210E+03  3.3032E+03  0.0000E+00 -2.0000E-03   1   5
  8.4237E-05 -1.8043E-04 -1.2311E-03 -5.8461E+02  8.3383E+02 -5.8505E+01  0.0000E+00 -2.0000E-03   1   5
 -2.6837E-05 -3.3659E-04  6.5564E-04 -7.9767E+02  3.9847E+02  9.5399E+02  0.0000E+00 -2.0000E-03   1   5
 -1.3363E-04 -5.0732E-04  2.0573E-04  1.8232E+03  7.2144E+01 -1.0766E+03  0.0000E+00 -2.0000E-03   1   5
 -2.4667E-04 -7.0701E-04 -1.7445E-04  1.8345E+03 -2.7363E+02  1.6266E+03  0.0000E+00 -2.0000E-03   1   5
 -3.6439E-04 -9.7039E-04 -6.0781E-04  2.0635E+03 -6.2754E+02 -5.3663E+02  0.0000E+00 -2.0000E-03   1   5
 -4.8900E-04 -1.4663E-03  1.3357E-03  2.6291E+03 -9.8275E+02  4.3175E+02  0.0000E+00 -2.0000E-03   1   5
 -6.6628E-04  1.1974E-03  5.3137E-04 -1.4344E+03 -3.1718E+02 -1.8175E+03  0.0000E+00 -2.0000E-03   1   5
 -8.3658E-04  8.2670E-04  1.1321E-04 -9.7536E+02 -9.8302E+02  2.1518E+03  0.0000E+00 -2.0000E-03   1   5
 -1.0663E-03  5.8973E-04 -2.6855E-04 -6.9259E+02 -1.5520E+03 -2.8933E+02  0.0000E+00 -2.0000E-03   1   5
 -1.4853E-03  3.9836E-04 -7.4215E-04 -4.1448E+02 -2.3795E+03  6.7111E+02  0.0000E+00 -2.0000E-03   1   5
  1.3466E-03  2.6773E-04  1.0641E-03 -1.4983E+03  1.6582E+03 -1.4041E+03  0.0000E+00 -2.0000E-03   1   5
  9.7213E-04  1.1151E-04  4.3817E-04 -1.3833E+03  8.9190E+02  1.2551E+03  0.0000E+00 -2.0000E-03   1   5
  7.5109E-04 -3.8562E-05  3.7530E-05 -1.6182E+03  2.0960E+02 -8.0123E+02  0.0000E+00 -2.0000E-03   1   5
  5.8654E-04 -1.8561E-04 -3.5019E-04  1.0147E+03  1.9829E+03  1.8384E+02  0.0000E+00 -2.0000E-03   1   5
  4.4422E-04 -3.4317E-04 -8.7546E-04  9.9448E+02  1.3555E+03 -2.4905E+03  0.0000E+00 -2.0000E-03   1   5
  3.1730E-04 -5.1576E-04  8.8724E-04  1.0732E+03  9.2156E+02  2.5512E+03  0.0000E+00 -2.0000E-03   1   5
  1.9983E-04 -7.1872E-04  3.5139E-04  1.2493E+03  5.7290E+02 -1.6471E+02  0.0000E+00 -2.0000E-03   1   5
  8.8345E-05 -9.8997E-04 -3.7703E-05  1.5438E+03  2.5887E+02  8.0962E+02  0.0000E+00 -2.0000E-03   1   5
 -1.7661E-05 -1.5358E-03 -4.3613E-04  2.2604E+03  1.9917E+01 -1.2366E+03  0.0000E+00 -2.0000E-03   1   5
 -1.6147E-04  1.1608E-03 -1.0440E-03 -1.9175E+03 -1.7051E+03  1.4219E+03  0.0000E+00 -2.0000E-03   1   5
 -2.7280E-04  8.1293E-04  7.4966E-04 -1.5145E+03  1.9309E+02 -6.4806E+02  0.0000E+00 -2.0000E-03   1   5
 -3.9131E-04  5.8232E-04  2.6916E-04 -1.3298E+03 -3.2419E+02  3.1127E+02  0.0000E+00 -2.0000E-03   1   5
 -5.2039E-04  3.9665E-04 -1.1326E-04 -1.2764E+03 -7.3740E+02 -2.1034E+03  0.0000E+00 -2.0000E-03   1   5
 -6.6685E-04  2.3271E-04 -5.2814E-04 -1.6200E+03 -1.1573E+03  1.8641E+03  0.0000E+00 -2.0000E-03   1   5
 -8.3803E-04  7.9457E-05 -1.2921E-03  1.1410E+03 -1.5944E+03 -4.1682E+02  0.0000E+00 -2.0000E-03   1   5
 -1.0743E-03 -7.0525E-05  6.3372E-04  1.1561E+03 -2.1624E+03  5.5062E+02  0.0000E+00 -2.0000E-03   1   5
 -1.5208E-03 -2.2483E-04  1.9012E-04  1.3526E+03 -3.2980E+03 -1.6038E+03  0.0000E+00 -2.0000E-03   1   5
  1.3221E-03 -3.4500E-04 -1.8991E-04  2.3682E+02  2.9614E+03  1.0933E+03  0.0000E+00 -2.0000E-03   1   5
  9.6538E-04 -5.2208E-04 -6.2879E-04  4.8696E+02  2.1111E+03 -9.3739E+02  0.0000E+00 -2.0000E-03   1   5
  7.5002E-04 -7.2959E-04  6.0812E-04  7.1180E+02  1.5697E+03  7.1015E+01  0.0000E+00 -2.0000E-03   1   5
  5.8525E-04 -1.0102E-03  1.7150E-04  1.0429E+03  1.1872E+03 -3.1587E+03  0.0000E+00 -2.0000E-03   1   5
  4.4956E-04 -1.6241E-03 -2.0857E-04  1.8526E+03  9.6725E+02  2.8350E+03  0.0000E+00 -2.0000E-03   1   5
  2.8939E-04  1.1302E-03 -6.5464E-04 -2.4380E+03 -6.6162E+02 -1.2164E+02  0.0000E+00 -2.0000E-03   1   5
  1.7370E-04  7.9462E-04  1.2545E-03 -2.1356E+03 -1.3312E+03  8.8063E+02  0.0000E+00 -2.0000E-03   1   5
  6.0845E-05  5.7267E-04  5.0829E-04 -2.6336E+03  6.1440E+02 -1.1462E+03  0.0000E+00 -2.0000E-03   1   5
 -4.3626E-05  3.8942E-04  9.4962E-05  1.3127E+03  2.1080E+02  1.5294E+03  0.0000E+00 -2.0000E-03   1   5
 -1.5563E-04  2.2700E-04 -2.8782E-04  6.1262E+02 -1.7675E+02 -6.0000E+02  0.0000E+00 -2.0000E-03   1   5
 -2.6965E-04  7.4958E-05 -7.7195E-04  5.9781E+02 -5.4377E+02  3.5608E+02  0.0000E+00 -2.0000E-03   1   5
 -3.8958E-04 -7.3538E-05  1.0163E-03  6.6119E+02 -9.1919E+02 -1.9536E+03  0.0000E+00 -2.0000E-03   1   5
 -5.1967E-04 -2.2426E-04  4.1684E-04  7.6434E+02 -1.3935E+03  2.0000E+03  0.0000E+00 -2.0000E-03   1   5
 -6.6673E-04 -3.8413E-04  1.9463E-05  9.1005E+02 -2.3752E+03 -3.4333E+02  0.0000E+00 -2.0000E-03   1   5
 -8.4401E-04 -5.5561E-04 -3.7036E-04  1.0454E+03  5.5550E+02  6.0084E+02  0.0000E+00 -2.0000E-03   1   5
 -1.0851E-03 -7.6799E-04 -9.1181E-04  1.3157E+03 -6.5493E+02 -1.5104E+03  0.0000E+00 -2.0000E-03   1   5
 -1.5619E-03 -1.0619E-03  8.5157E-04  1.7370E+03 -1.5495E+03  1.1817E+03  0.0000E+00 -2.0000E-03   1   5
  1.3065E-03 -1.7420E-03  3.3130E-04  1.4449E+03  2.7155E+03 -8.5956E+02  0.0000E+00 -2.0000E-03   1   5
