  8.5491E-08  0.0000E+00  9.9999E+02  6.5952E-01  1.4666E+00  9.6718E-01 -1.7273E-02
  3.0000E-03  1.0007E-02  9.9999E+02  6.5952E-01  1.4666E+00  9.6718E-01 -1.7263E-02
  5.9979E-03  2.0007E-02  9.9999E+02  6.5952E-01  1.4665E+00  9.6718E-01 -1.7254E-02
  8.9958E-03  3.0007E-02  9.9999E+02  6.5952E-01  1.4666E+00  9.6718E-01 -1.7245E-02
  1.1994E-02  4.0007E-02  9.9999E+02  6.5952E-01  1.4666E+00  9.6718E-01 -1.7235E-02
  1.4992E-02  5.0007E-02  9.9999E+02  6.5952E-01  1.4666E+00  9.6718E-01 -1.7226E-02
  1.7990E-02  6.0007E-02  9.9999E+02  6.5952E-01  1.4666E+00  9.6718E-01 -1.7217E-02
  2.0988E-02  7.0007E-02  9.9999E+02  6.5952E-01  1.4665E+00  9.6718E-01 -1.7208E-02
  2.3985E-02  8.0007E-02  9.9999E+02  6.5952E-01  1.4666E+00  9.6718E-01 -1.7198E-02
  2.6983E-02  9.0007E-02  9.9999E+02  6.5952E-01  1.4666E+00  9.6718E-01 -1.7189E-02
  2.9981E-02  1.0001E-01  9.9999E+02  6.5952E-01  1.4665E+00  9.6718E-01 -1.7180E-02
  3.2979E-02  1.1001E-01  9.9999E+02  6.5952E-01  1.4666E+00  9.6718E-01 -1.7170E-02
  3.5977E-02  1.2001E-01  9.9999E+02  6.5952E-01  1.4666E+00  9.6718E-01 -1.7161E-02
  3.8975E-02  1.3001E-01  9.9999E+02  6.5952E-01  1.4665E+00  9.6718E-01 -1.7152E-02
  4.1973E-02  1.4001E-01  9.9999E+02  6.5952E-01  1.4666E+00  9.6718E-01 -1.7143E-02
  4.4971E-02  1.5001E-01  9.9999E+02  6.5952E-01  1.4666E+00  9.6718E-01 -1.7133E-02
  4.7969E-02  1.6001E-01  9.9999E+02  6.5952E-01  1.4666E+00  9.6718E-01 -1.7124E-02
  5.0967E-02  1.7001E-01  9.9999E+02  6.5952E-01  1.4666E+00  9.6718E-01 -1.7115E-02
  5.3965E-02  1.8001E-01  9.9999E+02  6.5952E-01  1.4666E+00  9.6718E-01 -1.7105E-02
  5.6963E-02  1.9001E-01  9.9999E+02  6.5952E-01  1.4666E+00  9.6718E-01 -1.7096E-02
  5.9961E-02  2.0001E-01  9.9999E+02  6.5952E-01  1.4666E+00  9.6718E-01 -1.7087E-02
  6.2958E-02  2.1001E-01  9.9999E+02  6.5952E-01  1.4666E+00  9.6718E-01 -1.7078E-02
  6.5956E-02  2.2001E-01  9.9999E+02  6.5952E-01  1.4665E+00  9.6718E-01 -1.7068E-02
  6.8954E-02  2.3001E-01  9.9999E+02  6.5952E-01  1.4666E+00  9.6718E-01 -1.7059E-02
  7.1952E-02  2.4001E-01  9.9999E+02  6.5952E-01  1.4666E+00  9.6718E-01 -1.7050E-02
  7.4950E-02  2.5001E-01  9.9999E+02  6.5952E-01  1.4666E+00  9.6718E-01 -1.7040E-02
  7.7948E-02  2.6001E-01  9.9999E+02  6.5952E-01  1.4666E+00  9.6718E-01 -1.7031E-02
  8.0946E-02  2.7001E-01  9.9999E+02  6.5952E-01  1.4666E+00  9.6718E-01 -1.7022E-02
  8.3944E-02  2.8001E-01  9.9999E+02  6.5952E-01  1.4665E+00  9.6718E-01 -1.7013E-02
  8.6942E-02  2.9001E-01  9.9999E+02  6.5952E-01  1.4665E+00  9.6718E-01 -1.7003E-02
  8.9940E-02  3.0001E-01  9.9999E+02  6.5952E-01  1.4666E+00  9.6718E-01 -1.6994E-02
  9.2938E-02  3.1001E-01  9.9999E+02  6.5952E-01  1.4666E+00  9.6718E-01 -1.6985E-02
  9.5936E-02  3.2001E-01  9.9999E+02  6.5952E-01  1.4665E+00  9.6718E-01 -1.6975E-02
  9.8934E-02  3.3001E-01  9.9999E+02  6.5952E-01  1.4665E+00  9.6718E-01 -1.6966E-02
  1.0193E-01  3.4001E-01  9.9999E+02  6.5952E-01  1.4666E+00  9.6718E-01 -1.6957E-02
  1.0493E-01  3.5001E-01  9.9999E+02  6.5952E-01  1.4665E+00  9.6718E-01 -1.6948E-02
  1.0793E-01  3.6001E-01  9.9999E+02  6.5952E-01  1.4666E+00  9.6718E-01 -1.6938E-02
  1.1093E-01  3.7001E-01  9.9999E+02  6.5952E-01  1.4666E+00  9.6718E-01 -1.6929E-02
  1.1392E-01  3.8001E-01  9.9999E+02  6.5952E-01  1.4666E+00  9.6718E-01 -1.6920E-02
  1.1692E-01  3.9001E-01  9.9999E+02  6.5952E-01  1.4666E+00  9.6718E-01 -1.6911E-02
  1.1992E-01  4.0001E-01  9.9999E+02  6.5952E-01  1.4666E+00  9.6718E-01 -1.6901E-02
  1.2292E-01  4.1001E-01  9.9999E+02  6.5952E-01  1.4665E+00  9.6718E-01 -1.6892E-02
  1.2591E-01  4.2001E-01  9.9999E+02  6.5952E-01  1.4666E+00  9.6718E-01 -1.6883E-02
  1.2891E-01  4.3001E-01  9.9999E+02  6.5952E-01  1.4666E+00  9.6718E-01 -1.6873E-02
  1.3191E-01  4.4001E-01  9.9999E+02  6.5952E-01  1.4666E+00  9.6718E-01 -1.6864E-02
  1.3491E-01  4.5001E-01  9.9999E+02  6.5952E-01  1.4666E+00  9.6718E-01 -1.6855E-02
  1.3791E-01  4.6001E-01  9.9999E+02  6.5952E-01  1.4666E+00  9.6718E-01 -1.6846E-02
  1.4090E-01  4.7001E-01  9.9999E+02  6.5952E-01  1.4666E+00  9.6718E-01 -1.6836E-02
  1.4390E-01  4.8001E-01  9.9999E+02  6.5952E-01  1.4666E+00  9.6718E-01 -1.6827E-02
  1.4690E-01  4.9001E-01  9.9999E+02  6.5952E-01  1.4666E+00  9.6718E-01 -1.6818E-02
  1.5000E-01  5.0035E-01  9.9999E+02  6.5952E-01  1.4666E+00  9.6718E-01 -1.6808E-02
  1.5300E-01  5.1035E-01  9.9999E+02  6.5952E-01  1.4666E+00  9.6718E-01 -1.6799E-02
  1.5600E-01  5.2035E-01  9.9999E+02  6.5952E-01  1.4665E+00  9.6718E-01 -1.6790E-02
  1.5899E-01  5.3035E-01  9.9999E+02  6.5952E-01  1.4666E+00  9.6718E-01 -1.6780E-02
  1.6199E-01  5.4035E-01  9.9999E+02  6.5952E-01  1.4666E+00  9.6718E-01 -1.6771E-02
  1.6499E-01  5.5035E-01  9.9999E+02  6.5952E-01  1.4666E+00  9.6718E-01 -1.6762E-02
  1.6799E-01  5.6035E-01  9.9999E+02  6.5952E-01  1.4665E+00  9.6718E-01 -1.6752E-02
  1.7099E-01  5.7035E-01  9.9999E+02  6.5952E-01  1.4666E+00  9.6718E-01 -1.6743E-02
  1.7398E-01  5.8035E-01  9.9999E+02  6.5952E-01  1.4666E+00  9.6718E-01 -1.6734E-02
  1.7698E-01  5.9035E-01  9.9999E+02  6.5952E-01  1.4666E+00  9.6718E-01 -1.6725E-02
  1.7998E-01  6.0035E-01  9.9999E+02  6.5952E-01  1.4666E+00  9.6718E-01 -1.6715E-02
  1.8298E-01  6.1035E-01  9.9999E+02  6.5952E-01  1.4666E+00  9.6718E-01 -1.6706E-02
  1.8598E-01  6.2035E-01  9.9999E+02  6.5952E-01  1.4666E+00  9.6718E-01 -1.6697E-02
  1.8897E-01  6.3035E-01  9.9999E+02  6.5952E-01  1.4666E+00  9.6719E-01 -1.6687E-02
  1.9197E-01  6.4035E-01  9.9999E+02  6.5952E-01  1.4666E+00  9.6719E-01 -1.6678E-02
  1.9497E-01  6.5035E-01  9.9999E+02  6.5952E-01  1.4666E+00  9.6719E-01 -1.6669E-02
  1.9797E-01  6.6035E-01  9.9999E+02  6.5952E-01  1.4666E+00  9.6719E-01 -1.6660E-02
  2.0096E-01  6.7035E-01  9.9999E+02  6.5952E-01  1.4665E+00  9.6719E-01 -1.6650E-02
  2.0396E-01  6.8035E-01  9.9999E+02  6.5952E-01  1.4665E+00  9.6719E-01 -1.6641E-02
  2.0696E-01  6.9035E-01  9.9999E+02  6.5952E-01  1.4666E+00  9.6719E-01 -1.6632E-02
  2.0996E-01  7.0035E-01  9.9999E+02  6.5952E-01  1.4666E+00  9.6719E-01 -1.6622E-02
  2.1296E-01  7.1035E-01  9.9999E+02  6.5952E-01  1.4666E+00  9.6719E-01 -1.6613E-02
  2.1595E-01  7.2035E-01  9.9999E+02  6.5952E-01  1.4666E+00  9.6719E-01 -1.6604E-02
  2.1895E-01  7.3035E-01  9.9999E+02  6.5952E-01  1.4666E+00  9.6719E-01 -1.6595E-02
  2.2195E-01  7.4035E-01  9.9999E+02  6.5952E-01  1.4666E+00  9.6719E-01 -1.6585E-02
  2.2495E-01  7.5035E-01  9.9999E+02  6.5952E-01  1.4666E+00  9.6719E-01 -1.6576E-02
  2.2795E-01  7.6035E-01  9.9999E+02  6.5952E-01  1.4666E+00  9.6719E-01 -1.6567E-02
  2.3094E-01  7.7035E-01  9.9999E+02  6.5952E-01  1.4666E+00  9.6719E-01 -1.6557E-02
  2.3394E-01  7.8035E-01  9.9999E+02  6.5952E-01  1.4666E+00  9.6719E-01 -1.6548E-02
  2.3694E-01  7.9035E-01  9.9999E+02  6.5952E-01  1.4666E+00  9.6719E-01 -1.6539E-02
  2.3994E-01  8.0035E-01  9.9999E+02  6.5952E-01  1.4666E+00  9.6719E-01 -1.6530E-02
  2.4294E-01  8.1035E-01  9.9999E+02  6.5952E-01  1.4666E+00  9.6719E-01 -1.6520E-02
  2.4593E-01  8.2035E-01  9.9999E+02  6.5952E-01  1.4665E+00  9.6719E-01 -1.6511E-02
  2.4893E-01  8.3035E-01  9.9999E+02  6.5952E-01  1.4666E+00  9.6719E-01 -1.6502E-02
  2.5193E-01  8.4035E-01  9.9999E+02  6.5952E-01  1.4666E+00  9.6719E-01 -1.6492E-02
  2.5493E-01  8.5035E-01  9.9999E+02  6.5952E-01  1.4666E+00  9.6719E-01 -1.6483E-02
  2.5793E-01  8.6035E-01  9.9999E+02  6.5952E-01  1.4666E+00  9.6719E-01 -1.6474E-02
  2.6092E-01  8.7035E-01  9.9999E+02  6.5952E-01  1.4666E+00  9.6719E-01 -1.6465E-02
  2.6392E-01  8.8035E-01  9.9999E+02  6.5952E-01  1.4666E+00  9.6719E-01 -1.6455E-02
  2.6692E-01  8.9035E-01  9.9999E+02  6.5952E-01  1.4666E+00  9.6719E-01 -1.6446E-02
  2.6992E-01  9.0035E-01  9.9999E+02  6.5952E-01  1.4665E+00  9.6719E-01 -1.6437E-02
  2.7291E-01  9.1035E-01  9.9999E+02  6.5952E-01  1.4666E+00  9.6719E-01 -1.6428E-02
  2.7591E-01  9.2035E-01  9.9999E+02  6.5952E-01  1.4666E+00  9.6719E-01 -1.6418E-02
  2.7891E-01  9.3035E-01  9.9999E+02  6.5952E-01  1.4666E+00  9.6719E-01 -1.6409E-02
  2.8191E-01  9.4035E-01  9.9999E+02  6.5952E-01  1.4666E+00  9.6719E-01 -1.6400E-02
  2.8491E-01  9.5035E-01  9.9999E+02  6.5952E-01  1.4666E+00  9.6719E-01 -1.6390E-02
  2.8790E-01  9.6035E-01  9.9999E+02  6.5952E-01  1.4666E+00  9.6719E-01 -1.6381E-02
  2.9090E-01  9.7035E-01  9.9999E+02  6.5952E-01  1.4666E+00  9.6719E-01 -1.6372E-02
  2.9390E-01  9.8035E-01  9.9999E+02  6.5952E-01  1.4666E+00  9.6719E-01 -1.6363E-02
  2.9700E-01  9.9069E-01  9.9999E+02  6.5952E-01  1.4665E+00  9.6719E-01 -1.6353E-02
  3.0000E-01  1.0007E+00  9.9999E+02  6.5952E-01  1.4666E+00  9.6719E-01 -1.6344E-02
  3.0300E-01  1.0107E+00  9.9999E+02  6.5952E-01  1.4666E+00  9.6719E-01 -1.6334E-02
  3.0599E-01  1.0207E+00  9.9999E+02  6.5952E-01  1.4666E+00  9.6719E-01 -1.6325E-02
  3.0899E-01  1.0307E+00  9.9999E+02  6.5952E-01  1.4666E+00  9.6719E-01 -1.6316E-02
  3.1199E-01  1.0407E+00  9.9999E+02  6.5952E-01  1.4666E+00  9.6719E-01 -1.6307E-02
  3.1499E-01  1.0507E+00  9.9999E+02  6.5952E-01  1.4666E+00  9.6719E-01 -1.6297E-02
  3.1799E-01  1.0607E+00  9.9999E+02  6.5952E-01  1.4666E+00  9.6719E-01 -1.6288E-02
  3.2098E-01  1.0707E+00  9.9999E+02  6.5952E-01  1.4666E+00  9.6719E-01 -1.6279E-02
  3.2398E-01  1.0807E+00  9.9999E+02  6.5952E-01  1.4666E+00  9.6719E-01 -1.6269E-02
  3.2698E-01  1.0907E+00  9.9999E+02  6.5952E-01  1.4666E+00  9.6719E-01 -1.6260E-02
  3.2998E-01  1.1007E+00  9.9999E+02  6.5952E-01  1.4666E+00  9.6719E-01 -1.6251E-02
  3.3298E-01  1.1107E+00  9.9999E+02  6.5952E-01  1.4666E+00  9.6719E-01 -1.6242E-02
  3.3597E-01  1.1207E+00  9.9999E+02  6.5952E-01  1.4666E+00  9.6719E-01 -1.6232E-02
  3.3897E-01  1.1307E+00  9.9999E+02  6.5952E-01  1.4666E+00  9.6719E-01 -1.6223E-02
  3.4197E-01  1.1407E+00  9.9999E+02  6.5952E-01  1.4666E+00  9.6719E-01 -1.6214E-02
  3.4497E-01  1.1507E+00  9.9999E+02  6.5952E-01  1.4666E+00  9.6719E-01 -1.6204E-02
  3.4796E-01  1.1607E+00  9.9999E+02  6.5952E-01  1.4666E+00  9.6719E-01 -1.6195E-02
  3.5096E-01  1.1707E+00  9.9999E+02  6.5952E-01  1.4666E+00  9.6719E-01 -1.6186E-02
  3.5396E-01  1.1807E+00  9.9999E+02  6.5952E-01  1.4666E+00  9.6719E-01 -1.6177E-02
  3.5696E-01  1.1907E+00  9.9999E+02  6.5952E-01  1.4666E+00  9.6719E-01 -1.6167E-02
  3.5996E-01  1.2007E+00  9.9999E+02  6.5952E-01  1.4666E+00  9.6719E-01 -1.6158E-02
  3.6295E-01  1.2107E+00  9.9999E+02  6.5952E-01  1.4666E+00  9.6719E-01 -1.6149E-02
  3.6595E-01  1.2207E+00  9.9999E+02  6.5952E-01  1.4666E+00  9.6719E-01 -1.6139E-02
  3.6895E-01  1.2307E+00  9.9999E+02  6.5952E-01  1.4666E+00  9.6719E-01 -1.6130E-02
  3.7195E-01  1.2407E+00  9.9999E+02  6.5952E-01  1.4666E+00  9.6719E-01 -1.6121E-02
  3.7495E-01  1.2507E+00  9.9999E+02  6.5952E-01  1.4666E+00  9.6719E-01 -1.6112E-02
  3.7794E-01  1.2607E+00  9.9999E+02  6.5952E-01  1.4666E+00  9.6719E-01 -1.6102E-02
  3.8094E-01  1.2707E+00  9.9999E+02  6.5952E-01  1.4666E+00  9.6719E-01 -1.6093E-02
  3.8394E-01  1.2807E+00  9.9999E+02  6.5952E-01  1.4666E+00  9.6719E-01 -1.6084E-02
  3.8694E-01  1.2907E+00  9.9999E+02  6.5952E-01  1.4666E+00  9.6720E-01 -1.6074E-02
  3.8994E-01  1.3007E+00  9.9999E+02  6.5952E-01  1.4666E+00  9.6720E-01 -1.6065E-02
  3.9293E-01  1.3107E+00  9.9999E+02  6.5952E-01  1.4666E+00  9.6720E-01 -1.6056E-02
  3.9593E-01  1.3207E+00  9.9999E+02  6.5952E-01  1.4666E+00  9.6720E-01 -1.6047E-02
  3.9893E-01  1.3307E+00  9.9999E+02  6.5952E-01  1.4666E+00  9.6720E-01 -1.6037E-02
  4.0193E-01  1.3407E+00  9.9999E+02  6.5952E-01  1.4666E+00  9.6720E-01 -1.6028E-02
  4.0493E-01  1.3507E+00  9.9999E+02  6.5952E-01  1.4666E+00  9.6720E-01 -1.6019E-02
  4.0792E-01  1.3607E+00  9.9999E+02  6.5952E-01  1.4666E+00  9.6720E-01 -1.6009E-02
  4.1092E-01  1.3707E+00  9.9999E+02  6.5952E-01  1.4666E+00  9.6720E-01 -1.6000E-02
  4.1392E-01  1.3807E+00  9.9999E+02  6.5952E-01  1.4666E+00  9.6720E-01 -1.5991E-02
  4.1692E-01  1.3907E+00  9.9999E+02  6.5952E-01  1.4666E+00  9.6720E-01 -1.5982E-02
  4.1991E-01  1.4007E+00  9.9999E+02  6.5952E-01  1.4666E+00  9.6720E-01 -1.5972E-02
  4.2291E-01  1.4107E+00  9.9999E+02  6.5952E-01  1.4666E+00  9.6720E-01 -1.5963E-02
  4.2591E-01  1.4207E+00  9.9999E+02  6.5952E-01  1.4666E+00  9.6720E-01 -1.5954E-02
  4.2891E-01  1.4307E+00  9.9999E+02  6.5952E-01  1.4666E+00  9.6720E-01 -1.5945E-02
  4.3191E-01  1.4407E+00  9.9999E+02  6.5952E-01  1.4666E+00  9.6720E-01 -1.5935E-02
  4.3490E-01  1.4507E+00  9.9999E+02  6.5952E-01  1.4666E+00  9.6720E-01 -1.5926E-02
  4.3790E-01  1.4607E+00  9.9999E+02  6.5952E-01  1.4666E+00  9.6720E-01 -1.5917E-02
  4.4090E-01  1.4707E+00  9.9999E+02  6.5952E-01  1.4665E+00  9.6720E-01 -1.5907E-02
  4.4400E-01  1.4810E+00  9.9999E+02  6.5952E-01  1.4666E+00  9.6720E-01 -1.5898E-02
  4.4700E-01  1.4910E+00  9.9999E+02  6.5952E-01  1.4666E+00  9.6720E-01 -1.5889E-02
  4.5000E-01  1.5010E+00  9.9999E+02  6.5952E-01  1.4667E+00  9.6720E-01 -1.5879E-02
  4.5299E-01  1.5110E+00  9.9999E+02  6.5952E-01  1.4666E+00  9.6720E-01 -1.5870E-02
  4.5599E-01  1.5210E+00  9.9999E+02  6.5952E-01  1.4666E+00  9.6720E-01 -1.5861E-02
  4.5899E-01  1.5310E+00  9.9999E+02  6.5952E-01  1.4666E+00  9.6720E-01 -1.5851E-02
  4.6199E-01  1.5410E+00  9.9999E+02  6.5952E-01  1.4666E+00  9.6720E-01 -1.5842E-02
  4.6499E-01  1.5510E+00  9.9999E+02  6.5952E-01  1.4666E+00  9.6720E-01 -1.5833E-02
  4.6798E-01  1.5610E+00  9.9999E+02  6.5952E-01  1.4666E+00  9.6720E-01 -1.5824E-02
  4.7098E-01  1.5710E+00  9.9999E+02  6.5952E-01  1.4666E+00  9.6720E-01 -1.5814E-02
  4.7398E-01  1.5810E+00  9.9999E+02  6.5952E-01  1.4666E+00  9.6720E-01 -1.5805E-02
  4.7698E-01  1.5910E+00  9.9999E+02  6.5952E-01  1.4666E+00  9.6720E-01 -1.5796E-02
  4.7998E-01  1.6010E+00  9.9999E+02  6.5952E-01  1.4666E+00  9.6720E-01 -1.5786E-02
  4.8297E-01  1.6110E+00  9.9999E+02  6.5952E-01  1.4666E+00  9.6720E-01 -1.5777E-02
  4.8597E-01  1.6210E+00  9.9999E+02  6.5952E-01  1.4666E+00  9.6720E-01 -1.5768E-02
  4.8897E-01  1.6310E+00  9.9999E+02  6.5952E-01  1.4666E+00  9.6720E-01 -1.5759E-02
  4.9197E-01  1.6410E+00  9.9999E+02  6.5952E-01  1.4666E+00  9.6720E-01 -1.5749E-02
  4.9496E-01  1.6510E+00  9.9999E+02  6.5952E-01  1.4666E+00  9.6720E-01 -1.5740E-02
  4.9796E-01  1.6610E+00  9.9999E+02  6.5952E-01  1.4666E+00  9.6720E-01 -1.5731E-02
  5.0096E-01  1.6710E+00  9.9999E+02  6.5952E-01  1.4666E+00  9.6720E-01 -1.5721E-02
  5.0396E-01  1.6810E+00  9.9999E+02  6.5952E-01  1.4666E+00  9.6720E-01 -1.5712E-02
  5.0696E-01  1.6910E+00  9.9999E+02  6.5952E-01  1.4666E+00  9.6720E-01 -1.5703E-02
  5.0995E-01  1.7010E+00  9.9999E+02  6.5952E-01  1.4666E+00  9.6720E-01 -1.5694E-02
  5.1295E-01  1.7110E+00  9.9999E+02  6.5952E-01  1.4666E+00  9.6720E-01 -1.5684E-02
  5.1595E-01  1.7210E+00  9.9999E+02  6.5952E-01  1.4666E+00  9.6720E-01 -1.5675E-02
  5.1895E-01  1.7310E+00  9.9999E+02  6.5952E-01  1.4665E+00  9.6720E-01 -1.5666E-02
  5.2195E-01  1.7410E+00  9.9999E+02  6.5952E-01  1.4666E+00  9.6720E-01 -1.5656E-02
  5.2494E-01  1.7510E+00  9.9999E+02  6.5952E-01  1.4666E+00  9.6720E-01 -1.5647E-02
  5.2794E-01  1.7610E+00  9.9999E+02  6.5952E-01  1.4666E+00  9.6720E-01 -1.5638E-02
  5.3094E-01  1.7710E+00  9.9999E+02  6.5952E-01  1.4666E+00  9.6720E-01 -1.5629E-02
  5.3394E-01  1.7810E+00  9.9999E+02  6.5952E-01  1.4666E+00  9.6720E-01 -1.5619E-02
  5.3694E-01  1.7910E+00  9.9999E+02  6.5952E-01  1.4666E+00  9.6720E-01 -1.5610E-02
  5.3993E-01  1.8010E+00  9.9999E+02  6.5952E-01  1.4666E+00  9.6720E-01 -1.5601E-02
  5.4293E-01  1.8110E+00  9.9999E+02  6.5952E-01  1.4666E+00  9.6720E-01 -1.5591E-02
  5.4593E-01  1.8210E+00  9.9999E+02  6.5952E-01  1.4666E+00  9.6720E-01 -1.5582E-02
  5.4893E-01  1.8310E+00  9.9999E+02  6.5952E-01  1.4666E+00  9.6720E-01 -1.5573E-02
  5.5193E-01  1.8410E+00  9.9999E+02  6.5952E-01  1.4666E+00  9.6720E-01 -1.5564E-02
  5.5492E-01  1.8510E+00  9.9999E+02  6.5952E-01  1.4666E+00  9.6720E-01 -1.5554E-02
  5.5792E-01  1.8610E+00  9.9999E+02  6.5952E-01  1.4666E+00  9.6720E-01 -1.5545E-02
  5.6092E-01  1.8710E+00  9.9999E+02  6.5952E-01  1.4666E+00  9.6720E-01 -1.5536E-02
  5.6392E-01  1.8810E+00  9.9999E+02  6.5952E-01  1.4666E+00  9.6720E-01 -1.5527E-02
  5.6691E-01  1.8910E+00  9.9999E+02  6.5952E-01  1.4666E+00  9.6720E-01 -1.5517E-02
  5.6991E-01  1.9010E+00  9.9999E+02  6.5952E-01  1.4666E+00  9.6720E-01 -1.5508E-02
  5.7291E-01  1.9110E+00  9.9999E+02  6.5952E-01  1.4666E+00  9.6720E-01 -1.5499E-02
  5.7591E-01  1.9210E+00  9.9999E+02  6.5952E-01  1.4666E+00  9.6720E-01 -1.5489E-02
  5.7891E-01  1.9310E+00  9.9999E+02  6.5952E-01  1.4666E+00  9.6720E-01 -1.5480E-02
  5.8190E-01  1.9410E+00  9.9999E+02  6.5952E-01  1.4666E+00  9.6720E-01 -1.5471E-02
  5.8490E-01  1.9510E+00  9.9999E+02  6.5952E-01  1.4666E+00  9.6721E-01 -1.5462E-02
  5.8790E-01  1.9610E+00  9.9999E+02  6.5952E-01  1.4666E+00  9.6721E-01 -1.5452E-02
  5.9100E-01  1.9714E+00  9.9999E+02  6.5952E-01  1.4666E+00  9.6721E-01 -1.5443E-02
  5.9400E-01  1.9814E+00  9.9999E+02  6.5952E-01  1.4666E+00  9.6721E-01 -1.5433E-02
  5.9700E-01  1.9914E+00  9.9999E+02  6.5952E-01  1.4666E+00  9.6721E-01 -1.5424E-02
  5.9999E-01  2.0014E+00  9.9999E+02  6.5952E-01  1.4666E+00  9.6721E-01 -1.5415E-02
  6.0299E-01  2.0114E+00  9.9999E+02  6.5952E-01  1.4666E+00  9.6721E-01 -1.5406E-02
  6.0599E-01  2.0214E+00  9.9999E+02  6.5952E-01  1.4666E+00  9.6721E-01 -1.5396E-02
  6.0899E-01  2.0314E+00  9.9999E+02  6.5952E-01  1.4666E+00  9.6721E-01 -1.5387E-02
  6.1199E-01  2.0414E+00  9.9999E+02  6.5952E-01  1.4666E+00  9.6721E-01 -1.5378E-02
  6.1498E-01  2.0514E+00  9.9999E+02  6.5952E-01  1.4666E+00  9.6721E-01 -1.5368E-02
  6.1798E-01  2.0614E+00  9.9999E+02  6.5952E-01  1.4666E+00  9.6721E-01 -1.5359E-02
  6.2098E-01  2.0714E+00  9.9999E+02  6.5952E-01  1.4666E+00  9.6721E-01 -1.5350E-02
  6.2398E-01  2.0814E+00  9.9999E+02  6.5952E-01  1.4666E+00  9.6721E-01 -1.5341E-02
  6.2698E-01  2.0914E+00  9.9999E+02  6.5952E-01  1.4666E+00  9.6721E-01 -1.5331E-02
  6.2997E-01  2.1014E+00  9.9999E+02  6.5952E-01  1.4666E+00  9.6721E-01 -1.5322E-02
  6.3297E-01  2.1114E+00  9.9999E+02  6.5952E-01  1.4666E+00  9.6721E-01 -1.5313E-02
  6.3597E-01  2.1214E+00  9.9999E+02  6.5952E-01  1.4666E+00  9.6721E-01 -1.5303E-02
  6.3897E-01  2.1314E+00  9.9999E+02  6.5952E-01  1.4666E+00  9.6721E-01 -1.5294E-02
  6.4196E-01  2.1414E+00  9.9999E+02  6.5952E-01  1.4666E+00  9.6721E-01 -1.5285E-02
  6.4496E-01  2.1514E+00  9.9999E+02  6.5952E-01  1.4667E+00  9.6721E-01 -1.5276E-02
  6.4796E-01  2.1614E+00  9.9999E+02  6.5952E-01  1.4666E+00  9.6721E-01 -1.5266E-02
  6.5096E-01  2.1714E+00  9.9999E+02  6.5952E-01  1.4666E+00  9.6721E-01 -1.5257E-02
  6.5396E-01  2.1814E+00  9.9999E+02  6.5952E-01  1.4666E+00  9.6721E-01 -1.5248E-02
  6.5695E-01  2.1914E+00  9.9999E+02  6.5952E-01  1.4666E+00  9.6721E-01 -1.5238E-02
  6.5995E-01  2.2014E+00  9.9999E+02  6.5952E-01  1.4666E+00  9.6721E-01 -1.5229E-02
  6.6295E-01  2.2114E+00  9.9999E+02  6.5952E-01  1.4666E+00  9.6721E-01 -1.5220E-02
  6.6595E-01  2.2214E+00  9.9999E+02  6.5952E-01  1.4666E+00  9.6721E-01 -1.5211E-02
  6.6895E-01  2.2314E+00  9.9999E+02  6.5952E-01  1.4666E+00  9.6721E-01 -1.5201E-02
  6.7194E-01  2.2414E+00  9.9999E+02  6.5952E-01  1.4666E+00  9.6721E-01 -1.5192E-02
  6.7494E-01  2.2514E+00  9.9999E+02  6.5952E-01  1.4666E+00  9.6721E-01 -1.5183E-02
  6.7794E-01  2.2614E+00  9.9999E+02  6.5952E-01  1.4666E+00  9.6721E-01 -1.5173E-02
  6.8094E-01  2.2714E+00  9.9999E+02  6.5952E-01  1.4666E+00  9.6721E-01 -1.5164E-02
  6.8394E-01  2.2814E+00  9.9999E+02  6.5952E-01  1.4666E+00  9.6721E-01 -1.5155E-02
  6.8693E-01  2.2914E+00  9.9999E+02  6.5952E-01  1.4666E+00  9.6721E-01 -1.5146E-02
  6.8993E-01  2.3014E+00  9.9999E+02  6.5952E-01  1.4666E+00  9.6721E-01 -1.5136E-02
  6.9293E-01  2.3114E+00  9.9999E+02  6.5952E-01  1.4666E+00  9.6721E-01 -1.5127E-02
  6.9593E-01  2.3214E+00  9.9999E+02  6.5952E-01  1.4666E+00  9.6721E-01 -1.5118E-02
  6.9893E-01  2.3314E+00  9.9999E+02  6.5952E-01  1.4666E+00  9.6721E-01 -1.5109E-02
  7.0192E-01  2.3414E+00  9.9999E+02  6.5952E-01  1.4666E+00  9.6721E-01 -1.5099E-02
  7.0492E-01  2.3514E+00  9.9999E+02  6.5952E-01  1.4666E+00  9.6721E-01 -1.5090E-02
  7.0792E-01  2.3614E+00  9.9999E+02  6.5952E-01  1.4666E+00  9.6721E-01 -1.5081E-02
  7.1092E-01  2.3714E+00  9.9999E+02  6.5952E-01  1.4666E+00  9.6721E-01 -1.5071E-02
  7.1391E-01  2.3814E+00  9.9999E+02  6.5952E-01  1.4667E+00  9.6721E-01 -1.5062E-02
  7.1691E-01  2.3914E+00  9.9999E+02  6.5952E-01  1.4666E+00  9.6721E-01 -1.5053E-02
  7.1991E-01  2.4014E+00  9.9999E+02  6.5952E-01  1.4666E+00  9.6721E-01 -1.5044E-02
  7.2291E-01  2.4114E+00  9.9999E+02  6.5952E-01  1.4666E+00  9.6721E-01 -1.5034E-02
  7.2591E-01  2.4214E+00  9.9999E+02  6.5952E-01  1.4666E+00  9.6721E-01 -1.5025E-02
  7.2890E-01  2.4314E+00  9.9999E+02  6.5952E-01  1.4666E+00  9.6721E-01 -1.5016E-02
  7.3190E-01  2.4414E+00  9.9999E+02  6.5952E-01  1.4666E+00  9.6721E-01 -1.5006E-02
  7.3490E-01  2.4514E+00  9.9999E+02  6.5952E-01  1.4666E+00  9.6721E-01 -1.4997E-02
  7.3800E-01  2.4617E+00  9.9999E+02  6.5952E-01  1.4666E+00  9.6721E-01 -1.4988E-02
  7.4100E-01  2.4717E+00  9.9999E+02  6.5952E-01  1.4666E+00  9.6721E-01 -1.4978E-02
  7.4400E-01  2.4817E+00  9.9999E+02  6.5952E-01  1.4666E+00  9.6721E-01 -1.4969E-02
  7.4699E-01  2.4917E+00  9.9999E+02  6.5952E-01  1.4666E+00  9.6721E-01 -1.4960E-02
  7.4999E-01  2.5017E+00  9.9999E+02  6.5952E-01  1.4666E+00  9.6721E-01 -1.4950E-02
  7.5299E-01  2.5117E+00  9.9999E+02  6.5952E-01  1.4666E+00  9.6721E-01 -1.4941E-02
  7.5599E-01  2.5217E+00  9.9999E+02  6.5952E-01  1.4667E+00  9.6721E-01 -1.4932E-02
  7.5899E-01  2.5317E+00  9.9999E+02  6.5952E-01  1.4666E+00  9.6721E-01 -1.4923E-02
  7.6198E-01  2.5417E+00  9.9999E+02  6.5952E-01  1.4666E+00  9.6721E-01 -1.4913E-02
  7.6498E-01  2.5517E+00  9.9999E+02  6.5952E-01  1.4667E+00  9.6721E-01 -1.4904E-02
  7.6798E-01  2.5617E+00  9.9999E+02  6.5952E-01  1.4666E+00  9.6721E-01 -1.4895E-02
  7.7098E-01  2.5717E+00  9.9999E+02  6.5952E-01  1.4667E+00  9.6721E-01 -1.4885E-02
  7.7398E-01  2.5817E+00  9.9999E+02  6.5952E-01  1.4666E+00  9.6721E-01 -1.4876E-02
  7.7697E-01  2.5917E+00  9.9999E+02  6.5952E-01  1.4667E+00  9.6722E-01 -1.4867E-02
  7.7997E-01  2.6017E+00  9.9999E+02  6.5952E-01  1.4666E+00  9.6722E-01 -1.4858E-02
  7.8297E-01  2.6117E+00  9.9999E+02  6.5952E-01  1.4666E+00  9.6722E-01 -1.4848E-02
  7.8597E-01  2.6217E+00  9.9999E+02  6.5952E-01  1.4666E+00  9.6722E-01 -1.4839E-02
  7.8896E-01  2.6317E+00  9.9999E+02  6.5952E-01  1.4666E+00  9.6722E-01 -1.4830E-02
  7.9196E-01  2.6417E+00  9.9999E+02  6.5952E-01  1.4666E+00  9.6722E-01 -1.4820E-02
  7.9496E-01  2.6517E+00  9.9999E+02  6.5952E-01  1.4666E+00  9.6722E-01 -1.4811E-02
  7.9796E-01  2.6617E+00  9.9999E+02  6.5952E-01  1.4666E+00  9.6722E-01 -1.4802E-02
  8.0096E-01  2.6717E+00  9.9999E+02  6.5952E-01  1.4666E+00  9.6722E-01 -1.4793E-02
  8.0395E-01  2.6817E+00  9.9999E+02  6.5952E-01  1.4666E+00  9.6722E-01 -1.4783E-02
  8.0695E-01  2.6917E+00  9.9999E+02  6.5952E-01  1.4667E+00  9.6722E-01 -1.4774E-02
  8.0995E-01  2.7017E+00  9.9999E+02  6.5952E-01  1.4667E+00  9.6722E-01 -1.4765E-02
  8.1295E-01  2.7117E+00  9.9999E+02  6.5952E-01  1.4666E+00  9.6722E-01 -1.4755E-02
  8.1595E-01  2.7217E+00  9.9999E+02  6.5952E-01  1.4666E+00  9.6722E-01 -1.4746E-02
  8.1894E-01  2.7317E+00  9.9999E+02  6.5952E-01  1.4666E+00  9.6722E-01 -1.4737E-02
  8.2194E-01  2.7417E+00  9.9999E+02  6.5952E-01  1.4666E+00  9.6722E-01 -1.4728E-02
  8.2494E-01  2.7517E+00  9.9999E+02  6.5952E-01  1.4666E+00  9.6722E-01 -1.4718E-02
  8.2794E-01  2.7617E+00  9.9999E+02  6.5952E-01  1.4666E+00  9.6722E-01 -1.4709E-02
  8.3094E-01  2.7717E+00  9.9999E+02  6.5952E-01  1.4666E+00  9.6722E-01 -1.4700E-02
  8.3393E-01  2.7817E+00  9.9999E+02  6.5952E-01  1.4666E+00  9.6722E-01 -1.4690E-02
  8.3693E-01  2.7917E+00  9.9999E+02  6.5952E-01  1.4667E+00  9.6722E-01 -1.4681E-02
  8.3993E-01  2.8017E+00  9.9999E+02  6.5952E-01  1.4666E+00  9.6722E-01 -1.4672E-02
  8.4293E-01  2.8117E+00  9.9999E+02  6.5952E-01  1.4666E+00  9.6722E-01 -1.4663E-02
  8.4593E-01  2.8217E+00  9.9999E+02  6.5952E-01  1.4666E+00  9.6722E-01 -1.4653E-02
  8.4892E-01  2.8317E+00  9.9999E+02  6.5952E-01  1.4666E+00  9.6722E-01 -1.4644E-02
  8.5192E-01  2.8417E+00  9.9999E+02  6.5952E-01  1.4666E+00  9.6722E-01 -1.4635E-02
  8.5492E-01  2.8517E+00  9.9999E+02  6.5952E-01  1.4666E+00  9.6722E-01 -1.4626E-02
  8.5792E-01  2.8617E+00  9.9999E+02  6.5952E-01  1.4666E+00  9.6722E-01 -1.4616E-02
  8.6091E-01  2.8717E+00  9.9999E+02  6.5952E-01  1.4666E+00  9.6722E-01 -1.4607E-02
  8.6391E-01  2.8817E+00  9.9999E+02  6.5952E-01  1.4666E+00  9.6722E-01 -1.4598E-02
  8.6691E-01  2.8917E+00  9.9999E+02  6.5952E-01  1.4666E+00  9.6722E-01 -1.4588E-02
  8.6991E-01  2.9017E+00  9.9999E+02  6.5952E-01  1.4666E+00  9.6722E-01 -1.4579E-02
  8.7291E-01  2.9117E+00  9.9999E+02  6.5952E-01  1.4666E+00  9.6722E-01 -1.4570E-02
  8.7590E-01  2.9217E+00  9.9999E+02  6.5952E-01  1.4666E+00  9.6722E-01 -1.4561E-02
  8.7890E-01  2.9317E+00  9.9999E+02  6.5952E-01  1.4666E+00  9.6722E-01 -1.4551E-02
  8.8190E-01  2.9417E+00  9.9999E+02  6.5952E-01  1.4666E+00  9.6722E-01 -1.4542E-02
  8.8500E-01  2.9520E+00  9.9999E+02  6.5952E-01  1.4666E+00  9.6722E-01 -1.4532E-02
  8.8800E-01  2.9620E+00  9.9999E+02  6.5952E-01  1.4666E+00  9.6722E-01 -1.4523E-02
  8.9100E-01  2.9720E+00  9.9999E+02  6.5952E-01  1.4667E+00  9.6722E-01 -1.4514E-02
  8.9399E-01  2.9820E+00  9.9999E+02  6.5952E-01  1.4666E+00  9.6722E-01 -1.4505E-02
  8.9699E-01  2.9920E+00  9.9999E+02  6.5952E-01  1.4666E+00  9.6722E-01 -1.4495E-02
  8.9999E-01  3.0020E+00  9.9999E+02  6.5952E-01  1.4667E+00  9.6722E-01 -1.4486E-02
  9.0299E-01  3.0120E+00  9.9999E+02  6.5952E-01  1.4666E+00  9.6722E-01 -1.4477E-02
  9.0599E-01  3.0220E+00  9.9999E+02  6.5952E-01  1.4666E+00  9.6722E-01 -1.4467E-02
  9.0898E-01  3.0320E+00  9.9999E+02  6.5952E-01  1.4666E+00  9.6722E-01 -1.4458E-02
  9.1198E-01  3.0420E+00  9.9999E+02  6.5952E-01  1.4666E+00  9.6722E-01 -1.4449E-02
  9.1498E-01  3.0520E+00  9.9999E+02  6.5952E-01  1.4666E+00  9.6722E-01 -1.4440E-02
  9.1798E-01  3.0620E+00  9.9999E+02  6.5952E-01  1.4666E+00  9.6722E-01 -1.4430E-02
  9.2098E-01  3.0720E+00  9.9999E+02  6.5952E-01  1.4666E+00  9.6722E-01 -1.4421E-02
  9.2397E-01  3.0820E+00  9.9999E+02  6.5952E-01  1.4666E+00  9.6722E-01 -1.4412E-02
  9.2697E-01  3.0920E+00  9.9999E+02  6.5952E-01  1.4666E+00  9.6722E-01 -1.4402E-02
  9.2997E-01  3.1020E+00  9.9999E+02  6.5952E-01  1.4666E+00  9.6722E-01 -1.4393E-02
  9.3297E-01  3.1120E+00  9.9999E+02  6.5952E-01  1.4666E+00  9.6722E-01 -1.4384E-02
  9.3596E-01  3.1220E+00  9.9999E+02  6.5952E-01  1.4666E+00  9.6722E-01 -1.4375E-02
  9.3896E-01  3.1320E+00  9.9999E+02  6.5952E-01  1.4666E+00  9.6722E-01 -1.4365E-02
  9.4196E-01  3.1420E+00  9.9999E+02  6.5952E-01  1.4666E+00  9.6722E-01 -1.4356E-02
  9.4496E-01  3.1520E+00  9.9999E+02  6.5952E-01  1.4666E+00  9.6722E-01 -1.4347E-02
  9.4796E-01  3.1620E+00  9.9999E+02  6.5952E-01  1.4666E+00  9.6722E-01 -1.4337E-02
  9.5095E-01  3.1720E+00  9.9999E+02  6.5952E-01  1.4666E+00  9.6722E-01 -1.4328E-02
  9.5395E-01  3.1820E+00  9.9999E+02  6.5952E-01  1.4666E+00  9.6722E-01 -1.4319E-02
  9.5695E-01  3.1920E+00  9.9999E+02  6.5952E-01  1.4667E+00  9.6722E-01 -1.4310E-02
  9.5995E-01  3.2020E+00  9.9999E+02  6.5952E-01  1.4666E+00  9.6722E-01 -1.4300E-02
  9.6295E-01  3.2120E+00  9.9999E+02  6.5952E-01  1.4666E+00  9.6722E-01 -1.4291E-02
  9.6594E-01  3.2220E+00  9.9999E+02  6.5952E-01  1.4666E+00  9.6722E-01 -1.4282E-02
  9.6894E-01  3.2320E+00  9.9999E+02  6.5952E-01  1.4666E+00  9.6723E-01 -1.4272E-02
  9.7194E-01  3.2420E+00  9.9999E+02  6.5952E-01  1.4667E+00  9.6723E-01 -1.4263E-02
  9.7494E-01  3.2520E+00  9.9999E+02  6.5952E-01  1.4666E+00  9.6723E-01 -1.4254E-02
  9.7794E-01  3.2620E+00  9.9999E+02  6.5952E-01  1.4666E+00  9.6723E-01 -1.4245E-02
  9.8093E-01  3.2720E+00  9.9999E+02  6.5952E-01  1.4666E+00  9.6723E-01 -1.4235E-02
  9.8393E-01  3.2820E+00  9.9999E+02  6.5952E-01  1.4666E+00  9.6723E-01 -1.4226E-02
  9.8693E-01  3.2920E+00  9.9999E+02  6.5952E-01  1.4666E+00  9.6723E-01 -1.4217E-02
  9.8993E-01  3.3020E+00  9.9999E+02  6.5952E-01  1.4666E+00  9.6723E-01 -1.4208E-02
  9.9293E-01  3.3120E+00  9.9999E+02  6.5952E-01  1.4667E+00  9.6723E-01 -1.4198E-02
  9.9592E-01  3.3220E+00  9.9999E+02  6.5952E-01  1.4666E+00  9.6723E-01 -1.4189E-02
  9.9892E-01  3.3320E+00  9.9999E+02  6.5952E-01  1.4667E+00  9.6723E-01 -1.4180E-02
  1.0019E+00  3.3420E+00  9.9999E+02  6.5952E-01  1.4666E+00  9.6723E-01 -1.4170E-02
  1.0049E+00  3.3520E+00  9.9999E+02  6.5952E-01  1.4666E+00  9.6723E-01 -1.4161E-02
  1.0079E+00  3.3620E+00  9.9999E+02  6.5952E-01  1.4667E+00  9.6723E-01 -1.4152E-02
  1.0109E+00  3.3720E+00  9.9999E+02  6.5952E-01  1.4667E+00  9.6723E-01 -1.4143E-02
  1.0139E+00  3.3820E+00  9.9999E+02  6.5952E-01  1.4666E+00  9.6723E-01 -1.4133E-02
  1.0169E+00  3.3920E+00  9.9999E+02  6.5952E-01  1.4667E+00  9.6723E-01 -1.4124E-02
  1.0199E+00  3.4020E+00  9.9999E+02  6.5952E-01  1.4666E+00  9.6723E-01 -1.4115E-02
  1.0229E+00  3.4120E+00  9.9999E+02  6.5952E-01  1.4666E+00  9.6723E-01 -1.4105E-02
  1.0259E+00  3.4220E+00  9.9999E+02  6.5952E-01  1.4667E+00  9.6723E-01 -1.4096E-02
  1.0289E+00  3.4320E+00  9.9999E+02  6.5952E-01  1.4666E+00  9.6723E-01 -1.4087E-02
  1.0320E+00  3.4424E+00  9.9999E+02  6.5952E-01  1.4667E+00  9.6723E-01 -1.4077E-02
  1.0350E+00  3.4524E+00  9.9999E+02  6.5952E-01  1.4666E+00  9.6723E-01 -1.4068E-02
  1.0380E+00  3.4624E+00  9.9999E+02  6.5952E-01  1.4666E+00  9.6723E-01 -1.4059E-02
  1.0410E+00  3.4724E+00  9.9999E+02  6.5952E-01  1.4666E+00  9.6723E-01 -1.4049E-02
  1.0440E+00  3.4824E+00  9.9999E+02  6.5952E-01  1.4666E+00  9.6723E-01 -1.4040E-02
  1.0470E+00  3.4924E+00  9.9999E+02  6.5952E-01  1.4666E+00  9.6723E-01 -1.4031E-02
  1.0500E+00  3.5024E+00  9.9999E+02  6.5952E-01  1.4666E+00  9.6723E-01 -1.4022E-02
  1.0530E+00  3.5124E+00  9.9999E+02  6.5952E-01  1.4667E+00  9.6723E-01 -1.4012E-02
  1.0560E+00  3.5224E+00  9.9999E+02  6.5952E-01  1.4666E+00  9.6723E-01 -1.4003E-02
  1.0590E+00  3.5324E+00  9.9999E+02  6.5952E-01  1.4666E+00  9.6723E-01 -1.3994E-02
  1.0620E+00  3.5424E+00  9.9999E+02  6.5952E-01  1.4666E+00  9.6723E-01 -1.3984E-02
  1.0650E+00  3.5524E+00  9.9999E+02  6.5952E-01  1.4666E+00  9.6723E-01 -1.3975E-02
  1.0680E+00  3.5624E+00  9.9999E+02  6.5952E-01  1.4666E+00  9.6723E-01 -1.3966E-02
  1.0710E+00  3.5724E+00  9.9999E+02  6.5952E-01  1.4666E+00  9.6723E-01 -1.3957E-02
  1.0740E+00  3.5824E+00  9.9999E+02  6.5952E-01  1.4667E+00  9.6723E-01 -1.3947E-02
  1.0770E+00  3.5924E+00  9.9999E+02  6.5952E-01  1.4666E+00  9.6723E-01 -1.3938E-02
  1.0800E+00  3.6024E+00  9.9999E+02  6.5952E-01  1.4667E+00  9.6723E-01 -1.3929E-02
  1.0830E+00  3.6124E+00  9.9999E+02  6.5952E-01  1.4666E+00  9.6723E-01 -1.3919E-02
  1.0860E+00  3.6224E+00  9.9999E+02  6.5952E-01  1.4667E+00  9.6723E-01 -1.3910E-02
  1.0890E+00  3.6324E+00  9.9999E+02  6.5952E-01  1.4666E+00  9.6723E-01 -1.3901E-02
  1.0920E+00  3.6424E+00  9.9999E+02  6.5952E-01  1.4667E+00  9.6723E-01 -1.3892E-02
  1.0950E+00  3.6524E+00  9.9999E+02  6.5952E-01  1.4666E+00  9.6723E-01 -1.3882E-02
  1.0980E+00  3.6624E+00  9.9999E+02  6.5952E-01  1.4666E+00  9.6723E-01 -1.3873E-02
  1.1010E+00  3.6724E+00  9.9999E+02  6.5952E-01  1.4666E+00  9.6723E-01 -1.3864E-02
  1.1040E+00  3.6824E+00  9.9999E+02  6.5952E-01  1.4666E+00  9.6723E-01 -1.3855E-02
  1.1069E+00  3.6924E+00  9.9999E+02  6.5952E-01  1.4666E+00  9.6723E-01 -1.3845E-02
  1.1099E+00  3.7024E+00  9.9999E+02  6.5952E-01  1.4666E+00  9.6723E-01 -1.3836E-02
  1.1129E+00  3.7124E+00  9.9999E+02  6.5952E-01  1.4666E+00  9.6723E-01 -1.3827E-02
  1.1159E+00  3.7224E+00  9.9999E+02  6.5952E-01  1.4666E+00  9.6723E-01 -1.3817E-02
  1.1189E+00  3.7324E+00  9.9999E+02  6.5952E-01  1.4666E+00  9.6723E-01 -1.3808E-02
  1.1219E+00  3.7424E+00  9.9999E+02  6.5952E-01  1.4666E+00  9.6723E-01 -1.3799E-02
  1.1249E+00  3.7524E+00  9.9999E+02  6.5952E-01  1.4666E+00  9.6723E-01 -1.3790E-02
  1.1279E+00  3.7624E+00  9.9999E+02  6.5952E-01  1.4666E+00  9.6723E-01 -1.3780E-02
  1.1309E+00  3.7724E+00  9.9999E+02  6.5952E-01  1.4666E+00  9.6723E-01 -1.3771E-02
  1.1339E+00  3.7824E+00  9.9999E+02  6.5952E-01  1.4666E+00  9.6723E-01 -1.3762E-02
  1.1369E+00  3.7924E+00  9.9999E+02  6.5952E-01  1.4667E+00  9.6723E-01 -1.3753E-02
  1.1399E+00  3.8024E+00  9.9999E+02  6.5952E-01  1.4667E+00  9.6723E-01 -1.3743E-02
  1.1429E+00  3.8124E+00  9.9999E+02  6.5952E-01  1.4666E+00  9.6723E-01 -1.3734E-02
  1.1459E+00  3.8224E+00  9.9999E+02  6.5952E-01  1.4666E+00  9.6723E-01 -1.3725E-02
  1.1489E+00  3.8324E+00  9.9999E+02  6.5952E-01  1.4666E+00  9.6723E-01 -1.3715E-02
  1.1519E+00  3.8424E+00  9.9999E+02  6.5952E-01  1.4667E+00  9.6723E-01 -1.3706E-02
  1.1549E+00  3.8524E+00  9.9999E+02  6.5952E-01  1.4666E+00  9.6723E-01 -1.3697E-02
  1.1579E+00  3.8624E+00  9.9999E+02  6.5952E-01  1.4667E+00  9.6724E-01 -1.3688E-02
  1.1609E+00  3.8724E+00  9.9999E+02  6.5952E-01  1.4666E+00  9.6724E-01 -1.3678E-02
  1.1639E+00  3.8824E+00  9.9999E+02  6.5952E-01  1.4666E+00  9.6724E-01 -1.3669E-02
  1.1669E+00  3.8924E+00  9.9999E+02  6.5952E-01  1.4666E+00  9.6724E-01 -1.3660E-02
  1.1699E+00  3.9024E+00  9.9999E+02  6.5952E-01  1.4667E+00  9.6724E-01 -1.3651E-02
  1.1729E+00  3.9124E+00  9.9999E+02  6.5952E-01  1.4667E+00  9.6724E-01 -1.3641E-02
  1.1759E+00  3.9224E+00  9.9999E+02  6.5952E-01  1.4667E+00  9.6724E-01 -1.3632E-02
  1.1790E+00  3.9327E+00  9.9999E+02  6.5952E-01  1.4667E+00  9.6724E-01 -1.3622E-02
  1.1820E+00  3.9427E+00  9.9999E+02  6.5952E-01  1.4667E+00  9.6724E-01 -1.3613E-02
  1.1850E+00  3.9527E+00  9.9999E+02  6.5952E-01  1.4667E+00  9.6724E-01 -1.3604E-02
  1.1880E+00  3.9627E+00  9.9999E+02  6.5952E-01  1.4667E+00  9.6724E-01 -1.3595E-02
  1.1910E+00  3.9727E+00  9.9999E+02  6.5952E-01  1.4666E+00  9.6724E-01 -1.3585E-02
  1.1940E+00  3.9827E+00  9.9999E+02  6.5952E-01  1.4667E+00  9.6724E-01 -1.3576E-02
  1.1970E+00  3.9927E+00  9.9999E+02  6.5952E-01  1.4667E+00  9.6724E-01 -1.3567E-02
  1.2000E+00  4.0027E+00  9.9999E+02  6.5952E-01  1.4666E+00  9.6724E-01 -1.3558E-02
  1.2030E+00  4.0127E+00  9.9999E+02  6.5952E-01  1.4666E+00  9.6724E-01 -1.3548E-02
  1.2060E+00  4.0227E+00  9.9999E+02  6.5952E-01  1.4667E+00  9.6724E-01 -1.3539E-02
  1.2090E+00  4.0327E+00  9.9999E+02  6.5952E-01  1.4667E+00  9.6724E-01 -1.3530E-02
  1.2120E+00  4.0427E+00  9.9999E+02  6.5952E-01  1.4667E+00  9.6724E-01 -1.3521E-02
  1.2150E+00  4.0527E+00  9.9999E+02  6.5952E-01  1.4667E+00  9.6724E-01 -1.3511E-02
  1.2180E+00  4.0627E+00  9.9999E+02  6.5952E-01  1.4666E+00  9.6724E-01 -1.3502E-02
  1.2210E+00  4.0727E+00  9.9999E+02  6.5952E-01  1.4666E+00  9.6724E-01 -1.3493E-02
  1.2240E+00  4.0827E+00  9.9999E+02  6.5952E-01  1.4666E+00  9.6724E-01 -1.3483E-02
  1.2270E+00  4.0927E+00  9.9999E+02  6.5952E-01  1.4666E+00  9.6724E-01 -1.3474E-02
  1.2300E+00  4.1027E+00  9.9999E+02  6.5952E-01  1.4667E+00  9.6724E-01 -1.3465E-02
  1.2330E+00  4.1127E+00  9.9999E+02  6.5952E-01  1.4666E+00  9.6724E-01 -1.3456E-02
  1.2360E+00  4.1227E+00  9.9999E+02  6.5952E-01  1.4667E+00  9.6724E-01 -1.3446E-02
  1.2390E+00  4.1327E+00  9.9999E+02  6.5952E-01  1.4666E+00  9.6724E-01 -1.3437E-02
  1.2420E+00  4.1427E+00  9.9999E+02  6.5952E-01  1.4666E+00  9.6724E-01 -1.3428E-02
  1.2450E+00  4.1527E+00  9.9999E+02  6.5952E-01  1.4666E+00  9.6724E-01 -1.3419E-02
  1.2480E+00  4.1627E+00  9.9999E+02  6.5952E-01  1.4666E+00  9.6724E-01 -1.3409E-02
  1.2510E+00  4.1727E+00  9.9999E+02  6.5952E-01  1.4666E+00  9.6724E-01 -1.3400E-02
  1.2539E+00  4.1827E+00  9.9999E+02  6.5952E-01  1.4666E+00  9.6724E-01 -1.3391E-02
  1.2569E+00  4.1927E+00  9.9999E+02  6.5952E-01  1.4666E+00  9.6724E-01 -1.3382E-02
  1.2599E+00  4.2027E+00  9.9999E+02  6.5952E-01  1.4667E+00  9.6724E-01 -1.3372E-02
  1.2629E+00  4.2127E+00  9.9999E+02  6.5952E-01  1.4666E+00  9.6724E-01 -1.3363E-02
  1.2659E+00  4.2227E+00  9.9999E+02  6.5952E-01  1.4667E+00  9.6724E-01 -1.3354E-02
  1.2689E+00  4.2327E+00  9.9999E+02  6.5952E-01  1.4667E+00  9.6724E-01 -1.3344E-02
  1.2719E+00  4.2427E+00  9.9999E+02  6.5952E-01  1.4666E+00  9.6724E-01 -1.3335E-02
  1.2749E+00  4.2527E+00  9.9999E+02  6.5952E-01  1.4667E+00  9.6724E-01 -1.3326E-02
  1.2779E+00  4.2627E+00  9.9999E+02  6.5952E-01  1.4666E+00  9.6724E-01 -1.3317E-02
  1.2809E+00  4.2727E+00  9.9999E+02  6.5952E-01  1.4666E+00  9.6724E-01 -1.3307E-02
  1.2839E+00  4.2827E+00  9.9999E+02  6.5952E-01  1.4667E+00  9.6724E-01 -1.3298E-02
  1.2869E+00  4.2927E+00  9.9999E+02  6.5952E-01  1.4667E+00  9.6724E-01 -1.3289E-02
  1.2899E+00  4.3027E+00  9.9999E+02  6.5952E-01  1.4667E+00  9.6724E-01 -1.3280E-02
  1.2929E+00  4.3127E+00  9.9999E+02  6.5952E-01  1.4666E+00  9.6724E-01 -1.3270E-02
  1.2959E+00  4.3227E+00  9.9999E+02  6.5952E-01  1.4666E+00  9.6724E-01 -1.3261E-02
  1.2989E+00  4.3327E+00  9.9999E+02  6.5952E-01  1.4666E+00  9.6724E-01 -1.3252E-02
  1.3019E+00  4.3427E+00  9.9999E+02  6.5952E-01  1.4666E+00  9.6724E-01 -1.3242E-02
  1.3049E+00  4.3527E+00  9.9999E+02  6.5952E-01  1.4667E+00  9.6724E-01 -1.3233E-02
  1.3079E+00  4.3627E+00  9.9999E+02  6.5952E-01  1.4667E+00  9.6724E-01 -1.3224E-02
  1.3109E+00  4.3727E+00  9.9999E+02  6.5952E-01  1.4666E+00  9.6724E-01 -1.3215E-02
  1.3139E+00  4.3827E+00  9.9999E+02  6.5952E-01  1.4666E+00  9.6724E-01 -1.3205E-02
  1.3169E+00  4.3927E+00  9.9999E+02  6.5952E-01  1.4666E+00  9.6724E-01 -1.3196E-02
  1.3199E+00  4.4027E+00  9.9999E+02  6.5952E-01  1.4667E+00  9.6724E-01 -1.3187E-02
  1.3229E+00  4.4127E+00  9.9999E+02  6.5952E-01  1.4666E+00  9.6724E-01 -1.3178E-02
  1.3260E+00  4.4231E+00  9.9999E+02  6.5952E-01  1.4667E+00  9.6724E-01 -1.3168E-02
  1.3290E+00  4.4331E+00  9.9999E+02  6.5952E-01  1.4666E+00  9.6724E-01 -1.3159E-02
  1.3320E+00  4.4431E+00  9.9999E+02  6.5952E-01  1.4667E+00  9.6724E-01 -1.3149E-02
  1.3350E+00  4.4531E+00  9.9999E+02  6.5952E-01  1.4666E+00  9.6724E-01 -1.3140E-02
  1.3380E+00  4.4631E+00  9.9999E+02  6.5952E-01  1.4667E+00  9.6724E-01 -1.3131E-02
  1.3410E+00  4.4731E+00  9.9999E+02  6.5952E-01  1.4666E+00  9.6724E-01 -1.3122E-02
  1.3440E+00  4.4831E+00  9.9999E+02  6.5952E-01  1.4666E+00  9.6724E-01 -1.3112E-02
  1.3470E+00  4.4931E+00  9.9999E+02  6.5952E-01  1.4667E+00  9.6724E-01 -1.3103E-02
  1.3500E+00  4.5031E+00  9.9999E+02  6.5952E-01  1.4667E+00  9.6724E-01 -1.3094E-02
  1.3530E+00  4.5131E+00  9.9999E+02  6.5952E-01  1.4667E+00  9.6724E-01 -1.3085E-02
  1.3560E+00  4.5231E+00  9.9999E+02  6.5952E-01  1.4666E+00  9.6724E-01 -1.3075E-02
  1.3590E+00  4.5331E+00  9.9999E+02  6.5952E-01  1.4666E+00  9.6724E-01 -1.3066E-02
  1.3620E+00  4.5431E+00  9.9999E+02  6.5952E-01  1.4666E+00  9.6724E-01 -1.3057E-02
  1.3650E+00  4.5531E+00  9.9999E+02  6.5952E-01  1.4667E+00  9.6725E-01 -1.3047E-02
  1.3680E+00  4.5631E+00  9.9999E+02  6.5952E-01  1.4666E+00  9.6725E-01 -1.3038E-02
  1.3710E+00  4.5731E+00  9.9999E+02  6.5952E-01  1.4667E+00  9.6725E-01 -1.3029E-02
  1.3740E+00  4.5831E+00  9.9999E+02  6.5952E-01  1.4667E+00  9.6725E-01 -1.3020E-02
  1.3770E+00  4.5931E+00  9.9999E+02  6.5952E-01  1.4666E+00  9.6725E-01 -1.3010E-02
  1.3800E+00  4.6031E+00  9.9999E+02  6.5952E-01  1.4666E+00  9.6725E-01 -1.3001E-02
  1.3830E+00  4.6131E+00  9.9999E+02  6.5952E-01  1.4667E+00  9.6725E-01 -1.2992E-02
  1.3860E+00  4.6231E+00  9.9999E+02  6.5952E-01  1.4666E+00  9.6725E-01 -1.2983E-02
  1.3890E+00  4.6331E+00  9.9999E+02  6.5952E-01  1.4667E+00  9.6725E-01 -1.2973E-02
  1.3920E+00  4.6431E+00  9.9999E+02  6.5952E-01  1.4667E+00  9.6725E-01 -1.2964E-02
  1.3950E+00  4.6531E+00  9.9999E+02  6.5952E-01  1.4666E+00  9.6725E-01 -1.2955E-02
  1.3980E+00  4.6631E+00  9.9999E+02  6.5952E-01  1.4667E+00  9.6725E-01 -1.2945E-02
  1.4009E+00  4.6731E+00  9.9999E+02  6.5952E-01  1.4666E+00  9.6725E-01 -1.2936E-02
  1.4039E+00  4.6831E+00  9.9999E+02  6.5952E-01  1.4667E+00  9.6725E-01 -1.2927E-02
  1.4069E+00  4.6931E+00  9.9999E+02  6.5952E-01  1.4667E+00  9.6725E-01 -1.2918E-02
  1.4099E+00  4.7031E+00  9.9999E+02  6.5952E-01  1.4667E+00  9.6725E-01 -1.2908E-02
  1.4129E+00  4.7131E+00  9.9999E+02  6.5952E-01  1.4667E+00  9.6725E-01 -1.2899E-02
  1.4159E+00  4.7231E+00  9.9999E+02  6.5952E-01  1.4666E+00  9.6725E-01 -1.2890E-02
  1.4189E+00  4.7331E+00  9.9999E+02  6.5952E-01  1.4667E+00  9.6725E-01 -1.2881E-02
  1.4219E+00  4.7431E+00  9.9999E+02  6.5952E-01  1.4666E+00  9.6725E-01 -1.2871E-02
  1.4249E+00  4.7531E+00  9.9999E+02  6.5952E-01  1.4666E+00  9.6725E-01 -1.2862E-02
  1.4279E+00  4.7631E+00  9.9999E+02  6.5952E-01  1.4666E+00  9.6725E-01 -1.2853E-02
  1.4309E+00  4.7731E+00  9.9999E+02  6.5952E-01  1.4667E+00  9.6725E-01 -1.2843E-02
  1.4339E+00  4.7831E+00  9.9999E+02  6.5952E-01  1.4667E+00  9.6725E-01 -1.2834E-02
  1.4369E+00  4.7931E+00  9.9999E+02  6.5952E-01  1.4666E+00  9.6725E-01 -1.2825E-02
  1.4399E+00  4.8031E+00  9.9999E+02  6.5952E-01  1.4666E+00  9.6725E-01 -1.2816E-02
  1.4429E+00  4.8131E+00  9.9999E+02  6.5952E-01  1.4667E+00  9.6725E-01 -1.2806E-02
  1.4459E+00  4.8231E+00  9.9999E+02  6.5952E-01  1.4667E+00  9.6725E-01 -1.2797E-02
  1.4489E+00  4.8331E+00  9.9999E+02  6.5952E-01  1.4667E+00  9.6725E-01 -1.2788E-02
  1.4519E+00  4.8431E+00  9.9999E+02  6.5952E-01  1.4667E+00  9.6725E-01 -1.2778E-02
  1.4549E+00  4.8531E+00  9.9999E+02  6.5952E-01  1.4666E+00  9.6725E-01 -1.2769E-02
  1.4579E+00  4.8631E+00  9.9999E+02  6.5952E-01  1.4666E+00  9.6725E-01 -1.2760E-02
  1.4609E+00  4.8731E+00  9.9999E+02  6.5952E-01  1.4666E+00  9.6725E-01 -1.2751E-02
  1.4639E+00  4.8831E+00  9.9999E+02  6.5952E-01  1.4666E+00  9.6725E-01 -1.2741E-02
  1.4669E+00  4.8931E+00  9.9999E+02  6.5952E-01  1.4667E+00  9.6725E-01 -1.2732E-02
  1.4699E+00  4.9031E+00  9.9999E+02  6.5952E-01  1.4667E+00  9.6725E-01 -1.2723E-02
  1.4730E+00  4.9134E+00  9.9999E+02  6.5952E-01  1.4667E+00  9.6725E-01 -1.2713E-02
  1.4760E+00  4.9234E+00  9.9999E+02  6.5952E-01  1.4666E+00  9.6725E-01 -1.2704E-02
  1.4790E+00  4.9334E+00  9.9999E+02  6.5952E-01  1.4666E+00  9.6725E-01 -1.2695E-02
  1.4820E+00  4.9434E+00  9.9999E+02  6.5952E-01  1.4667E+00  9.6725E-01 -1.2685E-02
  1.4850E+00  4.9534E+00  9.9999E+02  6.5952E-01  1.4667E+00  9.6725E-01 -1.2676E-02
  1.4880E+00  4.9634E+00  9.9999E+02  6.5952E-01  1.4666E+00  9.6725E-01 -1.2667E-02
  1.4910E+00  4.9734E+00  9.9999E+02  6.5952E-01  1.4667E+00  9.6725E-01 -1.2658E-02
  1.4940E+00  4.9834E+00  9.9999E+02  6.5952E-01  1.4666E+00  9.6725E-01 -1.2648E-02
  1.5000E+00  5.0035E+00  9.9999E+02  6.5952E-01  1.4667E+00  9.6725E-01 -1.2630E-02
