  8.5491E-08  0.0000E+00  1.6413E-04  7.4993E-01  6.8106E-04  1.0000E+00  3.1459E-08
  3.0000E-03  1.0007E-02  1.6413E-04  7.4993E-01  6.8106E-04  1.0000E+00  3.5170E-08
  5.9979E-03  2.0007E-02  1.6413E-04  7.4993E-01  6.8106E-04  1.0000E+00  3.8878E-08
  8.9958E-03  3.0007E-02  1.6413E-04  7.4993E-01  6.8106E-04  1.0000E+00  4.2587E-08
  1.1994E-02  4.0007E-02  1.6413E-04  7.4993E-01  6.8106E-04  1.0000E+00  4.6295E-08
  1.4992E-02  5.0007E-02  1.6413E-04  7.4993E-01  6.8106E-04  1.0000E+00  5.0003E-08
  1.7990E-02  6.0007E-02  1.6413E-04  7.4993E-01  6.8106E-04  1.0000E+00  5.3712E-08
  2.0988E-02  7.0007E-02  1.6413E-04  7.4993E-01  6.8106E-04  1.0000E+00  5.7420E-08
  2.3985E-02  8.0007E-02  1.6413E-04  7.4993E-01  6.8106E-04  1.0000E+00  6.1129E-08
  2.6983E-02  9.0007E-02  1.6413E-04  7.4993E-01  6.8106E-04  1.0000E+00  6.4837E-08
  2.9981E-02  1.0001E-01  1.6413E-04  7.4993E-01  6.8106E-04  1.0000E+00  6.8545E-08
  3.2979E-02  1.1001E-01  1.6414E-04  7.4993E-01  6.8106E-04  1.0000E+00  7.2254E-08
  3.5977E-02  1.2001E-01  1.6414E-04  7.4993E-01  6.8106E-04  1.0000E+00  7.5962E-08
  3.8975E-02  1.3001E-01  1.6414E-04  7.4993E-01  6.8106E-04  1.0000E+00  7.9671E-08
  4.1973E-02  1.4001E-01  1.6414E-04  7.4993E-01  6.8106E-04  1.0000E+00  8.3379E-08
  4.4971E-02  1.5001E-01  1.6414E-04  7.4993E-01  6.8106E-04  1.0000E+00  8.7087E-08
  4.7969E-02  1.6001E-01  1.6414E-04  7.4993E-01  6.8106E-04  1.0000E+00  9.0796E-08
  5.0967E-02  1.7001E-01  1.6414E-04  7.4993E-01  6.8106E-04  1.0000E+00  9.4504E-08
  5.3965E-02  1.8001E-01  1.6414E-04  7.4993E-01  6.8106E-04  1.0000E+00  9.8213E-08
  5.6963E-02  1.9001E-01  1.6414E-04  7.4993E-01  6.8106E-04  1.0000E+00  1.0192E-07
  5.9961E-02  2.0001E-01  1.6414E-04  7.4993E-01  6.8106E-04  1.0000E+00  1.0563E-07
  6.2958E-02  2.1001E-01  1.6414E-04  7.4993E-01  6.8106E-04  1.0000E+00  1.0934E-07
  6.5956E-02  2.2001E-01  1.6415E-04  7.4993E-01  6.8106E-04  1.0000E+00  1.1305E-07
  6.8954E-02  2.3001E-01  1.6415E-04  7.4993E-01  6.8106E-04  1.0000E+00  1.1675E-07
  7.1952E-02  2.4001E-01  1.6415E-04  7.4993E-01  6.8106E-04  1.0000E+00  1.2046E-07
  7.4950E-02  2.5001E-01  1.6415E-04  7.4993E-01  6.8106E-04  1.0000E+00  1.2417E-07
  7.7948E-02  2.6001E-01  1.6415E-04  7.4993E-01  6.8106E-04  1.0000E+00  1.2788E-07
  8.0946E-02  2.7001E-01  1.6415E-04  7.4993E-01  6.8106E-04  1.0000E+00  1.3159E-07
  8.3944E-02  2.8001E-01  1.6415E-04  7.4993E-01  6.8106E-04  1.0000E+00  1.3530E-07
  8.6942E-02  2.9001E-01  1.6415E-04  7.4993E-01  6.8106E-04  1.0000E+00  1.3900E-07
  8.9940E-02  3.0001E-01  1.6415E-04  7.4993E-01  6.8106E-04  1.0000E+00  1.4271E-07
  9.2938E-02  3.1001E-01  1.6415E-04  7.4993E-01  6.8106E-04  1.0000E+00  1.4642E-07
  9.5936E-02  3.2001E-01  1.6415E-04  7.4993E-01  6.8106E-04  1.0000E+00  1.5013E-07
  9.8934E-02  3.3001E-01  1.6416E-04  7.4993E-01  6.8106E-04  1.0000E+00  1.5384E-07
  1.0193E-01  3.4001E-01  1.6416E-04  7.4993E-01  6.8105E-04  1.0000E+00  1.5755E-07
  1.0493E-01  3.5001E-01  1.6416E-04  7.4993E-01  6.8105E-04  1.0000E+00  1.6125E-07
  1.0793E-01  3.6001E-01  1.6416E-04  7.4993E-01  6.8105E-04  1.0000E+00  1.6496E-07
  1.1093E-01  3.7001E-01  1.6416E-04  7.4993E-01  6.8105E-04  1.0000E+00  1.6867E-07
  1.1392E-01  3.8001E-01  1.6416E-04  7.4993E-01  6.8105E-04  1.0000E+00  1.7238E-07
  1.1692E-01  3.9001E-01  1.6416E-04  7.4993E-01  6.8105E-04  1.0000E+00  1.7609E-07
  1.1992E-01  4.0001E-01  1.6416E-04  7.4993E-01  6.8105E-04  1.0000E+00  1.7980E-07
  1.2292E-01  4.1001E-01  1.6416E-04  7.4993E-01  6.8105E-04  1.0000E+00  1.8350E-07
  1.2591E-01  4.2001E-01  1.6416E-04  7.4993E-01  6.8105E-04  1.0000E+00  1.8721E-07
  1.2891E-01  4.3001E-01  1.6416E-04  7.4993E-01  6.8105E-04  1.0000E+00  1.9092E-07
  1.3191E-01  4.4001E-01  1.6417E-04  7.4993E-01  6.8105E-04  1.0000E+00  1.9463E-07
  1.3491E-01  4.5001E-01  1.6417E-04  7.4993E-01  6.8105E-04  1.0000E+00  1.9834E-07
  1.3791E-01  4.6001E-01  1.6417E-04  7.4993E-01  6.8105E-04  1.0000E+00  2.0205E-07
  1.4090E-01  4.7001E-01  1.6417E-04  7.4993E-01  6.8105E-04  1.0000E+00  2.0576E-07
  1.4390E-01  4.8001E-01  1.6417E-04  7.4993E-01  6.8105E-04  1.0000E+00  2.0946E-07
  1.4690E-01  4.9001E-01  1.6417E-04  7.4993E-01  6.8105E-04  1.0000E+00  2.1317E-07
  1.5000E-01  5.0035E-01  1.6417E-04  7.4993E-01  6.8105E-04  1.0000E+00  2.1701E-07
  1.5300E-01  5.1035E-01  1.6417E-04  7.4993E-01  6.8105E-04  9.9999E-01  2.2071E-07
  1.5600E-01  5.2035E-01  1.6417E-04  7.4993E-01  6.8105E-04  9.9999E-01  2.2442E-07
  1.5899E-01  5.3035E-01  1.6417E-04  7.4993E-01  6.8105E-04  9.9999E-01  2.2813E-07
  1.6199E-01  5.4035E-01  1.6418E-04  7.4993E-01  6.8105E-04  9.9999E-01  2.3184E-07
  1.6499E-01  5.5035E-01  1.6418E-04  7.4993E-01  6.8105E-04  9.9999E-01  2.3555E-07
  1.6799E-01  5.6035E-01  1.6418E-04  7.4993E-01  6.8105E-04  9.9999E-01  2.3926E-07
  1.7099E-01  5.7035E-01  1.6418E-04  7.4993E-01  6.8105E-04  9.9999E-01  2.4296E-07
  1.7398E-01  5.8035E-01  1.6418E-04  7.4993E-01  6.8105E-04  9.9999E-01  2.4667E-07
  1.7698E-01  5.9035E-01  1.6418E-04  7.4993E-01  6.8105E-04  9.9999E-01  2.5038E-07
  1.7998E-01  6.0035E-01  1.6418E-04  7.4993E-01  6.8105E-04  9.9999E-01  2.5409E-07
  1.8298E-01  6.1035E-01  1.6418E-04  7.4993E-01  6.8105E-04  9.9999E-01  2.5780E-07
  1.8598E-01  6.2035E-01  1.6418E-04  7.4993E-01  6.8105E-04  9.9999E-01  2.6151E-07
  1.8897E-01  6.3035E-01  1.6418E-04  7.4993E-01  6.8105E-04  9.9999E-01  2.6521E-07
  1.9197E-01  6.4035E-01  1.6418E-04  7.4993E-01  6.8105E-04  9.9999E-01  2.6892E-07
  1.9497E-01  6.5035E-01  1.6419E-04  7.4993E-01  6.8105E-04  9.9999E-01  2.7263E-07
  1.9797E-01  6.6035E-01  1.6419E-04  7.4993E-01  6.8105E-04  9.9999E-01  2.7634E-07
  2.0096E-01  6.7035E-01  1.6419E-04  7.4993E-01  6.8105E-04  9.9999E-01  2.8005E-07
  2.0396E-01  6.8035E-01  1.6419E-04  7.4993E-01  6.8105E-04  9.9999E-01  2.8376E-07
  2.0696E-01  6.9035E-01  1.6419E-04  7.4993E-01  6.8105E-04  9.9999E-01  2.8747E-07
  2.0996E-01  7.0035E-01  1.6419E-04  7.4993E-01  6.8105E-04  9.9999E-01  2.9118E-07
  2.1296E-01  7.1035E-01  1.6419E-04  7.4993E-01  6.8105E-04  9.9999E-01  2.9489E-07
  2.1595E-01  7.2035E-01  1.6419E-04  7.4993E-01  6.8105E-04  9.9999E-01  2.9861E-07
  2.1895E-01  7.3035E-01  1.6419E-04  7.4993E-01  6.8105E-04  9.9999E-01  3.0232E-07
  2.2195E-01  7.4035E-01  1.6419E-04  7.4993E-01  6.8105E-04  9.9999E-01  3.0603E-07
  2.2495E-01  7.5035E-01  1.6419E-04  7.4993E-01  6.8105E-04  9.9999E-01  3.0974E-07
  2.2795E-01  7.6035E-01  1.6420E-04  7.4993E-01  6.8105E-04  9.9999E-01  3.1345E-07
  2.3094E-01  7.7035E-01  1.6420E-04  7.4993E-01  6.8105E-04  9.9999E-01  3.1716E-07
  2.3394E-01  7.8035E-01  1.6420E-04  7.4993E-01  6.8105E-04  9.9999E-01  3.2087E-07
  2.3694E-01  7.9035E-01  1.6420E-04  7.4993E-01  6.8105E-04  9.9999E-01  3.2458E-07
  2.3994E-01  8.0035E-01  1.6420E-04  7.4993E-01  6.8105E-04  9.9999E-01  3.2829E-07
  2.4294E-01  8.1035E-01  1.6420E-04  7.4993E-01  6.8105E-04  9.9999E-01  3.3200E-07
  2.4593E-01  8.2035E-01  1.6420E-04  7.4993E-01  6.8105E-04  9.9999E-01  3.3571E-07
  2.4893E-01  8.3035E-01  1.6420E-04  7.4993E-01  6.8105E-04  9.9999E-01  3.3942E-07
  2.5193E-01  8.4035E-01  1.6420E-04  7.4993E-01  6.8105E-04  9.9999E-01  3.4314E-07
  2.5493E-01  8.5035E-01  1.6420E-04  7.4993E-01  6.8105E-04  9.9999E-01  3.4685E-07
  2.5793E-01  8.6035E-01  1.6420E-04  7.4993E-01  6.8105E-04  9.9999E-01  3.5056E-07
  2.6092E-01  8.7035E-01  1.6421E-04  7.4993E-01  6.8105E-04  9.9999E-01  3.5427E-07
  2.6392E-01  8.8035E-01  1.6421E-04  7.4993E-01  6.8105E-04  9.9999E-01  3.5798E-07
  2.6692E-01  8.9035E-01  1.6421E-04  7.4993E-01  6.8105E-04  9.9999E-01  3.6169E-07
  2.6992E-01  9.0035E-01  1.6421E-04  7.4993E-01  6.8105E-04  9.9999E-01  3.6540E-07
  2.7291E-01  9.1035E-01  1.6421E-04  7.4993E-01  6.8105E-04  9.9999E-01  3.6911E-07
  2.7591E-01  9.2035E-01  1.6421E-04  7.4993E-01  6.8105E-04  9.9999E-01  3.7282E-07
  2.7891E-01  9.3035E-01  1.6421E-04  7.4993E-01  6.8105E-04  9.9999E-01  3.7653E-07
  2.8191E-01  9.4035E-01  1.6421E-04  7.4993E-01  6.8105E-04  9.9999E-01  3.8024E-07
  2.8491E-01  9.5035E-01  1.6421E-04  7.4993E-01  6.8105E-04  9.9999E-01  3.8395E-07
  2.8790E-01  9.6035E-01  1.6421E-04  7.4993E-01  6.8105E-04  9.9999E-01  3.8766E-07
  2.9090E-01  9.7035E-01  1.6421E-04  7.4993E-01  6.8105E-04  9.9999E-01  3.9138E-07
  2.9390E-01  9.8035E-01  1.6422E-04  7.4993E-01  6.8105E-04  9.9999E-01  3.9509E-07
  2.9700E-01  9.9069E-01  1.6422E-04  7.4993E-01  6.8105E-04  9.9999E-01  3.9892E-07
  3.0000E-01  1.0007E+00  1.6422E-04  7.4993E-01  6.8105E-04  9.9999E-01  4.0263E-07
  3.0300E-01  1.0107E+00  1.6422E-04  7.4993E-01  6.8105E-04  9.9999E-01  4.0634E-07
  3.0599E-01  1.0207E+00  1.6422E-04  7.4993E-01  6.8105E-04  9.9999E-01  4.1005E-07
  3.0899E-01  1.0307E+00  1.6422E-04  7.4993E-01  6.8105E-04  9.9999E-01  4.1377E-07
  3.1199E-01  1.0407E+00  1.6422E-04  7.4993E-01  6.8105E-04  9.9999E-01  4.1748E-07
  3.1499E-01  1.0507E+00  1.6422E-04  7.4993E-01  6.8105E-04  9.9999E-01  4.2119E-07
  3.1799E-01  1.0607E+00  1.6422E-04  7.4993E-01  6.8105E-04  9.9999E-01  4.2490E-07
  3.2098E-01  1.0707E+00  1.6422E-04  7.4993E-01  6.8105E-04  9.9999E-01  4.2861E-07
  3.2398E-01  1.0807E+00  1.6422E-04  7.4993E-01  6.8105E-04  9.9999E-01  4.3232E-07
  3.2698E-01  1.0907E+00  1.6423E-04  7.4993E-01  6.8105E-04  9.9999E-01  4.3603E-07
  3.2998E-01  1.1007E+00  1.6423E-04  7.4993E-01  6.8105E-04  9.9999E-01  4.3974E-07
  3.3298E-01  1.1107E+00  1.6423E-04  7.4993E-01  6.8105E-04  9.9999E-01  4.4345E-07
  3.3597E-01  1.1207E+00  1.6423E-04  7.4993E-01  6.8105E-04  9.9999E-01  4.4716E-07
  3.3897E-01  1.1307E+00  1.6423E-04  7.4993E-01  6.8105E-04  9.9999E-01  4.5087E-07
  3.4197E-01  1.1407E+00  1.6423E-04  7.4993E-01  6.8105E-04  9.9999E-01  4.5458E-07
  3.4497E-01  1.1507E+00  1.6423E-04  7.4993E-01  6.8105E-04  9.9999E-01  4.5829E-07
  3.4796E-01  1.1607E+00  1.6423E-04  7.4993E-01  6.8105E-04  9.9999E-01  4.6201E-07
  3.5096E-01  1.1707E+00  1.6423E-04  7.4993E-01  6.8105E-04  9.9999E-01  4.6572E-07
  3.5396E-01  1.1807E+00  1.6423E-04  7.4993E-01  6.8105E-04  9.9999E-01  4.6943E-07
  3.5696E-01  1.1907E+00  1.6424E-04  7.4993E-01  6.8105E-04  9.9999E-01  4.7314E-07
  3.5996E-01  1.2007E+00  1.6424E-04  7.4993E-01  6.8105E-04  9.9999E-01  4.7685E-07
  3.6295E-01  1.2107E+00  1.6424E-04  7.4993E-01  6.8105E-04  9.9999E-01  4.8056E-07
  3.6595E-01  1.2207E+00  1.6424E-04  7.4993E-01  6.8105E-04  9.9999E-01  4.8427E-07
  3.6895E-01  1.2307E+00  1.6424E-04  7.4993E-01  6.8105E-04  9.9999E-01  4.8798E-07
  3.7195E-01  1.2407E+00  1.6424E-04  7.4993E-01  6.8105E-04  9.9999E-01  4.9169E-07
  3.7495E-01  1.2507E+00  1.6424E-04  7.4993E-01  6.8105E-04  9.9999E-01  4.9540E-07
  3.7794E-01  1.2607E+00  1.6424E-04  7.4993E-01  6.8105E-04  9.9999E-01  4.9911E-07
  3.8094E-01  1.2707E+00  1.6424E-04  7.4993E-01  6.8105E-04  9.9999E-01  5.0282E-07
  3.8394E-01  1.2807E+00  1.6424E-04  7.4993E-01  6.8105E-04  9.9999E-01  5.0653E-07
  3.8694E-01  1.2907E+00  1.6424E-04  7.4993E-01  6.8105E-04  9.9999E-01  5.1025E-07
  3.8994E-01  1.3007E+00  1.6425E-04  7.4993E-01  6.8105E-04  9.9999E-01  5.1396E-07
  3.9293E-01  1.3107E+00  1.6425E-04  7.4993E-01  6.8105E-04  9.9999E-01  5.1767E-07
  3.9593E-01  1.3207E+00  1.6425E-04  7.4993E-01  6.8105E-04  9.9999E-01  5.2138E-07
  3.9893E-01  1.3307E+00  1.6425E-04  7.4993E-01  6.8105E-04  9.9999E-01  5.2509E-07
  4.0193E-01  1.3407E+00  1.6425E-04  7.4993E-01  6.8105E-04  9.9999E-01  5.2880E-07
  4.0493E-01  1.3507E+00  1.6425E-04  7.4993E-01  6.8105E-04  9.9999E-01  5.3251E-07
  4.0792E-01  1.3607E+00  1.6425E-04  7.4993E-01  6.8105E-04  9.9999E-01  5.3622E-07
  4.1092E-01  1.3707E+00  1.6425E-04  7.4993E-01  6.8105E-04  9.9999E-01  5.3993E-07
  4.1392E-01  1.3807E+00  1.6425E-04  7.4993E-01  6.8105E-04  9.9999E-01  5.4364E-07
  4.1692E-01  1.3907E+00  1.6425E-04  7.4993E-01  6.8105E-04  9.9999E-01  5.4735E-07
  4.1991E-01  1.4007E+00  1.6425E-04  7.4993E-01  6.8105E-04  9.9999E-01  5.5106E-07
  4.2291E-01  1.4107E+00  1.6426E-04  7.4993E-01  6.8105E-04  9.9999E-01  5.5477E-07
  4.2591E-01  1.4207E+00  1.6426E-04  7.4993E-01  6.8105E-04  9.9999E-01  5.5848E-07
  4.2891E-01  1.4307E+00  1.6426E-04  7.4993E-01  6.8105E-04  9.9999E-01  5.6220E-07
  4.3191E-01  1.4407E+00  1.6426E-04  7.4993E-01  6.8105E-04  9.9999E-01  5.6591E-07
  4.3490E-01  1.4507E+00  1.6426E-04  7.4993E-01  6.8105E-04  9.9999E-01  5.6962E-07
  4.3790E-01  1.4607E+00  1.6426E-04  7.4993E-01  6.8105E-04  9.9999E-01  5.7333E-07
  4.4090E-01  1.4707E+00  1.6426E-04  7.4993E-01  6.8105E-04  9.9999E-01  5.7704E-07
  4.4400E-01  1.4810E+00  1.6426E-04  7.4993E-01  6.8105E-04  9.9999E-01  5.8087E-07
  4.4700E-01  1.4910E+00  1.6426E-04  7.4993E-01  6.8105E-04  9.9999E-01  5.8459E-07
  4.5000E-01  1.5010E+00  1.6426E-04  7.4993E-01  6.8105E-04  9.9999E-01  5.8830E-07
  4.5299E-01  1.5110E+00  1.6426E-04  7.4993E-01  6.8105E-04  9.9999E-01  5.9201E-07
  4.5599E-01  1.5210E+00  1.6427E-04  7.4993E-01  6.8105E-04  9.9999E-01  5.9572E-07
  4.5899E-01  1.5310E+00  1.6427E-04  7.4993E-01  6.8105E-04  9.9999E-01  5.9943E-07
  4.6199E-01  1.5410E+00  1.6427E-04  7.4993E-01  6.8105E-04  9.9999E-01  6.0314E-07
  4.6499E-01  1.5510E+00  1.6427E-04  7.4993E-01  6.8105E-04  9.9999E-01  6.0685E-07
  4.6798E-01  1.5610E+00  1.6427E-04  7.4993E-01  6.8105E-04  9.9999E-01  6.1056E-07
  4.7098E-01  1.5710E+00  1.6427E-04  7.4993E-01  6.8105E-04  9.9999E-01  6.1427E-07
  4.7398E-01  1.5810E+00  1.6427E-04  7.4993E-01  6.8105E-04  9.9999E-01  6.1798E-07
  4.7698E-01  1.5910E+00  1.6427E-04  7.4993E-01  6.8105E-04  9.9998E-01  6.2169E-07
  4.7998E-01  1.6010E+00  1.6427E-04  7.4993E-01  6.8105E-04  9.9998E-01  6.2540E-07
  4.8297E-01  1.6110E+00  1.6427E-04  7.4993E-01  6.8105E-04  9.9998E-01  6.2911E-07
  4.8597E-01  1.6210E+00  1.6427E-04  7.4993E-01  6.8105E-04  9.9998E-01  6.3282E-07
  4.8897E-01  1.6310E+00  1.6428E-04  7.4993E-01  6.8105E-04  9.9998E-01  6.3653E-07
  4.9197E-01  1.6410E+00  1.6428E-04  7.4993E-01  6.8105E-04  9.9998E-01  6.4025E-07
  4.9496E-01  1.6510E+00  1.6428E-04  7.4993E-01  6.8105E-04  9.9998E-01  6.4396E-07
  4.9796E-01  1.6610E+00  1.6428E-04  7.4993E-01  6.8105E-04  9.9998E-01  6.4767E-07
  5.0096E-01  1.6710E+00  1.6428E-04  7.4993E-01  6.8105E-04  9.9998E-01  6.5138E-07
  5.0396E-01  1.6810E+00  1.6428E-04  7.4993E-01  6.8105E-04  9.9998E-01  6.5509E-07
  5.0696E-01  1.6910E+00  1.6428E-04  7.4993E-01  6.8105E-04  9.9998E-01  6.5880E-07
  5.0995E-01  1.7010E+00  1.6428E-04  7.4993E-01  6.8105E-04  9.9998E-01  6.6251E-07
  5.1295E-01  1.7110E+00  1.6428E-04  7.4993E-01  6.8105E-04  9.9998E-01  6.6622E-07
  5.1595E-01  1.7210E+00  1.6428E-04  7.4993E-01  6.8105E-04  9.9998E-01  6.6993E-07
  5.1895E-01  1.7310E+00  1.6428E-04  7.4993E-01  6.8105E-04  9.9998E-01  6.7364E-07
  5.2195E-01  1.7410E+00  1.6429E-04  7.4993E-01  6.8105E-04  9.9998E-01  6.7735E-07
  5.2494E-01  1.7510E+00  1.6429E-04  7.4993E-01  6.8105E-04  9.9998E-01  6.8106E-07
  5.2794E-01  1.7610E+00  1.6429E-04  7.4993E-01  6.8105E-04  9.9998E-01  6.8477E-07
  5.3094E-01  1.7710E+00  1.6429E-04  7.4993E-01  6.8105E-04  9.9998E-01  6.8848E-07
  5.3394E-01  1.7810E+00  1.6429E-04  7.4993E-01  6.8105E-04  9.9998E-01  6.9219E-07
  5.3694E-01  1.7910E+00  1.6429E-04  7.4993E-01  6.8105E-04  9.9998E-01  6.9591E-07
  5.3993E-01  1.8010E+00  1.6429E-04  7.4993E-01  6.8105E-04  9.9998E-01  6.9962E-07
  5.4293E-01  1.8110E+00  1.6429E-04  7.4993E-01  6.8105E-04  9.9998E-01  7.0333E-07
  5.4593E-01  1.8210E+00  1.6429E-04  7.4993E-01  6.8105E-04  9.9998E-01  7.0704E-07
  5.4893E-01  1.8310E+00  1.6429E-04  7.4993E-01  6.8105E-04  9.9998E-01  7.1075E-07
  5.5193E-01  1.8410E+00  1.6429E-04  7.4993E-01  6.8105E-04  9.9998E-01  7.1446E-07
  5.5492E-01  1.8510E+00  1.6430E-04  7.4993E-01  6.8105E-04  9.9998E-01  7.1817E-07
  5.5792E-01  1.8610E+00  1.6430E-04  7.4993E-01  6.8105E-04  9.9998E-01  7.2188E-07
  5.6092E-01  1.8710E+00  1.6430E-04  7.4993E-01  6.8105E-04  9.9998E-01  7.2559E-07
  5.6392E-01  1.8810E+00  1.6430E-04  7.4993E-01  6.8105E-04  9.9998E-01  7.2930E-07
  5.6691E-01  1.8910E+00  1.6430E-04  7.4993E-01  6.8105E-04  9.9998E-01  7.3301E-07
  5.6991E-01  1.9010E+00  1.6430E-04  7.4993E-01  6.8105E-04  9.9998E-01  7.3672E-07
  5.7291E-01  1.9110E+00  1.6430E-04  7.4993E-01  6.8105E-04  9.9998E-01  7.4043E-07
  5.7591E-01  1.9210E+00  1.6430E-04  7.4993E-01  6.8105E-04  9.9998E-01  7.4414E-07
  5.7891E-01  1.9310E+00  1.6430E-04  7.4993E-01  6.8105E-04  9.9998E-01  7.4785E-07
  5.8190E-01  1.9410E+00  1.6430E-04  7.4993E-01  6.8105E-04  9.9998E-01  7.5157E-07
  5.8490E-01  1.9510E+00  1.6431E-04  7.4993E-01  6.8105E-04  9.9998E-01  7.5528E-07
  5.8790E-01  1.9610E+00  1.6431E-04  7.4993E-01  6.8104E-04  9.9998E-01  7.5899E-07
  5.9100E-01  1.9714E+00  1.6431E-04  7.4993E-01  6.8104E-04  9.9998E-01  7.6282E-07
  5.9400E-01  1.9814E+00  1.6431E-04  7.4993E-01  6.8104E-04  9.9998E-01  7.6653E-07
  5.9700E-01  1.9914E+00  1.6431E-04  7.4993E-01  6.8104E-04  9.9998E-01  7.7024E-07
  5.9999E-01  2.0014E+00  1.6431E-04  7.4993E-01  6.8104E-04  9.9998E-01  7.7815E-07
  6.0299E-01  2.0114E+00  1.6431E-04  7.4993E-01  6.8293E-04  1.0028E+00  1.3784E-06
  6.0599E-01  2.0214E+00  1.6431E-04  7.4993E-01  6.8293E-04  1.0028E+00  1.3825E-06
  6.0899E-01  2.0314E+00  1.6431E-04  7.4993E-01  6.8293E-04  1.0028E+00  1.3865E-06
  6.1199E-01  2.0414E+00  1.6431E-04  7.4993E-01  6.8293E-04  1.0028E+00  1.3904E-06
  6.1498E-01  2.0514E+00  1.6431E-04  7.4993E-01  6.8293E-04  1.0028E+00  1.3945E-06
  6.1798E-01  2.0614E+00  1.6432E-04  7.4993E-01  6.8293E-04  1.0028E+00  1.3986E-06
  6.2098E-01  2.0714E+00  1.6432E-04  7.4993E-01  6.8293E-04  1.0028E+00  1.4026E-06
  6.2398E-01  2.0814E+00  1.6432E-04  7.4993E-01  6.8293E-04  1.0027E+00  1.4066E-06
  6.2698E-01  2.0914E+00  1.6432E-04  7.4993E-01  6.8293E-04  1.0027E+00  1.4107E-06
  6.2997E-01  2.1014E+00  1.6432E-04  7.4993E-01  6.8293E-04  1.0027E+00  1.4148E-06
  6.3297E-01  2.1114E+00  1.6432E-04  7.4993E-01  6.8293E-04  1.0027E+00  1.4188E-06
  6.3597E-01  2.1214E+00  1.6432E-04  7.4993E-01  6.8293E-04  1.0027E+00  1.4229E-06
  6.3897E-01  2.1314E+00  1.6432E-04  7.4993E-01  6.8293E-04  1.0027E+00  1.4271E-06
  6.4196E-01  2.1414E+00  1.6432E-04  7.4993E-01  6.8293E-04  1.0027E+00  1.4312E-06
  6.4496E-01  2.1514E+00  1.6432E-04  7.4993E-01  6.8293E-04  1.0027E+00  1.4352E-06
  6.4796E-01  2.1614E+00  1.6433E-04  7.4993E-01  6.8293E-04  1.0027E+00  1.4395E-06
  6.5096E-01  2.1714E+00  1.6433E-04  7.4993E-01  6.8293E-04  1.0027E+00  1.4437E-06
  6.5396E-01  2.1814E+00  1.6433E-04  7.4993E-01  6.8293E-04  1.0027E+00  1.4478E-06
  6.5695E-01  2.1914E+00  1.6433E-04  7.4993E-01  6.8293E-04  1.0027E+00  1.4520E-06
  6.5995E-01  2.2014E+00  1.6433E-04  7.4993E-01  6.8293E-04  1.0027E+00  1.4563E-06
  6.6295E-01  2.2114E+00  1.6433E-04  7.4993E-01  6.8293E-04  1.0027E+00  1.4604E-06
  6.6595E-01  2.2214E+00  1.6433E-04  7.4993E-01  6.8293E-04  1.0027E+00  1.4645E-06
  6.6895E-01  2.2314E+00  1.6433E-04  7.4993E-01  6.8293E-04  1.0027E+00  1.4689E-06
  6.7194E-01  2.2414E+00  1.6433E-04  7.4993E-01  6.8293E-04  1.0027E+00  1.4732E-06
  6.7494E-01  2.2514E+00  1.6433E-04  7.4993E-01  6.8293E-04  1.0027E+00  1.4773E-06
  6.7794E-01  2.2614E+00  1.6434E-04  7.4993E-01  6.8293E-04  1.0027E+00  1.4817E-06
  6.8094E-01  2.2714E+00  1.6434E-04  7.4993E-01  6.8293E-04  1.0027E+00  1.4861E-06
  6.8394E-01  2.2814E+00  1.6434E-04  7.4993E-01  6.8293E-04  1.0027E+00  1.4903E-06
  6.8693E-01  2.2914E+00  1.6434E-04  7.4993E-01  6.8293E-04  1.0027E+00  1.4946E-06
  6.8993E-01  2.3014E+00  1.6434E-04  7.4993E-01  6.8293E-04  1.0027E+00  1.4992E-06
  6.9293E-01  2.3114E+00  1.6434E-04  7.4993E-01  6.8293E-04  1.0027E+00  1.5036E-06
  6.9593E-01  2.3214E+00  1.6434E-04  7.4993E-01  6.8293E-04  1.0027E+00  1.5078E-06
  6.9893E-01  2.3314E+00  1.6434E-04  7.4993E-01  6.8293E-04  1.0027E+00  1.5124E-06
  7.0192E-01  2.3414E+00  1.6434E-04  7.4993E-01  6.8293E-04  1.0027E+00  1.5170E-06
  7.0492E-01  2.3514E+00  1.6435E-04  7.4993E-01  6.8293E-04  1.0027E+00  1.5213E-06
  7.0792E-01  2.3614E+00  1.6435E-04  7.4993E-01  6.8293E-04  1.0027E+00  1.5258E-06
  7.1092E-01  2.3714E+00  1.6435E-04  7.4993E-01  6.8293E-04  1.0027E+00  1.5305E-06
  7.1391E-01  2.3814E+00  1.6435E-04  7.4993E-01  6.8293E-04  1.0027E+00  1.5350E-06
  7.1691E-01  2.3914E+00  1.6435E-04  7.4993E-01  6.8293E-04  1.0027E+00  1.5394E-06
  7.1991E-01  2.4014E+00  1.6435E-04  7.4993E-01  6.8292E-04  1.0027E+00  1.5442E-06
  7.2291E-01  2.4114E+00  1.6435E-04  7.4993E-01  6.8292E-04  1.0027E+00  1.5488E-06
  7.2591E-01  2.4214E+00  1.6435E-04  7.4993E-01  6.8292E-04  1.0027E+00  1.5533E-06
  7.2890E-01  2.4314E+00  1.6435E-04  7.4993E-01  6.8292E-04  1.0027E+00  1.5581E-06
  7.3190E-01  2.4414E+00  1.6436E-04  7.4993E-01  6.8292E-04  1.0027E+00  1.5630E-06
  7.3490E-01  2.4514E+00  1.6436E-04  7.4993E-01  6.8292E-04  1.0027E+00  1.5676E-06
  7.3800E-01  2.4617E+00  1.6436E-04  7.4993E-01  6.8292E-04  1.0027E+00  1.5725E-06
  7.4100E-01  2.4717E+00  1.6436E-04  7.4993E-01  6.8292E-04  1.0027E+00  1.5777E-06
  7.4400E-01  2.4817E+00  1.6436E-04  7.4993E-01  6.8292E-04  1.0027E+00  1.5825E-06
  7.4699E-01  2.4917E+00  1.6436E-04  7.4993E-01  6.8292E-04  1.0027E+00  1.5872E-06
  7.4999E-01  2.5017E+00  1.6436E-04  7.4993E-01  6.8292E-04  1.0027E+00  1.5924E-06
  7.5299E-01  2.5117E+00  1.6436E-04  7.4993E-01  6.8292E-04  1.0027E+00  1.5975E-06
  7.5599E-01  2.5217E+00  1.6437E-04  7.4993E-01  6.8292E-04  1.0027E+00  1.6022E-06
  7.5899E-01  2.5317E+00  1.6437E-04  7.4993E-01  6.8292E-04  1.0027E+00  1.6074E-06
  7.6198E-01  2.5417E+00  1.6437E-04  7.4993E-01  6.8292E-04  1.0027E+00  1.6128E-06
  7.6498E-01  2.5517E+00  1.6437E-04  7.4993E-01  6.8292E-04  1.0027E+00  1.6177E-06
  7.6798E-01  2.5617E+00  1.6437E-04  7.4993E-01  6.8292E-04  1.0027E+00  1.6228E-06
  7.7098E-01  2.5717E+00  1.6437E-04  7.4993E-01  6.8292E-04  1.0027E+00  1.6284E-06
  7.7398E-01  2.5817E+00  1.6437E-04  7.4993E-01  6.8292E-04  1.0027E+00  1.6336E-06
  7.7697E-01  2.5917E+00  1.6438E-04  7.4993E-01  6.8292E-04  1.0027E+00  1.6386E-06
  7.7997E-01  2.6017E+00  1.6438E-04  7.4993E-01  6.8292E-04  1.0027E+00  1.6444E-06
  7.8297E-01  2.6117E+00  1.6438E-04  7.4993E-01  6.8292E-04  1.0027E+00  1.6500E-06
  7.8597E-01  2.6217E+00  1.6438E-04  7.4993E-01  6.8292E-04  1.0027E+00  1.6551E-06
  7.8896E-01  2.6317E+00  1.6438E-04  7.4993E-01  6.8292E-04  1.0027E+00  1.6610E-06
  7.9196E-01  2.6417E+00  1.6438E-04  7.4993E-01  6.8292E-04  1.0027E+00  1.6669E-06
  7.9496E-01  2.6517E+00  1.6438E-04  7.4993E-01  6.8292E-04  1.0027E+00  1.6722E-06
  7.9796E-01  2.6617E+00  1.6439E-04  7.4993E-01  6.8292E-04  1.0027E+00  1.6781E-06
  8.0096E-01  2.6717E+00  1.6439E-04  7.4993E-01  6.8292E-04  1.0027E+00  1.6845E-06
  8.0395E-01  2.6817E+00  1.6439E-04  7.4993E-01  6.8292E-04  1.0027E+00  1.6901E-06
  8.0695E-01  2.6917E+00  1.6439E-04  7.4993E-01  6.8291E-04  1.0027E+00  1.6959E-06
  8.0995E-01  2.7017E+00  1.6439E-04  7.4993E-01  6.8291E-04  1.0027E+00  1.7025E-06
  8.1295E-01  2.7117E+00  1.6439E-04  7.4993E-01  6.8291E-04  1.0027E+00  1.7085E-06
  8.1595E-01  2.7217E+00  1.6440E-04  7.4993E-01  6.8291E-04  1.0027E+00  1.7142E-06
  8.1894E-01  2.7317E+00  1.6440E-04  7.4993E-01  6.8291E-04  1.0027E+00  1.7210E-06
  8.2194E-01  2.7417E+00  1.6440E-04  7.4993E-01  6.8291E-04  1.0027E+00  1.7275E-06
  8.2494E-01  2.7517E+00  1.6440E-04  7.4993E-01  6.8291E-04  1.0027E+00  1.7334E-06
  8.2794E-01  2.7617E+00  1.6440E-04  7.4993E-01  6.8291E-04  1.0027E+00  1.7403E-06
  8.3094E-01  2.7717E+00  1.6440E-04  7.4993E-01  6.8291E-04  1.0027E+00  1.7474E-06
  8.3393E-01  2.7817E+00  1.6441E-04  7.4993E-01  6.8291E-04  1.0027E+00  1.7535E-06
  8.3693E-01  2.7917E+00  1.6441E-04  7.4993E-01  6.8291E-04  1.0027E+00  1.7605E-06
  8.3993E-01  2.8017E+00  1.6441E-04  7.4993E-01  6.8291E-04  1.0027E+00  1.7683E-06
  8.4293E-01  2.8117E+00  1.6441E-04  7.4993E-01  6.8291E-04  1.0027E+00  1.7748E-06
  8.4593E-01  2.8217E+00  1.6441E-04  7.4993E-01  6.8291E-04  1.0027E+00  1.7818E-06
  8.4892E-01  2.8317E+00  1.6442E-04  7.4993E-01  6.8291E-04  1.0027E+00  1.7901E-06
  8.5192E-01  2.8417E+00  1.6442E-04  7.4993E-01  6.8291E-04  1.0027E+00  1.7973E-06
  8.5492E-01  2.8517E+00  1.6442E-04  7.4993E-01  6.8291E-04  1.0027E+00  1.8041E-06
  8.5792E-01  2.8617E+00  1.6442E-04  7.4993E-01  6.8291E-04  1.0027E+00  1.8126E-06
  8.6091E-01  2.8717E+00  1.6443E-04  7.4993E-01  6.8291E-04  1.0027E+00  1.8203E-06
  8.6391E-01  2.8817E+00  1.6443E-04  7.4993E-01  6.8291E-04  1.0027E+00  1.8273E-06
  8.6691E-01  2.8917E+00  1.6443E-04  7.4993E-01  6.8291E-04  1.0027E+00  1.8361E-06
  8.6991E-01  2.9017E+00  1.6443E-04  7.4993E-01  6.8291E-04  1.0027E+00  1.8445E-06
  8.7291E-01  2.9117E+00  1.6444E-04  7.4993E-01  6.8291E-04  1.0027E+00  1.8517E-06
  8.7590E-01  2.9217E+00  1.6444E-04  7.4993E-01  6.8291E-04  1.0027E+00  1.8606E-06
  8.7890E-01  2.9317E+00  1.6444E-04  7.4993E-01  6.8291E-04  1.0027E+00  1.8699E-06
  8.8190E-01  2.9417E+00  1.6444E-04  7.4993E-01  6.8291E-04  1.0027E+00  1.8775E-06
  8.8500E-01  2.9520E+00  1.6445E-04  7.4993E-01  6.8291E-04  1.0027E+00  1.8872E-06
  8.8800E-01  2.9620E+00  1.6445E-04  7.4993E-01  6.8291E-04  1.0027E+00  1.8975E-06
  8.9100E-01  2.9720E+00  1.6445E-04  7.4993E-01  6.8291E-04  1.0027E+00  1.9055E-06
  8.9399E-01  2.9820E+00  1.6445E-04  7.4993E-01  6.8291E-04  1.0027E+00  1.9151E-06
  8.9699E-01  2.9920E+00  1.6446E-04  7.4993E-01  6.8291E-04  1.0027E+00  1.9261E-06
  8.9999E-01  3.0020E+00  1.6446E-04  7.4993E-01  6.8292E-04  1.0027E+00  1.9346E-06
  9.0299E-01  3.0120E+00  1.6446E-04  7.4993E-01  6.8292E-04  1.0027E+00  1.9439E-06
  9.0599E-01  3.0220E+00  1.6447E-04  7.4993E-01  6.8292E-04  1.0027E+00  1.9553E-06
  9.0898E-01  3.0320E+00  1.6447E-04  7.4993E-01  6.8293E-04  1.0027E+00  1.9641E-06
  9.1198E-01  3.0420E+00  1.6447E-04  7.4993E-01  6.8293E-04  1.0027E+00  1.9726E-06
  9.1498E-01  3.0520E+00  1.6448E-04  7.4993E-01  6.8293E-04  1.0027E+00  1.9838E-06
  9.1798E-01  3.0620E+00  1.6448E-04  7.4993E-01  6.8294E-04  1.0028E+00  1.9926E-06
  9.2098E-01  3.0720E+00  1.6449E-04  7.4993E-01  6.8294E-04  1.0028E+00  2.0005E-06
  9.2397E-01  3.0820E+00  1.6449E-04  7.4993E-01  6.8294E-04  1.0028E+00  2.0117E-06
  9.2697E-01  3.0920E+00  1.6449E-04  7.4993E-01  6.8295E-04  1.0028E+00  2.0217E-06
  9.2997E-01  3.1020E+00  1.6450E-04  7.4993E-01  6.8296E-04  1.0028E+00  2.0337E-06
  9.3297E-01  3.1120E+00  1.6450E-04  7.4993E-01  6.8296E-04  1.0028E+00  2.0530E-06
  9.3596E-01  3.1220E+00  1.6451E-04  7.4993E-01  6.8297E-04  1.0028E+00  2.0690E-06
  9.3896E-01  3.1320E+00  1.6451E-04  7.4993E-01  6.8299E-04  1.0028E+00  2.0789E-06
  9.4196E-01  3.1420E+00  1.6452E-04  7.4993E-01  6.8300E-04  1.0028E+00  2.0908E-06
  9.4496E-01  3.1520E+00  1.6452E-04  7.4993E-01  6.8301E-04  1.0029E+00  2.0997E-06
  9.4796E-01  3.1620E+00  1.6453E-04  7.4993E-01  6.8303E-04  1.0029E+00  2.1029E-06
  9.5095E-01  3.1720E+00  1.6453E-04  7.4993E-01  6.8303E-04  1.0029E+00  2.1070E-06
  9.5395E-01  3.1820E+00  1.6454E-04  7.4993E-01  6.8305E-04  1.0029E+00  2.1106E-06
  9.5695E-01  3.1920E+00  1.6454E-04  7.4993E-01  6.8306E-04  1.0029E+00  2.1159E-06
  9.5995E-01  3.2020E+00  1.6455E-04  7.4993E-01  6.8308E-04  1.0030E+00  2.1313E-06
  9.6295E-01  3.2120E+00  1.6456E-04  7.4993E-01  6.8311E-04  1.0030E+00  2.1445E-06
  9.6594E-01  3.2220E+00  1.6456E-04  7.4993E-01  6.8314E-04  1.0030E+00  2.1460E-06
  9.6894E-01  3.2320E+00  1.6457E-04  7.4993E-01  6.8316E-04  1.0031E+00  2.1452E-06
  9.7194E-01  3.2420E+00  1.6458E-04  7.4993E-01  6.8318E-04  1.0031E+00  2.1425E-06
  9.7494E-01  3.2520E+00  1.6458E-04  7.4993E-01  6.8321E-04  1.0031E+00  2.1405E-06
  9.7794E-01  3.2620E+00  1.6459E-04  7.4993E-01  6.8324E-04  1.0032E+00  2.1534E-06
  9.8093E-01  3.2720E+00  1.6460E-04  7.4993E-01  6.8329E-04  1.0033E+00  2.1652E-06
  9.8393E-01  3.2820E+00  1.6461E-04  7.4993E-01  6.8335E-04  1.0034E+00  2.1749E-06
  9.8693E-01  3.2920E+00  1.6462E-04  7.4993E-01  6.8342E-04  1.0035E+00  2.1991E-06
  9.8993E-01  3.3020E+00  1.6462E-04  7.4993E-01  6.8352E-04  1.0036E+00  2.2205E-06
  9.9293E-01  3.3120E+00  1.6463E-04  7.4993E-01  6.8361E-04  1.0037E+00  2.2130E-06
  9.9592E-01  3.3220E+00  1.6464E-04  7.4993E-01  6.8368E-04  1.0038E+00  2.1924E-06
  9.9892E-01  3.3320E+00  1.6465E-04  7.4993E-01  6.8374E-04  1.0039E+00  2.1673E-06
  1.0019E+00  3.3420E+00  1.6466E-04  7.4993E-01  6.8380E-04  1.0040E+00  2.1465E-06
  1.0049E+00  3.3520E+00  1.6467E-04  7.4993E-01  6.8391E-04  1.0042E+00  2.1472E-06
  1.0079E+00  3.3620E+00  1.6469E-04  7.4993E-01  6.8407E-04  1.0044E+00  2.1421E-06
  1.0109E+00  3.3720E+00  1.6470E-04  7.4993E-01  6.8421E-04  1.0046E+00  2.1069E-06
  1.0139E+00  3.3820E+00  1.6471E-04  7.4993E-01  6.8432E-04  1.0048E+00  2.0608E-06
  1.0169E+00  3.3920E+00  1.6472E-04  7.4993E-01  6.8444E-04  1.0050E+00  2.0060E-06
  1.0199E+00  3.4020E+00  1.6474E-04  7.4993E-01  6.8458E-04  1.0052E+00  1.9480E-06
  1.0229E+00  3.4120E+00  1.6475E-04  7.4993E-01  6.8476E-04  1.0054E+00  1.9066E-06
  1.0259E+00  3.4220E+00  1.6476E-04  7.4993E-01  6.8499E-04  1.0058E+00  1.8519E-06
  1.0289E+00  3.4320E+00  1.6478E-04  7.4993E-01  6.8523E-04  1.0061E+00  1.7722E-06
  1.0320E+00  3.4424E+00  1.6480E-04  7.4993E-01  6.8547E-04  1.0065E+00  1.6882E-06
  1.0350E+00  3.4524E+00  1.6481E-04  7.4993E-01  6.8575E-04  1.0069E+00  1.5863E-06
  1.0380E+00  3.4624E+00  1.6483E-04  7.4993E-01  6.8601E-04  1.0073E+00  1.4575E-06
  1.0410E+00  3.4724E+00  1.6485E-04  7.4993E-01  6.8628E-04  1.0077E+00  1.3241E-06
  1.0440E+00  3.4824E+00  1.6487E-04  7.4993E-01  6.8662E-04  1.0082E+00  1.1710E-06
  1.0470E+00  3.4924E+00  1.6489E-04  7.4993E-01  6.8697E-04  1.0087E+00  1.0085E-06
  1.0500E+00  3.5024E+00  1.6491E-04  7.4993E-01  6.8745E-04  1.0094E+00  8.5380E-07
  1.0530E+00  3.5124E+00  1.6493E-04  7.4993E-01  6.8802E-04  1.0102E+00  6.5683E-07
  1.0560E+00  3.5224E+00  1.6495E-04  7.4993E-01  6.8849E-04  1.0109E+00  4.1028E-07
  1.0590E+00  3.5324E+00  1.6497E-04  7.4993E-01  6.8900E-04  1.0117E+00  1.4072E-07
  1.0620E+00  3.5424E+00  1.6500E-04  7.4992E-01  6.8954E-04  1.0124E+00 -1.7520E-07
  1.0650E+00  3.5524E+00  1.6502E-04  7.4992E-01  6.9005E-04  1.0132E+00 -5.2412E-07
  1.0680E+00  3.5624E+00  1.6505E-04  7.4992E-01  6.9072E-04  1.0142E+00 -8.9395E-07
  1.0710E+00  3.5724E+00  1.6508E-04  7.4992E-01  6.9141E-04  1.0152E+00 -1.3258E-06
  1.0740E+00  3.5824E+00  1.6510E-04  7.4992E-01  6.9206E-04  1.0161E+00 -1.8045E-06
  1.0770E+00  3.5924E+00  1.6513E-04  7.4992E-01  6.9286E-04  1.0173E+00 -2.3222E-06
  1.0800E+00  3.6024E+00  1.6516E-04  7.4992E-01  6.9365E-04  1.0185E+00 -2.9191E-06
  1.0830E+00  3.6124E+00  1.6520E-04  7.4992E-01  6.9442E-04  1.0196E+00 -3.5719E-06
  1.0860E+00  3.6224E+00  1.6523E-04  7.4992E-01  6.9534E-04  1.0209E+00 -4.2849E-06
  1.0890E+00  3.6324E+00  1.6526E-04  7.4992E-01  6.9619E-04  1.0222E+00 -5.0976E-06
  1.0920E+00  3.6424E+00  1.6530E-04  7.4992E-01  6.9704E-04  1.0234E+00 -5.9821E-06
  1.0950E+00  3.6524E+00  1.6534E-04  7.4992E-01  6.9800E-04  1.0248E+00 -6.9540E-06
  1.0980E+00  3.6624E+00  1.6538E-04  7.4992E-01  6.9886E-04  1.0261E+00 -8.0410E-06
  1.1010E+00  3.6724E+00  1.6542E-04  7.4992E-01  6.9974E-04  1.0273E+00 -9.2184E-06
  1.1040E+00  3.6824E+00  1.6546E-04  7.4992E-01  7.0067E-04  1.0287E+00 -1.0512E-05
  1.1069E+00  3.6924E+00  1.6550E-04  7.4992E-01  7.0151E-04  1.0299E+00 -1.1937E-05
  1.1099E+00  3.7024E+00  1.6554E-04  7.4992E-01  7.0235E-04  1.0310E+00 -1.3478E-05
  1.1129E+00  3.7124E+00  1.6559E-04  7.4991E-01  7.0323E-04  1.0323E+00 -1.5158E-05
  1.1159E+00  3.7224E+00  1.6563E-04  7.4991E-01  7.0404E-04  1.0334E+00 -1.6979E-05
  1.1189E+00  3.7324E+00  1.6568E-04  7.4991E-01  7.0494E-04  1.0347E+00 -1.8942E-05
  1.1219E+00  3.7424E+00  1.6573E-04  7.4991E-01  7.0567E-04  1.0356E+00 -2.1114E-05
  1.1249E+00  3.7524E+00  1.6578E-04  7.4991E-01  7.0565E-04  1.0355E+00 -2.3544E-05
  1.1279E+00  3.7624E+00  1.6583E-04  7.4991E-01  7.0513E-04  1.0346E+00 -2.6174E-05
  1.1309E+00  3.7724E+00  1.6588E-04  7.4991E-01  7.0480E-04  1.0340E+00 -2.8922E-05
  1.1339E+00  3.7824E+00  1.6594E-04  7.4991E-01  7.0507E-04  1.0342E+00 -3.1774E-05
  1.1369E+00  3.7924E+00  1.6599E-04  7.4991E-01  7.0569E-04  1.0349E+00 -3.4797E-05
  1.1399E+00  3.8024E+00  1.6605E-04  7.4991E-01  7.0607E-04  1.0352E+00 -3.8063E-05
  1.1429E+00  3.8124E+00  1.6610E-04  7.4990E-01  7.0598E-04  1.0348E+00 -4.1579E-05
  1.1459E+00  3.8224E+00  1.6616E-04  7.4990E-01  7.0565E-04  1.0339E+00 -4.5315E-05
  1.1489E+00  3.8324E+00  1.6622E-04  7.4990E-01  7.0520E-04  1.0329E+00 -4.9282E-05
  1.1519E+00  3.8424E+00  1.6627E-04  7.4990E-01  7.0449E-04  1.0314E+00 -5.3494E-05
  1.1549E+00  3.8524E+00  1.6633E-04  7.4990E-01  7.0359E-04  1.0295E+00 -5.7945E-05
  1.1579E+00  3.8624E+00  1.6639E-04  7.4990E-01  7.0236E-04  1.0271E+00 -6.2683E-05
  1.1609E+00  3.8724E+00  1.6645E-04  7.4990E-01  7.0064E-04  1.0239E+00 -6.7681E-05
  1.1639E+00  3.8824E+00  1.6651E-04  7.4989E-01  6.9916E-04  1.0209E+00 -7.2828E-05
  1.1669E+00  3.8924E+00  1.6657E-04  7.4989E-01  6.9805E-04  1.0184E+00 -7.8148E-05
  1.1699E+00  3.9024E+00  1.6662E-04  7.4989E-01  6.9704E-04  1.0160E+00 -8.3639E-05
  1.1729E+00  3.9124E+00  1.6668E-04  7.4989E-01  6.9639E-04  1.0140E+00 -8.9249E-05
  1.1759E+00  3.9224E+00  1.6674E-04  7.4989E-01  6.9591E-04  1.0122E+00 -9.5032E-05
  1.1790E+00  3.9327E+00  1.6679E-04  7.4989E-01  6.9554E-04  1.0103E+00 -1.0116E-04
  1.1820E+00  3.9427E+00  1.6685E-04  7.4988E-01  6.9532E-04  1.0087E+00 -1.0727E-04
  1.1850E+00  3.9527E+00  1.6691E-04  7.4988E-01  6.9508E-04  1.0068E+00 -1.1356E-04
  1.1880E+00  3.9627E+00  1.6696E-04  7.4988E-01  6.9512E-04  1.0053E+00 -1.1991E-04
  1.1910E+00  3.9727E+00  1.6701E-04  7.4988E-01  6.9555E-04  1.0042E+00 -1.2632E-04
  1.1940E+00  3.9827E+00  1.6706E-04  7.4988E-01  6.9621E-04  1.0034E+00 -1.3280E-04
  1.1970E+00  3.9927E+00  1.6711E-04  7.4988E-01  6.9720E-04  1.0030E+00 -1.3928E-04
  1.2000E+00  4.0027E+00  1.6716E-04  7.4987E-01  6.9845E-04  1.0028E+00 -1.4584E-04
  1.2030E+00  4.0127E+00  1.6721E-04  7.4987E-01  6.9998E-04  1.0030E+00 -1.5241E-04
  1.2060E+00  4.0227E+00  1.6726E-04  7.4987E-01  7.0168E-04  1.0034E+00 -1.5891E-04
  1.2090E+00  4.0327E+00  1.6730E-04  7.4987E-01  7.0373E-04  1.0042E+00 -1.6542E-04
  1.2120E+00  4.0427E+00  1.6734E-04  7.4987E-01  7.0602E-04  1.0054E+00 -1.7188E-04
  1.2150E+00  4.0527E+00  1.6739E-04  7.4986E-01  7.0852E-04  1.0068E+00 -1.7828E-04
  1.2180E+00  4.0627E+00  1.6743E-04  7.4986E-01  7.1143E-04  1.0087E+00 -1.8463E-04
  1.2210E+00  4.0727E+00  1.6746E-04  7.4986E-01  7.1438E-04  1.0107E+00 -1.9082E-04
  1.2240E+00  4.0827E+00  1.6750E-04  7.4986E-01  7.1726E-04  1.0126E+00 -1.9684E-04
  1.2270E+00  4.0927E+00  1.6754E-04  7.4986E-01  7.2019E-04  1.0146E+00 -2.0272E-04
  1.2300E+00  4.1027E+00  1.6757E-04  7.4985E-01  7.2313E-04  1.0166E+00 -2.0844E-04
  1.2330E+00  4.1127E+00  1.6760E-04  7.4985E-01  7.2625E-04  1.0189E+00 -2.1404E-04
  1.2360E+00  4.1227E+00  1.6763E-04  7.4985E-01  7.2961E-04  1.0215E+00 -2.1948E-04
  1.2390E+00  4.1327E+00  1.6766E-04  7.4985E-01  7.3296E-04  1.0243E+00 -2.2475E-04
  1.2420E+00  4.1427E+00  1.6768E-04  7.4985E-01  7.3670E-04  1.0276E+00 -2.2989E-04
  1.2450E+00  4.1527E+00  1.6771E-04  7.4984E-01  7.4035E-04  1.0308E+00 -2.3477E-04
  1.2480E+00  4.1627E+00  1.6773E-04  7.4984E-01  7.4332E-04  1.0332E+00 -2.3937E-04
  1.2510E+00  4.1727E+00  1.6775E-04  7.4984E-01  7.4593E-04  1.0350E+00 -2.4372E-04
  1.2539E+00  4.1827E+00  1.6777E-04  7.4984E-01  7.4822E-04  1.0365E+00 -2.4784E-04
  1.2569E+00  4.1927E+00  1.6779E-04  7.4984E-01  7.5017E-04  1.0375E+00 -2.5172E-04
  1.2599E+00  4.2027E+00  1.6781E-04  7.4983E-01  7.5191E-04  1.0383E+00 -2.5538E-04
  1.2629E+00  4.2127E+00  1.6782E-04  7.4983E-01  7.5325E-04  1.0385E+00 -2.5878E-04
  1.2659E+00  4.2227E+00  1.6784E-04  7.4983E-01  7.5401E-04  1.0380E+00 -2.6194E-04
  1.2689E+00  4.2327E+00  1.6785E-04  7.4983E-01  7.5460E-04  1.0373E+00 -2.6492E-04
  1.2719E+00  4.2427E+00  1.6786E-04  7.4983E-01  7.5561E-04  1.0373E+00 -2.6779E-04
  1.2749E+00  4.2527E+00  1.6787E-04  7.4983E-01  7.5713E-04  1.0382E+00 -2.7054E-04
  1.2779E+00  4.2627E+00  1.6788E-04  7.4982E-01  7.5859E-04  1.0390E+00 -2.7309E-04
  1.2809E+00  4.2727E+00  1.6789E-04  7.4982E-01  7.5929E-04  1.0388E+00 -2.7538E-04
  1.2839E+00  4.2827E+00  1.6790E-04  7.4982E-01  7.5928E-04  1.0376E+00 -2.7745E-04
  1.2869E+00  4.2927E+00  1.6791E-04  7.4982E-01  7.5918E-04  1.0363E+00 -2.7938E-04
  1.2899E+00  4.3027E+00  1.6792E-04  7.4982E-01  7.5907E-04  1.0351E+00 -2.8116E-04
  1.2929E+00  4.3127E+00  1.6792E-04  7.4982E-01  7.5884E-04  1.0338E+00 -2.8279E-04
  1.2959E+00  4.3227E+00  1.6793E-04  7.4981E-01  7.5863E-04  1.0326E+00 -2.8430E-04
  1.2989E+00  4.3327E+00  1.6793E-04  7.4981E-01  7.5833E-04  1.0313E+00 -2.8567E-04
  1.3019E+00  4.3427E+00  1.6794E-04  7.4981E-01  7.5789E-04  1.0298E+00 -2.8693E-04
  1.3049E+00  4.3527E+00  1.6794E-04  7.4981E-01  7.5751E-04  1.0285E+00 -2.8808E-04
  1.3079E+00  4.3627E+00  1.6795E-04  7.4981E-01  7.5704E-04  1.0271E+00 -2.8912E-04
  1.3109E+00  4.3727E+00  1.6795E-04  7.4981E-01  7.5647E-04  1.0257E+00 -2.9007E-04
  1.3139E+00  4.3827E+00  1.6796E-04  7.4981E-01  7.5602E-04  1.0244E+00 -2.9094E-04
  1.3169E+00  4.3927E+00  1.6796E-04  7.4980E-01  7.5544E-04  1.0230E+00 -2.9170E-04
  1.3199E+00  4.4027E+00  1.6796E-04  7.4980E-01  7.5482E-04  1.0216E+00 -2.9241E-04
  1.3229E+00  4.4127E+00  1.6797E-04  7.4980E-01  7.5434E-04  1.0204E+00 -2.9305E-04
  1.3260E+00  4.4231E+00  1.6797E-04  7.4980E-01  7.5373E-04  1.0191E+00 -2.9363E-04
  1.3290E+00  4.4331E+00  1.6797E-04  7.4980E-01  7.5319E-04  1.0179E+00 -2.9414E-04
  1.3320E+00  4.4431E+00  1.6797E-04  7.4980E-01  7.5272E-04  1.0169E+00 -2.9461E-04
  1.3350E+00  4.4531E+00  1.6798E-04  7.4980E-01  7.5217E-04  1.0157E+00 -2.9501E-04
  1.3380E+00  4.4631E+00  1.6798E-04  7.4979E-01  7.5171E-04  1.0148E+00 -2.9538E-04
  1.3410E+00  4.4731E+00  1.6798E-04  7.4979E-01  7.5133E-04  1.0139E+00 -2.9573E-04
  1.3440E+00  4.4831E+00  1.6798E-04  7.4979E-01  7.5090E-04  1.0131E+00 -2.9602E-04
  1.3470E+00  4.4931E+00  1.6798E-04  7.4979E-01  7.5051E-04  1.0123E+00 -2.9629E-04
  1.3500E+00  4.5031E+00  1.6799E-04  7.4979E-01  7.5009E-04  1.0115E+00 -2.9650E-04
  1.3530E+00  4.5131E+00  1.6799E-04  7.4979E-01  7.4958E-04  1.0105E+00 -2.9668E-04
  1.3560E+00  4.5231E+00  1.6799E-04  7.4979E-01  7.4919E-04  1.0098E+00 -2.9685E-04
  1.3590E+00  4.5331E+00  1.6799E-04  7.4979E-01  7.4892E-04  1.0093E+00 -2.9702E-04
  1.3620E+00  4.5431E+00  1.6799E-04  7.4978E-01  7.4864E-04  1.0087E+00 -2.9717E-04
  1.3650E+00  4.5531E+00  1.6799E-04  7.4978E-01  7.4841E-04  1.0083E+00 -2.9731E-04
  1.3680E+00  4.5631E+00  1.6800E-04  7.4978E-01  7.4819E-04  1.0078E+00 -2.9742E-04
  1.3710E+00  4.5731E+00  1.6800E-04  7.4978E-01  7.4793E-04  1.0074E+00 -2.9751E-04
  1.3740E+00  4.5831E+00  1.6800E-04  7.4978E-01  7.4772E-04  1.0070E+00 -2.9760E-04
  1.3770E+00  4.5931E+00  1.6800E-04  7.4978E-01  7.4750E-04  1.0066E+00 -2.9767E-04
  1.3800E+00  4.6031E+00  1.6800E-04  7.4978E-01  7.4727E-04  1.0062E+00 -2.9772E-04
  1.3830E+00  4.6131E+00  1.6800E-04  7.4978E-01  7.4711E-04  1.0059E+00 -2.9778E-04
  1.3860E+00  4.6231E+00  1.6800E-04  7.4978E-01  7.4700E-04  1.0057E+00 -2.9784E-04
  1.3890E+00  4.6331E+00  1.6801E-04  7.4977E-01  7.4689E-04  1.0054E+00 -2.9790E-04
  1.3920E+00  4.6431E+00  1.6801E-04  7.4977E-01  7.4677E-04  1.0052E+00 -2.9794E-04
  1.3950E+00  4.6531E+00  1.6801E-04  7.4977E-01  7.4661E-04  1.0050E+00 -2.9795E-04
  1.3980E+00  4.6631E+00  1.6801E-04  7.4977E-01  7.4644E-04  1.0047E+00 -2.9795E-04
  1.4009E+00  4.6731E+00  1.6801E-04  7.4977E-01  7.4634E-04  1.0045E+00 -2.9798E-04
  1.4039E+00  4.6831E+00  1.6801E-04  7.4977E-01  7.4628E-04  1.0044E+00 -2.9801E-04
  1.4069E+00  4.6931E+00  1.6801E-04  7.4977E-01  7.4622E-04  1.0043E+00 -2.9803E-04
  1.4099E+00  4.7031E+00  1.6801E-04  7.4977E-01  7.4614E-04  1.0041E+00 -2.9804E-04
  1.4129E+00  4.7131E+00  1.6802E-04  7.4977E-01  7.4602E-04  1.0040E+00 -2.9802E-04
  1.4159E+00  4.7231E+00  1.6802E-04  7.4976E-01  7.4589E-04  1.0038E+00 -2.9800E-04
  1.4189E+00  4.7331E+00  1.6802E-04  7.4976E-01  7.4581E-04  1.0036E+00 -2.9799E-04
  1.4219E+00  4.7431E+00  1.6802E-04  7.4976E-01  7.4573E-04  1.0035E+00 -2.9798E-04
  1.4249E+00  4.7531E+00  1.6802E-04  7.4976E-01  7.4567E-04  1.0034E+00 -2.9797E-04
  1.4279E+00  4.7631E+00  1.6802E-04  7.4976E-01  7.4562E-04  1.0033E+00 -2.9798E-04
  1.4309E+00  4.7731E+00  1.6802E-04  7.4976E-01  7.4560E-04  1.0033E+00 -2.9798E-04
  1.4339E+00  4.7831E+00  1.6802E-04  7.4976E-01  7.4556E-04  1.0032E+00 -2.9798E-04
  1.4369E+00  4.7931E+00  1.6803E-04  7.4976E-01  7.4553E-04  1.0032E+00 -2.9798E-04
  1.4399E+00  4.8031E+00  1.6803E-04  7.4976E-01  7.4549E-04  1.0031E+00 -2.9797E-04
  1.4429E+00  4.8131E+00  1.6803E-04  7.4976E-01  7.4544E-04  1.0031E+00 -2.9796E-04
  1.4459E+00  4.8231E+00  1.6803E-04  7.4975E-01  7.4541E-04  1.0030E+00 -2.9795E-04
  1.4489E+00  4.8331E+00  1.6803E-04  7.4975E-01  7.4540E-04  1.0030E+00 -2.9795E-04
  1.4519E+00  4.8431E+00  1.6803E-04  7.4975E-01  7.4538E-04  1.0030E+00 -2.9795E-04
  1.4549E+00  4.8531E+00  1.6803E-04  7.4975E-01  7.4536E-04  1.0029E+00 -2.9794E-04
  1.4579E+00  4.8631E+00  1.6803E-04  7.4975E-01  7.4534E-04  1.0029E+00 -2.9794E-04
  1.4609E+00  4.8731E+00  1.6804E-04  7.4975E-01  7.4531E-04  1.0029E+00 -2.9792E-04
  1.4639E+00  4.8831E+00  1.6804E-04  7.4975E-01  7.4529E-04  1.0028E+00 -2.9791E-04
  1.4669E+00  4.8931E+00  1.6804E-04  7.4975E-01  7.4526E-04  1.0028E+00 -2.9790E-04
  1.4699E+00  4.9031E+00  1.6804E-04  7.4975E-01  7.4523E-04  1.0028E+00 -2.9788E-04
  1.4730E+00  4.9134E+00  1.6804E-04  7.4975E-01  7.4521E-04  1.0027E+00 -2.9787E-04
  1.4760E+00  4.9234E+00  1.6804E-04  7.4974E-01  7.4520E-04  1.0027E+00 -2.9786E-04
  1.4790E+00  4.9334E+00  1.6804E-04  7.4974E-01  7.4518E-04  1.0027E+00 -2.9785E-04
  1.4820E+00  4.9434E+00  1.6804E-04  7.4974E-01  7.4517E-04  1.0027E+00 -2.9784E-04
  1.4850E+00  4.9534E+00  1.6804E-04  7.4974E-01  7.4516E-04  1.0027E+00 -2.9783E-04
  1.4880E+00  4.9634E+00  1.6805E-04  7.4974E-01  7.4514E-04  1.0027E+00 -2.9782E-04
  1.4910E+00  4.9734E+00  1.6805E-04  7.4974E-01  7.4513E-04  1.0026E+00 -2.9781E-04
  1.4940E+00  4.9834E+00  1.6805E-04  7.4974E-01  7.4512E-04  1.0026E+00 -2.9780E-04
  1.5000E+00  5.0035E+00  1.6805E-04  7.4974E-01  7.4510E-04  1.0026E+00 -2.9778E-04
