  3.0226E-11  0.0000E+00  1.6082E-08  1.5796E-03  4.9690E-01  9.5643E-02 -3.9005E-01
  5.0000E-05  1.6678E-04  1.5633E-08  1.5601E-03  4.9690E-01  9.5643E-02 -3.8700E-01
  1.0000E-04  3.3357E-04  1.5185E-08  1.5409E-03  4.9690E-01  9.5643E-02 -3.8382E-01
  1.5000E-04  5.0035E-04  1.4736E-08  1.5218E-03  4.9690E-01  9.5643E-02 -3.8053E-01
  2.0000E-04  6.6714E-04  1.4287E-08  1.5028E-03  4.9690E-01  9.5643E-02 -3.7711E-01
  2.5000E-04  8.3392E-04  1.3839E-08  1.4841E-03  4.9690E-01  9.5643E-02 -3.7356E-01
  3.0000E-04  1.0007E-03  1.3390E-08  1.4655E-03  4.9690E-01  9.5643E-02 -3.6988E-01
  3.5000E-04  1.1675E-03  1.2941E-08  1.4471E-03  4.9690E-01  9.5643E-02 -3.6605E-01
  4.0000E-04  1.3343E-03  1.2493E-08  1.4289E-03  4.9690E-01  9.5643E-02 -3.6207E-01
  4.5000E-04  1.5011E-03  1.2044E-08  1.4109E-03  4.9690E-01  9.5643E-02 -3.5794E-01
  5.0000E-04  1.6678E-03  1.1595E-08  1.3931E-03  4.9690E-01  9.5643E-02 -3.5365E-01
  5.5000E-04  1.8346E-03  1.1147E-08  1.3755E-03  4.9690E-01  9.5643E-02 -3.4919E-01
  6.0000E-04  2.0014E-03  1.0698E-08  1.3582E-03  4.9690E-01  9.5643E-02 -3.4456E-01
  6.5000E-04  2.1682E-03  1.0249E-08  1.3410E-03  4.9690E-01  9.5643E-02 -3.3975E-01
  7.0000E-04  2.3350E-03  9.8006E-09  1.3242E-03  4.9690E-01  9.5643E-02 -3.3475E-01
  7.5000E-04  2.5018E-03  9.3519E-09  1.3076E-03  4.9690E-01  9.5643E-02 -3.2957E-01
  8.0000E-04  2.6685E-03  8.9033E-09  1.2912E-03  4.9690E-01  9.5643E-02 -3.2418E-01
  8.5000E-04  2.8353E-03  8.4546E-09  1.2752E-03  4.9690E-01  9.5643E-02 -3.1858E-01
  9.0000E-04  3.0021E-03  8.0059E-09  1.2594E-03  4.9690E-01  9.5643E-02 -3.1277E-01
  9.5000E-04  3.1689E-03  7.5573E-09  1.2439E-03  4.9690E-01  9.5643E-02 -3.0674E-01
  1.0000E-03  3.3357E-03  7.1086E-09  1.2287E-03  4.9690E-01  9.5643E-02 -3.0048E-01
  1.0500E-03  3.5025E-03  6.6599E-09  1.2138E-03  4.9690E-01  9.5643E-02 -2.9399E-01
  1.1000E-03  3.6693E-03  6.2112E-09  1.1993E-03  4.9690E-01  9.5643E-02 -2.8726E-01
  1.1500E-03  3.8360E-03  5.7626E-09  1.1851E-03  4.9690E-01  9.5643E-02 -2.8028E-01
  1.2000E-03  4.0028E-03  5.3139E-09  1.1713E-03  4.9690E-01  9.5643E-02 -2.7305E-01
  1.2500E-03  4.1696E-03  4.8652E-09  1.1578E-03  4.9690E-01  9.5643E-02 -2.6556E-01
  1.3000E-03  4.3364E-03  4.4165E-09  1.1447E-03  4.9690E-01  9.5643E-02 -2.5782E-01
  1.3500E-03  4.5032E-03  3.9679E-09  1.1320E-03  4.9690E-01  9.5643E-02 -2.4980E-01
  1.4000E-03  4.6700E-03  3.5192E-09  1.1198E-03  4.9690E-01  9.5643E-02 -2.4152E-01
  1.4500E-03  4.8367E-03  3.0705E-09  1.1079E-03  4.9690E-01  9.5643E-02 -2.3296E-01
  1.5000E-03  5.0035E-03  2.6218E-09  1.0965E-03  4.9690E-01  9.5643E-02 -2.2413E-01
  1.5500E-03  5.1703E-03  2.1732E-09  1.0855E-03  4.9690E-01  9.5643E-02 -2.1502E-01
  1.6000E-03  5.3371E-03  1.7245E-09  1.0750E-03  4.9690E-01  9.5643E-02 -2.0564E-01
  1.6500E-03  5.5039E-03  1.2758E-09  1.0649E-03  4.9690E-01  9.5643E-02 -1.9599E-01
  1.7000E-03  5.6707E-03  8.2715E-10  1.0554E-03  4.9690E-01  9.5643E-02 -1.8606E-01
  1.7500E-03  5.8374E-03  3.7847E-10  1.0463E-03  4.9690E-01  9.5643E-02 -1.7587E-01
  1.8000E-03  6.0042E-03 -7.0202E-11  1.0378E-03  4.9690E-01  9.5643E-02 -1.6542E-01
  1.8500E-03  6.1710E-03 -5.1888E-10  1.0298E-03  4.9690E-01  9.5643E-02 -1.5472E-01
  1.9000E-03  6.3378E-03 -9.6755E-10  1.0223E-03  4.9690E-01  9.5644E-02 -1.4377E-01
  1.9500E-03  6.5046E-03 -1.4162E-09  1.0154E-03  4.9690E-01  9.5644E-02 -1.3259E-01
  2.0000E-03  6.6714E-03 -1.8649E-09  1.0091E-03  4.9690E-01  9.5644E-02 -1.2119E-01
  2.0500E-03  6.8382E-03 -2.3136E-09  1.0033E-03  4.9690E-01  9.5644E-02 -1.0959E-01
  2.1000E-03  7.0049E-03 -2.7622E-09  9.9811E-04  4.9690E-01  9.5644E-02 -9.7786E-02
  2.1500E-03  7.1717E-03 -3.2109E-09  9.9352E-04  4.9690E-01  9.5644E-02 -8.5812E-02
  2.2000E-03  7.3385E-03 -3.6596E-09  9.8954E-04  4.9690E-01  9.5644E-02 -7.3681E-02
  2.2500E-03  7.5053E-03 -4.1083E-09  9.8616E-04  4.9690E-01  9.5644E-02 -6.1415E-02
  2.3000E-03  7.6721E-03 -4.5569E-09  9.8340E-04  4.9690E-01  9.5644E-02 -4.9033E-02
  2.3500E-03  7.8389E-03 -5.0056E-09  9.8126E-04  4.9690E-01  9.5644E-02 -3.6559E-02
  2.4000E-03  8.0056E-03 -5.4543E-09  9.7974E-04  4.9690E-01  9.5644E-02 -2.4015E-02
  2.4500E-03  8.1724E-03 -5.8921E-09  9.7884E-04  4.9693E-01  9.5644E-02 -1.2307E-02
  2.5000E-03  8.3392E-03 -6.2960E-09  9.7844E-04  4.9705E-01  9.5644E-02 -5.1197E-03
  2.5500E-03  8.5060E-03 -6.7219E-09  9.7821E-04  4.9724E-01  9.5644E-02 -5.1157E-03
  2.6000E-03  8.6728E-03 -7.1984E-09  9.7780E-04  4.9761E-01  9.5644E-02 -1.2195E-02
  2.6500E-03  8.8396E-03 -7.5934E-09  9.7691E-04  4.9842E-01  9.5645E-02 -2.3940E-02
  2.7000E-03  9.0063E-03 -7.5611E-09  9.7539E-04  4.9978E-01  9.5647E-02 -3.7031E-02
  2.7500E-03  9.1731E-03 -6.5975E-09  9.7324E-04  5.0147E-01  9.5652E-02 -4.8662E-02
  2.8000E-03  9.3399E-03 -4.1561E-09  9.7057E-04  5.0320E-01  9.5658E-02 -5.7377E-02
  2.8500E-03  9.5067E-03  2.3662E-10  9.6755E-04  5.0479E-01  9.5667E-02 -6.3185E-02
  2.9000E-03  9.6735E-03  6.9119E-09  9.6429E-04  5.0627E-01  9.5678E-02 -6.7218E-02
  2.9500E-03  9.8403E-03  1.6018E-08  9.6083E-04  5.0784E-01  9.5690E-02 -7.0857E-02
  3.0000E-03  1.0007E-02  2.7572E-08  9.5720E-04  5.0952E-01  9.5705E-02 -7.4420E-02
  3.0500E-03  1.0174E-02  4.1572E-08  9.5339E-04  5.1132E-01  9.5720E-02 -7.7895E-02
  3.1000E-03  1.0341E-02  5.8010E-08  9.4941E-04  5.1323E-01  9.5737E-02 -8.1268E-02
  3.1500E-03  1.0507E-02  7.6871E-08  9.4527E-04  5.1524E-01  9.5755E-02 -8.4524E-02
  3.2000E-03  1.0674E-02  9.8141E-08  9.4096E-04  5.1736E-01  9.5774E-02 -8.7649E-02
  3.2500E-03  1.0841E-02  1.2180E-07  9.3651E-04  5.1956E-01  9.5794E-02 -9.0630E-02
  3.3000E-03  1.1008E-02  1.4781E-07  9.3190E-04  5.2185E-01  9.5816E-02 -9.3454E-02
  3.3500E-03  1.1175E-02  1.7615E-07  9.2716E-04  5.2422E-01  9.5838E-02 -9.6104E-02
  3.4000E-03  1.1341E-02  2.0678E-07  9.2229E-04  5.2665E-01  9.5861E-02 -9.8570E-02
  3.4500E-03  1.1508E-02  2.3966E-07  9.1731E-04  5.2915E-01  9.5885E-02 -1.0084E-01
  3.5000E-03  1.1675E-02  2.7475E-07  9.1221E-04  5.3169E-01  9.5909E-02 -1.0289E-01
  3.5500E-03  1.1842E-02  3.1198E-07  9.0702E-04  5.3428E-01  9.5934E-02 -1.0472E-01
  3.6000E-03  1.2008E-02  3.5132E-07  9.0174E-04  5.3690E-01  9.5960E-02 -1.0631E-01
  3.6500E-03  1.2175E-02  3.9269E-07  8.9639E-04  5.3955E-01  9.5985E-02 -1.0765E-01
  3.7000E-03  1.2342E-02  4.3602E-07  8.9098E-04  5.4221E-01  9.6011E-02 -1.0873E-01
  3.7500E-03  1.2509E-02  4.8126E-07  8.8552E-04  5.4487E-01  9.6038E-02 -1.0953E-01
  3.8000E-03  1.2676E-02  5.2832E-07  8.8003E-04  5.4752E-01  9.6064E-02 -1.1006E-01
  3.8500E-03  1.2842E-02  5.7713E-07  8.7452E-04  5.5016E-01  9.6089E-02 -1.1029E-01
  3.9000E-03  1.3009E-02  6.2759E-07  8.6900E-04  5.5277E-01  9.6115E-02 -1.1022E-01
  3.9500E-03  1.3176E-02  6.7962E-07  8.6350E-04  5.5535E-01  9.6140E-02 -1.0985E-01
  4.0000E-03  1.3343E-02  7.3312E-07  8.5802E-04  5.5788E-01  9.6165E-02 -1.0916E-01
  4.0500E-03  1.3510E-02  7.8800E-07  8.5258E-04  5.6035E-01  9.6189E-02 -1.0815E-01
  4.1000E-03  1.3676E-02  8.4414E-07  8.4720E-04  5.6276E-01  9.6212E-02 -1.0682E-01
  4.1500E-03  1.3843E-02  9.0145E-07  8.4190E-04  5.6510E-01  9.6234E-02 -1.0517E-01
  4.2000E-03  1.4010E-02  9.5980E-07  8.3669E-04  5.6735E-01  9.6256E-02 -1.0319E-01
  4.2500E-03  1.4177E-02  1.0191E-06  8.3158E-04  5.6951E-01  9.6276E-02 -1.0089E-01
  4.3000E-03  1.4343E-02  1.0792E-06  8.2660E-04  5.7157E-01  9.6295E-02 -9.8263E-02
  4.3500E-03  1.4510E-02  1.1400E-06  8.2176E-04  5.7352E-01  9.6313E-02 -9.5324E-02
  4.4000E-03  1.4677E-02  1.2013E-06  8.1707E-04  5.7536E-01  9.6329E-02 -9.2076E-02
  4.4500E-03  1.4844E-02  1.2631E-06  8.1255E-04  5.7707E-01  9.6344E-02 -8.8528E-02
  4.5000E-03  1.5011E-02  1.3252E-06  8.0822E-04  5.7866E-01  9.6357E-02 -8.4691E-02
  4.5500E-03  1.5177E-02  1.3874E-06  8.0408E-04  5.8011E-01  9.6368E-02 -8.0578E-02
  4.6000E-03  1.5344E-02  1.4496E-06  8.0016E-04  5.8141E-01  9.6378E-02 -7.6205E-02
  4.6500E-03  1.5511E-02  1.5117E-06  7.9646E-04  5.8257E-01  9.6386E-02 -7.1588E-02
  4.7000E-03  1.5678E-02  1.5736E-06  7.9300E-04  5.8358E-01  9.6393E-02 -6.6748E-02
  4.7500E-03  1.5844E-02  1.6350E-06  7.8979E-04  5.8443E-01  9.6397E-02 -6.1706E-02
  4.8000E-03  1.6011E-02  1.6958E-06  7.8684E-04  5.8512E-01  9.6399E-02 -5.6484E-02
  4.8500E-03  1.6178E-02  1.7559E-06  7.8414E-04  5.8565E-01  9.6400E-02 -5.1108E-02
  4.9000E-03  1.6345E-02  1.8152E-06  7.8173E-04  5.8601E-01  9.6399E-02 -4.5605E-02
  4.9500E-03  1.6512E-02  1.8734E-06  7.7959E-04  5.8620E-01  9.6395E-02 -4.0001E-02
  5.0000E-03  1.6678E-02  1.9304E-06  7.7773E-04  5.8622E-01  9.6390E-02 -3.4327E-02
  5.0500E-03  1.6845E-02  1.9861E-06  7.7616E-04  5.8607E-01  9.6383E-02 -2.8611E-02
  5.1000E-03  1.7012E-02  2.0403E-06  7.7487E-04  5.8576E-01  9.6374E-02 -2.2884E-02
  5.1500E-03  1.7179E-02  2.0929E-06  7.7387E-04  5.8527E-01  9.6363E-02 -1.7177E-02
  5.2000E-03  1.7346E-02  2.1436E-06  7.7315E-04  5.8461E-01  9.6351E-02 -1.1520E-02
  5.2500E-03  1.7512E-02  2.1924E-06  7.7272E-04  5.8379E-01  9.6336E-02 -5.9443E-03
  5.3000E-03  1.7679E-02  2.2391E-06  7.7256E-04  5.8280E-01  9.6320E-02 -4.7870E-04
  5.3500E-03  1.7846E-02  2.2835E-06  7.7267E-04  5.8165E-01  9.6303E-02  4.8476E-03
  5.4000E-03  1.8013E-02  2.3256E-06  7.7305E-04  5.8034E-01  9.6284E-02  1.0007E-02
  5.4500E-03  1.8179E-02  2.3650E-06  7.7368E-04  5.7888E-01  9.6263E-02  1.4972E-02
  5.5000E-03  1.8346E-02  2.4018E-06  7.7455E-04  5.7726E-01  9.6242E-02  1.9719E-02
  5.5500E-03  1.8513E-02  2.4358E-06  7.7565E-04  5.7551E-01  9.6219E-02  2.4224E-02
  5.6000E-03  1.8680E-02  2.4668E-06  7.7698E-04  5.7362E-01  9.6195E-02  2.8466E-02
  5.6500E-03  1.8847E-02  2.4947E-06  7.7850E-04  5.7160E-01  9.6170E-02  3.2427E-02
  5.7000E-03  1.9013E-02  2.5193E-06  7.8022E-04  5.6946E-01  9.6144E-02  3.6088E-02
  5.7500E-03  1.9180E-02  2.5406E-06  7.8212E-04  5.6720E-01  9.6118E-02  3.9436E-02
  5.8000E-03  1.9347E-02  2.5584E-06  7.8417E-04  5.6484E-01  9.6092E-02  4.2457E-02
  5.8500E-03  1.9514E-02  2.5726E-06  7.8637E-04  5.6238E-01  9.6065E-02  4.5143E-02
  5.9000E-03  1.9681E-02  2.5831E-06  7.8869E-04  5.5983E-01  9.6037E-02  4.7484E-02
  5.9500E-03  1.9847E-02  2.5899E-06  7.9112E-04  5.5721E-01  9.6010E-02  4.9476E-02
  6.0000E-03  2.0014E-02  2.5927E-06  7.9364E-04  5.5452E-01  9.5983E-02  5.1114E-02
  6.0500E-03  2.0181E-02  2.5915E-06  7.9624E-04  5.5177E-01  9.5956E-02  5.2398E-02
  6.1000E-03  2.0348E-02  2.5862E-06  7.9889E-04  5.4898E-01  9.5929E-02  5.3328E-02
  6.1500E-03  2.0514E-02  2.5768E-06  8.0157E-04  5.4616E-01  9.5903E-02  5.3907E-02
  6.2000E-03  2.0681E-02  2.5631E-06  8.0428E-04  5.4331E-01  9.5878E-02  5.4140E-02
  6.2500E-03  2.0848E-02  2.5451E-06  8.0699E-04  5.4046E-01  9.5854E-02  5.4032E-02
  6.3000E-03  2.1015E-02  2.5228E-06  8.0969E-04  5.3761E-01  9.5831E-02  5.3590E-02
  6.3500E-03  2.1182E-02  2.4961E-06  8.1236E-04  5.3477E-01  9.5808E-02  5.2826E-02
  6.4000E-03  2.1348E-02  2.4649E-06  8.1498E-04  5.3196E-01  9.5788E-02  5.1747E-02
  6.4500E-03  2.1515E-02  2.4292E-06  8.1753E-04  5.2920E-01  9.5768E-02  5.0368E-02
  6.5000E-03  2.1682E-02  2.3890E-06  8.2002E-04  5.2648E-01  9.5750E-02  4.8699E-02
  6.5500E-03  2.1849E-02  2.3443E-06  8.2241E-04  5.2383E-01  9.5734E-02  4.6756E-02
  6.6000E-03  2.2016E-02  2.2950E-06  8.2469E-04  5.2125E-01  9.5719E-02  4.4553E-02
  6.6500E-03  2.2182E-02  2.2412E-06  8.2686E-04  5.1875E-01  9.5707E-02  4.2105E-02
  6.7000E-03  2.2349E-02  2.1828E-06  8.2891E-04  5.1636E-01  9.5696E-02  3.9428E-02
  6.7500E-03  2.2516E-02  2.1199E-06  8.3081E-04  5.1407E-01  9.5687E-02  3.6539E-02
  6.8000E-03  2.2683E-02  2.0525E-06  8.3256E-04  5.1190E-01  9.5680E-02  3.3456E-02
  6.8500E-03  2.2849E-02  1.9806E-06  8.3415E-04  5.0985E-01  9.5676E-02  3.0196E-02
  6.9000E-03  2.3016E-02  1.9043E-06  8.3558E-04  5.0793E-01  9.5673E-02  2.6777E-02
  6.9500E-03  2.3183E-02  1.8236E-06  8.3683E-04  5.0616E-01  9.5673E-02  2.3217E-02
  7.0000E-03  2.3350E-02  1.7385E-06  8.3790E-04  5.0454E-01  9.5675E-02  1.9536E-02
  7.0500E-03  2.3517E-02  1.6491E-06  8.3878E-04  5.0306E-01  9.5679E-02  1.5750E-02
  7.1000E-03  2.3683E-02  1.5556E-06  8.3947E-04  5.0175E-01  9.5685E-02  1.1881E-02
  7.1500E-03  2.3850E-02  1.4579E-06  8.3996E-04  5.0059E-01  9.5694E-02  7.9449E-03
  7.2000E-03  2.4017E-02  1.3561E-06  8.4026E-04  4.9960E-01  9.5704E-02  3.9621E-03
  7.2500E-03  2.4184E-02  1.2504E-06  8.4035E-04  4.9877E-01  9.5717E-02 -4.9124E-05
  7.3000E-03  2.4350E-02  1.1409E-06  8.4025E-04  4.9811E-01  9.5732E-02 -4.0702E-03
  7.3500E-03  2.4517E-02  1.0276E-06  8.3994E-04  4.9761E-01  9.5749E-02 -8.0827E-03
  7.4000E-03  2.4684E-02  9.1064E-07  8.3943E-04  4.9727E-01  9.5768E-02 -1.2068E-02
  7.4500E-03  2.4851E-02  7.9019E-07  8.3872E-04  4.9710E-01  9.5788E-02 -1.6009E-02
  7.5000E-03  2.5018E-02  6.6636E-07  8.3782E-04  4.9708E-01  9.5810E-02 -1.9888E-02
  7.5500E-03  2.5184E-02  5.3928E-07  8.3672E-04  4.9721E-01  9.5834E-02 -2.3687E-02
  7.6000E-03  2.5351E-02  4.0909E-07  8.3544E-04  4.9748E-01  9.5860E-02 -2.7389E-02
  7.6500E-03  2.5518E-02  2.7593E-07  8.3397E-04  4.9790E-01  9.5887E-02 -3.0977E-02
  7.7000E-03  2.5685E-02  1.3997E-07  8.3233E-04  4.9844E-01  9.5915E-02 -3.4436E-02
  7.7500E-03  2.5852E-02  1.3442E-09  8.3052E-04  4.9911E-01  9.5944E-02 -3.7750E-02
  7.8000E-03  2.6018E-02 -1.3977E-07  8.2854E-04  4.9990E-01  9.5974E-02 -4.0904E-02
  7.8500E-03  2.6185E-02 -2.8322E-07  8.2641E-04  5.0079E-01  9.6005E-02 -4.3884E-02
  7.9000E-03  2.6352E-02 -4.2882E-07  8.2414E-04  5.0177E-01  9.6037E-02 -4.6675E-02
  7.9500E-03  2.6519E-02 -5.7641E-07  8.2173E-04  5.0285E-01  9.6069E-02 -4.9264E-02
  8.0000E-03  2.6685E-02 -7.2579E-07  8.1920E-04  5.0399E-01  9.6102E-02 -5.1639E-02
  8.0500E-03  2.6852E-02 -8.7680E-07  8.1655E-04  5.0521E-01  9.6134E-02 -5.3789E-02
  8.1000E-03  2.7019E-02 -1.0292E-06  8.1380E-04  5.0647E-01  9.6167E-02 -5.5702E-02
  8.1500E-03  2.7186E-02 -1.1829E-06  8.1097E-04  5.0778E-01  9.6200E-02 -5.7369E-02
  8.2000E-03  2.7353E-02 -1.3377E-06  8.0805E-04  5.0912E-01  9.6233E-02 -5.8781E-02
  8.2500E-03  2.7519E-02 -1.4933E-06  8.0507E-04  5.1049E-01  9.6265E-02 -5.9929E-02
  8.3000E-03  2.7686E-02 -1.6496E-06  8.0204E-04  5.1186E-01  9.6297E-02 -6.0807E-02
  8.3500E-03  2.7853E-02 -1.8063E-06  7.9898E-04  5.1323E-01  9.6328E-02 -6.1409E-02
  8.4000E-03  2.8020E-02 -1.9633E-06  7.9589E-04  5.1460E-01  9.6358E-02 -6.1731E-02
  8.4500E-03  2.8186E-02 -2.1204E-06  7.9279E-04  5.1594E-01  9.6387E-02 -6.1768E-02
  8.5000E-03  2.8353E-02 -2.2774E-06  7.8970E-04  5.1725E-01  9.6415E-02 -6.1519E-02
  8.5500E-03  2.8520E-02 -2.4340E-06  7.8663E-04  5.1853E-01  9.6442E-02 -6.0982E-02
  8.6000E-03  2.8687E-02 -2.5902E-06  7.8359E-04  5.1975E-01  9.6468E-02 -6.0159E-02
  8.6500E-03  2.8854E-02 -2.7455E-06  7.8060E-04  5.2092E-01  9.6492E-02 -5.9052E-02
  8.7000E-03  2.9020E-02 -2.9000E-06  7.7767E-04  5.2202E-01  9.6514E-02 -5.7662E-02
  8.7500E-03  2.9187E-02 -3.0533E-06  7.7482E-04  5.2305E-01  9.6535E-02 -5.5996E-02
  8.8000E-03  2.9354E-02 -3.2054E-06  7.7206E-04  5.2400E-01  9.6554E-02 -5.4059E-02
  8.8500E-03  2.9521E-02 -3.3559E-06  7.6941E-04  5.2487E-01  9.6572E-02 -5.1860E-02
  8.9000E-03  2.9688E-02 -3.5047E-06  7.6687E-04  5.2564E-01  9.6587E-02 -4.9406E-02
  8.9500E-03  2.9854E-02 -3.6515E-06  7.6446E-04  5.2631E-01  9.6601E-02 -4.6709E-02
  9.0000E-03  3.0021E-02 -3.7963E-06  7.6220E-04  5.2688E-01  9.6613E-02 -4.3781E-02
  9.0500E-03  3.0188E-02 -3.9389E-06  7.6008E-04  5.2735E-01  9.6623E-02 -4.0634E-02
  9.1000E-03  3.0355E-02 -4.0789E-06  7.5813E-04  5.2770E-01  9.6630E-02 -3.7283E-02
  9.1500E-03  3.0521E-02 -4.2163E-06  7.5635E-04  5.2793E-01  9.6636E-02 -3.3744E-02
  9.2000E-03  3.0688E-02 -4.3509E-06  7.5476E-04  5.2805E-01  9.6640E-02 -3.0034E-02
  9.2500E-03  3.0855E-02 -4.4826E-06  7.5335E-04  5.2805E-01  9.6641E-02 -2.6170E-02
  9.3000E-03  3.1022E-02 -4.6110E-06  7.5214E-04  5.2793E-01  9.6641E-02 -2.2172E-02
  9.3500E-03  3.1189E-02 -4.7361E-06  7.5114E-04  5.2768E-01  9.6639E-02 -1.8057E-02
  9.4000E-03  3.1355E-02 -4.8578E-06  7.5034E-04  5.2731E-01  9.6635E-02 -1.3847E-02
  9.4500E-03  3.1522E-02 -4.9758E-06  7.4976E-04  5.2681E-01  9.6628E-02 -9.5616E-03
  9.5000E-03  3.1689E-02 -5.0900E-06  7.4940E-04  5.2619E-01  9.6620E-02 -5.2213E-03
  9.5500E-03  3.1856E-02 -5.2002E-06  7.4925E-04  5.2545E-01  9.6611E-02 -8.4708E-04
  9.6000E-03  3.2023E-02 -5.3064E-06  7.4932E-04  5.2458E-01  9.6599E-02  3.5405E-03
  9.6500E-03  3.2189E-02 -5.4084E-06  7.4962E-04  5.2359E-01  9.6586E-02  7.9211E-03
  9.7000E-03  3.2356E-02 -5.5060E-06  7.5013E-04  5.2248E-01  9.6571E-02  1.2275E-02
  9.7500E-03  3.2523E-02 -5.5992E-06  7.5086E-04  5.2125E-01  9.6555E-02  1.6581E-02
  9.8000E-03  3.2690E-02 -5.6877E-06  7.5180E-04  5.1991E-01  9.6537E-02  2.0823E-02
  9.8500E-03  3.2856E-02 -5.7716E-06  7.5296E-04  5.1845E-01  9.6518E-02  2.4981E-02
  9.9000E-03  3.3023E-02 -5.8506E-06  7.5432E-04  5.1689E-01  9.6498E-02  2.9038E-02
  9.9500E-03  3.3190E-02 -5.9248E-06  7.5588E-04  5.1522E-01  9.6476E-02  3.2979E-02
  1.0000E-02  3.3357E-02 -5.9939E-06  7.5764E-04  5.1345E-01  9.6454E-02  3.6788E-02
  1.0050E-02  3.3524E-02 -6.0580E-06  7.5958E-04  5.1158E-01  9.6430E-02  4.0452E-02
  1.0100E-02  3.3690E-02 -6.1168E-06  7.6170E-04  5.0961E-01  9.6406E-02  4.3958E-02
  1.0150E-02  3.3857E-02 -6.1705E-06  7.6400E-04  5.0756E-01  9.6381E-02  4.7295E-02
  1.0200E-02  3.4024E-02 -6.2188E-06  7.6645E-04  5.0542E-01  9.6356E-02  5.0454E-02
  1.0250E-02  3.4191E-02 -6.2617E-06  7.6906E-04  5.0321E-01  9.6330E-02  5.3425E-02
  1.0300E-02  3.4357E-02 -6.2992E-06  7.7182E-04  5.0092E-01  9.6304E-02  5.6202E-02
  1.0350E-02  3.4524E-02 -6.3312E-06  7.7471E-04  4.9856E-01  9.6277E-02  5.8779E-02
  1.0400E-02  3.4691E-02 -6.3577E-06  7.7772E-04  4.9613E-01  9.6251E-02  6.1150E-02
  1.0450E-02  3.4858E-02 -6.3786E-06  7.8085E-04  4.9365E-01  9.6224E-02  6.3314E-02
  1.0500E-02  3.5025E-02 -6.3939E-06  7.8408E-04  4.9112E-01  9.6197E-02  6.5267E-02
  1.0550E-02  3.5191E-02 -6.4037E-06  7.8740E-04  4.8854E-01  9.6171E-02  6.7008E-02
  1.0600E-02  3.5358E-02 -6.4077E-06  7.9080E-04  4.8592E-01  9.6145E-02  6.8539E-02
  1.0650E-02  3.5525E-02 -6.4062E-06  7.9427E-04  4.8327E-01  9.6119E-02  6.9858E-02
  1.0700E-02  3.5692E-02 -6.3990E-06  7.9781E-04  4.8058E-01  9.6094E-02  7.0970E-02
  1.0750E-02  3.5859E-02 -6.3861E-06  8.0139E-04  4.7788E-01  9.6069E-02  7.1876E-02
  1.0800E-02  3.6025E-02 -6.3676E-06  8.0502E-04  4.7515E-01  9.6045E-02  7.2580E-02
  1.0850E-02  3.6192E-02 -6.3435E-06  8.0867E-04  4.7242E-01  9.6022E-02  7.3086E-02
  1.0900E-02  3.6359E-02 -6.3138E-06  8.1234E-04  4.6967E-01  9.6000E-02  7.3400E-02
  1.0950E-02  3.6526E-02 -6.2785E-06  8.1603E-04  4.6693E-01  9.5979E-02  7.3528E-02
  1.1000E-02  3.6692E-02 -6.2376E-06  8.1972E-04  4.6419E-01  9.5958E-02  7.3474E-02
  1.1050E-02  3.6859E-02 -6.1913E-06  8.2339E-04  4.6146E-01  9.5939E-02  7.3246E-02
  1.1100E-02  3.7026E-02 -6.1395E-06  8.2706E-04  4.5874E-01  9.5921E-02  7.2851E-02
  1.1150E-02  3.7193E-02 -6.0822E-06  8.3070E-04  4.5605E-01  9.5904E-02  7.2296E-02
  1.1200E-02  3.7360E-02 -6.0196E-06  8.3430E-04  4.5338E-01  9.5888E-02  7.1589E-02
  1.1250E-02  3.7526E-02 -5.9517E-06  8.3787E-04  4.5074E-01  9.5874E-02  7.0737E-02
  1.1300E-02  3.7693E-02 -5.8785E-06  8.4139E-04  4.4813E-01  9.5860E-02  6.9748E-02
  1.1350E-02  3.7860E-02 -5.8001E-06  8.4485E-04  4.4557E-01  9.5849E-02  6.8630E-02
  1.1400E-02  3.8027E-02 -5.7166E-06  8.4826E-04  4.4304E-01  9.5838E-02  6.7392E-02
  1.1450E-02  3.8194E-02 -5.6281E-06  8.5160E-04  4.4056E-01  9.5829E-02  6.6042E-02
  1.1500E-02  3.8360E-02 -5.5346E-06  8.5487E-04  4.3814E-01  9.5822E-02  6.4588E-02
  1.1550E-02  3.8527E-02 -5.4362E-06  8.5807E-04  4.3576E-01  9.5816E-02  6.3038E-02
  1.1600E-02  3.8694E-02 -5.3331E-06  8.6118E-04  4.3344E-01  9.5811E-02  6.1401E-02
  1.1650E-02  3.8861E-02 -5.2252E-06  8.6421E-04  4.3118E-01  9.5808E-02  5.9684E-02
  1.1700E-02  3.9027E-02 -5.1128E-06  8.6715E-04  4.2898E-01  9.5806E-02  5.7895E-02
  1.1750E-02  3.9194E-02 -4.9958E-06  8.7000E-04  4.2685E-01  9.5805E-02  5.6043E-02
  1.1800E-02  3.9361E-02 -4.8744E-06  8.7275E-04  4.2478E-01  9.5807E-02  5.4136E-02
  1.1850E-02  3.9528E-02 -4.7487E-06  8.7541E-04  4.2278E-01  9.5809E-02  5.2180E-02
  1.1900E-02  3.9695E-02 -4.6188E-06  8.7797E-04  4.2085E-01  9.5813E-02  5.0183E-02
  1.1950E-02  3.9861E-02 -4.4848E-06  8.8042E-04  4.1897E-01  9.5818E-02  4.7934E-02
  1.2000E-02  4.0028E-02 -4.3466E-06  8.8274E-04  4.1709E-01  9.5824E-02  4.4507E-02
  1.2050E-02  4.0195E-02 -4.2041E-06  8.8483E-04  4.1524E-01  9.5830E-02  3.9171E-02
  1.2100E-02  4.0362E-02 -4.0571E-06  8.8661E-04  4.1355E-01  9.5834E-02  3.1938E-02
  1.2150E-02  4.0528E-02 -3.9057E-06  8.8800E-04  4.1223E-01  9.5836E-02  2.3806E-02
  1.2200E-02  4.0695E-02 -3.7502E-06  8.8900E-04  4.1138E-01  9.5836E-02  1.6657E-02
  1.2250E-02  4.0862E-02 -3.5915E-06  8.8971E-04  4.1092E-01  9.5834E-02  1.2716E-02
  1.2300E-02  4.1029E-02 -3.4306E-06  8.9034E-04  4.1069E-01  9.5832E-02  1.3592E-02
  1.2350E-02  4.1196E-02 -3.2687E-06  8.9114E-04  4.1057E-01  9.5830E-02  1.9355E-02
  1.2400E-02  4.1362E-02 -3.1065E-06  8.9231E-04  4.1054E-01  9.5829E-02  2.8166E-02
  1.2450E-02  4.1529E-02 -2.9443E-06  8.9395E-04  4.1054E-01  9.5828E-02  3.7540E-02
  1.2500E-02  4.1696E-02 -2.7821E-06  8.9606E-04  4.1054E-01  9.5827E-02  4.6857E-02
  1.2550E-02  4.1863E-02 -2.6199E-06  8.9862E-04  4.1054E-01  9.5827E-02  5.6100E-02
  1.2600E-02  4.2030E-02 -2.4577E-06  9.0165E-04  4.1054E-01  9.5826E-02  6.5258E-02
  1.2650E-02  4.2196E-02 -2.2955E-06  9.0514E-04  4.1054E-01  9.5826E-02  7.4316E-02
  1.2700E-02  4.2363E-02 -2.1333E-06  9.0907E-04  4.1054E-01  9.5825E-02  8.3265E-02
  1.2750E-02  4.2530E-02 -1.9710E-06  9.1345E-04  4.1054E-01  9.5824E-02  9.2091E-02
  1.2800E-02  4.2697E-02 -1.8088E-06  9.1827E-04  4.1054E-01  9.5824E-02  1.0078E-01
  1.2850E-02  4.2863E-02 -1.6466E-06  9.2351E-04  4.1054E-01  9.5823E-02  1.0934E-01
  1.2900E-02  4.3030E-02 -1.4844E-06  9.2919E-04  4.1054E-01  9.5822E-02  1.1774E-01
  1.2950E-02  4.3197E-02 -1.3222E-06  9.3527E-04  4.1054E-01  9.5822E-02  1.2598E-01
  1.3000E-02  4.3364E-02 -1.1600E-06  9.4177E-04  4.1054E-01  9.5821E-02  1.3406E-01
  1.3050E-02  4.3531E-02 -9.9777E-07  9.4867E-04  4.1054E-01  9.5821E-02  1.4197E-01
  1.3100E-02  4.3697E-02 -8.3556E-07  9.5595E-04  4.1054E-01  9.5820E-02  1.4970E-01
  1.3150E-02  4.3864E-02 -6.7335E-07  9.6362E-04  4.1054E-01  9.5820E-02  1.5726E-01
  1.3200E-02  4.4031E-02 -5.1114E-07  9.7167E-04  4.1054E-01  9.5819E-02  1.6463E-01
  1.3250E-02  4.4198E-02 -3.4892E-07  9.8007E-04  4.1054E-01  9.5818E-02  1.7181E-01
  1.3300E-02  4.4364E-02 -1.8671E-07  9.8883E-04  4.1054E-01  9.5818E-02  1.7881E-01
  1.3350E-02  4.4531E-02 -2.4500E-08  9.9794E-04  4.1054E-01  9.5817E-02  1.8562E-01
  1.3400E-02  4.4698E-02  1.3771E-07  1.0074E-03  4.1054E-01  9.5817E-02  1.9225E-01
  1.3450E-02  4.4865E-02  2.9992E-07  1.0172E-03  4.1054E-01  9.5816E-02  1.9869E-01
  1.3500E-02  4.5032E-02  4.6214E-07  1.0272E-03  4.1054E-01  9.5815E-02  2.0494E-01
  1.3550E-02  4.5198E-02  6.2435E-07  1.0376E-03  4.1054E-01  9.5815E-02  2.1101E-01
  1.3600E-02  4.5365E-02  7.8656E-07  1.0483E-03  4.1054E-01  9.5814E-02  2.1689E-01
  1.3650E-02  4.5532E-02  9.4877E-07  1.0593E-03  4.1054E-01  9.5814E-02  2.2260E-01
  1.3700E-02  4.5699E-02  1.1110E-06  1.0706E-03  4.1054E-01  9.5813E-02  2.2813E-01
  1.3750E-02  4.5866E-02  1.2732E-06  1.0821E-03  4.1054E-01  9.5813E-02  2.3349E-01
  1.3800E-02  4.6032E-02  1.4354E-06  1.0939E-03  4.1054E-01  9.5812E-02  2.3867E-01
  1.3850E-02  4.6199E-02  1.5976E-06  1.1060E-03  4.1054E-01  9.5812E-02  2.4369E-01
  1.3900E-02  4.6366E-02  1.7598E-06  1.1183E-03  4.1054E-01  9.5811E-02  2.4854E-01
  1.3950E-02  4.6533E-02  1.9220E-06  1.1308E-03  4.1054E-01  9.5811E-02  2.5324E-01
  1.4000E-02  4.6699E-02  2.0843E-06  1.1436E-03  4.1054E-01  9.5810E-02  2.5778E-01
  1.4050E-02  4.6866E-02  2.2465E-06  1.1566E-03  4.1054E-01  9.5809E-02  2.6217E-01
  1.4100E-02  4.7033E-02  2.4087E-06  1.1698E-03  4.1054E-01  9.5809E-02  2.6641E-01
  1.4150E-02  4.7200E-02  2.5709E-06  1.1832E-03  4.1054E-01  9.5808E-02  2.7051E-01
  1.4200E-02  4.7367E-02  2.7331E-06  1.1968E-03  4.1054E-01  9.5808E-02  2.7447E-01
  1.4250E-02  4.7533E-02  2.8953E-06  1.2106E-03  4.1054E-01  9.5807E-02  2.7830E-01
  1.4300E-02  4.7700E-02  3.0575E-06  1.2246E-03  4.1054E-01  9.5807E-02  2.8200E-01
  1.4350E-02  4.7867E-02  3.2197E-06  1.2388E-03  4.1054E-01  9.5806E-02  2.8557E-01
  1.4400E-02  4.8034E-02  3.3819E-06  1.2532E-03  4.1054E-01  9.5806E-02  2.8903E-01
  1.4450E-02  4.8201E-02  3.5442E-06  1.2677E-03  4.1054E-01  9.5805E-02  2.9236E-01
  1.4500E-02  4.8367E-02  3.7064E-06  1.2824E-03  4.1054E-01  9.5805E-02  2.9558E-01
  1.4550E-02  4.8534E-02  3.8686E-06  1.2973E-03  4.1054E-01  9.5804E-02  2.9869E-01
  1.4600E-02  4.8701E-02  4.0308E-06  1.3123E-03  4.1054E-01  9.5804E-02  3.0170E-01
  1.4650E-02  4.8868E-02  4.1930E-06  1.3274E-03  4.1054E-01  9.5803E-02  3.0460E-01
  1.4700E-02  4.9034E-02  4.3552E-06  1.3427E-03  4.1054E-01  9.5803E-02  3.0741E-01
  1.4750E-02  4.9201E-02  4.5174E-06  1.3582E-03  4.1054E-01  9.5802E-02  3.1012E-01
  1.4800E-02  4.9368E-02  4.6796E-06  1.3737E-03  4.1054E-01  9.5802E-02  3.1274E-01
  1.4850E-02  4.9535E-02  4.8419E-06  1.3894E-03  4.1054E-01  9.5801E-02  3.1527E-01
  1.4900E-02  4.9702E-02  5.0041E-06  1.4052E-03  4.1054E-01  9.5801E-02  3.1772E-01
  1.5000E-02  5.0035E-02  5.3285E-06  1.4372E-03  4.1054E-01  9.5800E-02  3.2237E-01
