  3.0226E-11  0.0000E+00  1.0000E+02  9.8772E-04  9.8505E+01  9.7295E-02 -2.8188E-01
  5.0000E-05  1.6678E-04  1.0000E+02  9.8772E-04  9.8505E+01  9.7295E-02 -2.8172E-01
  1.0000E-04  3.3357E-04  1.0000E+02  9.8772E-04  9.8505E+01  9.7295E-02 -2.8156E-01
  1.5000E-04  5.0035E-04  1.0000E+02  9.8772E-04  9.8505E+01  9.7295E-02 -2.8140E-01
  2.0000E-04  6.6714E-04  1.0000E+02  9.8772E-04  9.8505E+01  9.7295E-02 -2.8125E-01
  2.5000E-04  8.3392E-04  1.0000E+02  9.8772E-04  9.8505E+01  9.7295E-02 -2.8109E-01
  3.0000E-04  1.0007E-03  1.0000E+02  9.8772E-04  9.8505E+01  9.7295E-02 -2.8093E-01
  3.5000E-04  1.1675E-03  1.0000E+02  9.8772E-04  9.8505E+01  9.7295E-02 -2.8077E-01
  4.0000E-04  1.3343E-03  1.0000E+02  9.8772E-04  9.8505E+01  9.7295E-02 -2.8061E-01
  4.5000E-04  1.5011E-03  1.0000E+02  9.8772E-04  9.8505E+01  9.7295E-02 -2.8046E-01
  5.0000E-04  1.6678E-03  1.0000E+02  9.8772E-04  9.8505E+01  9.7295E-02 -2.8030E-01
  5.5000E-04  1.8346E-03  1.0000E+02  9.8772E-04  9.8505E+01  9.7295E-02 -2.8014E-01
  6.0000E-04  2.0014E-03  1.0000E+02  9.8772E-04  9.8505E+01  9.7295E-02 -2.7998E-01
  6.5000E-04  2.1682E-03  1.0000E+02  9.8772E-04  9.8505E+01  9.7295E-02 -2.7982E-01
  7.0000E-04  2.3350E-03  1.0000E+02  9.8772E-04  9.8505E+01  9.7295E-02 -2.7966E-01
  7.5000E-04  2.5018E-03  1.0000E+02  9.8772E-04  9.8505E+01  9.7295E-02 -2.7951E-01
  8.0000E-04  2.6685E-03  1.0000E+02  9.8772E-04  9.8505E+01  9.7295E-02 -2.7935E-01
  8.5000E-04  2.8353E-03  1.0000E+02  9.8772E-04  9.8505E+01  9.7295E-02 -2.7919E-01
  9.0000E-04  3.0021E-03  1.0000E+02  9.8772E-04  9.8505E+01  9.7295E-02 -2.7903E-01
  9.5000E-04  3.1689E-03  1.0000E+02  9.8772E-04  9.8505E+01  9.7295E-02 -2.7887E-01
  1.0000E-03  3.3357E-03  1.0000E+02  9.8772E-04  9.8505E+01  9.7295E-02 -2.7872E-01
  1.0500E-03  3.5025E-03  1.0000E+02  9.8772E-04  9.8505E+01  9.7295E-02 -2.7856E-01
  1.1000E-03  3.6693E-03  1.0000E+02  9.8772E-04  9.8505E+01  9.7295E-02 -2.7840E-01
  1.1500E-03  3.8360E-03  1.0000E+02  9.8772E-04  9.8505E+01  9.7295E-02 -2.7824E-01
  1.2000E-03  4.0028E-03  1.0000E+02  9.8772E-04  9.8505E+01  9.7295E-02 -2.7808E-01
  1.2500E-03  4.1696E-03  1.0000E+02  9.8772E-04  9.8505E+01  9.7295E-02 -2.7793E-01
  1.3000E-03  4.3364E-03  1.0000E+02  9.8772E-04  9.8505E+01  9.7295E-02 -2.7777E-01
  1.3500E-03  4.5032E-03  1.0000E+02  9.8772E-04  9.8505E+01  9.7295E-02 -2.7761E-01
  1.4000E-03  4.6700E-03  1.0000E+02  9.8772E-04  9.8505E+01  9.7295E-02 -2.7745E-01
  1.4500E-03  4.8367E-03  1.0000E+02  9.8772E-04  9.8505E+01  9.7295E-02 -2.7729E-01
  1.5000E-03  5.0035E-03  1.0000E+02  9.8772E-04  9.8505E+01  9.7295E-02 -2.7714E-01
  1.5500E-03  5.1703E-03  1.0000E+02  9.8772E-04  9.8505E+01  9.7295E-02 -2.7698E-01
  1.6000E-03  5.3371E-03  1.0000E+02  9.8772E-04  9.8505E+01  9.7295E-02 -2.7682E-01
  1.6500E-03  5.5039E-03  1.0000E+02  9.8772E-04  9.8505E+01  9.7295E-02 -2.7666E-01
  1.7000E-03  5.6707E-03  1.0000E+02  9.8772E-04  9.8505E+01  9.7295E-02 -2.7650E-01
  1.7500E-03  5.8374E-03  1.0000E+02  9.8772E-04  9.8505E+01  9.7295E-02 -2.7635E-01
  1.8000E-03  6.0042E-03  1.0000E+02  9.8772E-04  9.8505E+01  9.7295E-02 -2.7619E-01
  1.8500E-03  6.1710E-03  1.0000E+02  9.8772E-04  9.8505E+01  9.7295E-02 -2.7603E-01
  1.9000E-03  6.3378E-03  1.0000E+02  9.8773E-04  9.8505E+01  9.7295E-02 -2.7587E-01
  1.9500E-03  6.5046E-03  1.0000E+02  9.8773E-04  9.8505E+01  9.7295E-02 -2.7571E-01
  2.0000E-03  6.6714E-03  1.0000E+02  9.8773E-04  9.8505E+01  9.7295E-02 -2.7556E-01
  2.0500E-03  6.8382E-03  1.0000E+02  9.8773E-04  9.8505E+01  9.7295E-02 -2.7540E-01
  2.1000E-03  7.0049E-03  1.0000E+02  9.8773E-04  9.8505E+01  9.7295E-02 -2.7524E-01
  2.1500E-03  7.1717E-03  1.0000E+02  9.8773E-04  9.8505E+01  9.7295E-02 -2.7508E-01
  2.2000E-03  7.3385E-03  1.0000E+02  9.8773E-04  9.8505E+01  9.7295E-02 -2.7492E-01
  2.2500E-03  7.5053E-03  1.0000E+02  9.8773E-04  9.8505E+01  9.7295E-02 -2.7477E-01
  2.3000E-03  7.6721E-03  1.0000E+02  9.8773E-04  9.8505E+01  9.7295E-02 -2.7461E-01
  2.3500E-03  7.8389E-03  1.0000E+02  9.8773E-04  9.8505E+01  9.7295E-02 -2.7445E-01
  2.4000E-03  8.0056E-03  1.0000E+02  9.8773E-04  9.8505E+01  9.7295E-02 -2.7550E-01
  2.4500E-03  8.1724E-03  9.9999E+01  9.8773E-04  9.8505E+01  9.7296E-02 -3.5444E-01
  2.5000E-03  8.3392E-03  9.9991E+01  9.8773E-04  9.8507E+01  9.7296E-02 -6.0898E-01
  2.5500E-03  8.5060E-03  9.9977E+01  9.8773E-04  9.8512E+01  9.7296E-02 -1.1766E+00
  2.6000E-03  8.6728E-03  9.9969E+01  9.8773E-04  9.8536E+01  9.7297E-02 -2.4426E+00
  2.6500E-03  8.8396E-03  9.9983E+01  9.8773E-04  9.8620E+01  9.7296E-02 -4.7633E+00
  2.7000E-03  9.0063E-03  1.0003E+02  9.8773E-04  9.8842E+01  9.7295E-02 -8.1710E+00
  2.7500E-03  9.1731E-03  1.0011E+02  9.8773E-04  9.9273E+01  9.7294E-02 -1.2343E+01
  2.8000E-03  9.3399E-03  1.0023E+02  9.8773E-04  9.9933E+01  9.7292E-02 -1.6854E+01
  2.8500E-03  9.5067E-03  1.0038E+02  9.8773E-04  1.0080E+02  9.7292E-02 -2.1384E+01
  2.9000E-03  9.6735E-03  1.0053E+02  9.8773E-04  1.0187E+02  9.7294E-02 -2.5977E+01
  2.9500E-03  9.8403E-03  1.0069E+02  9.8773E-04  1.0317E+02  9.7298E-02 -3.0653E+01
  3.0000E-03  1.0007E-02  1.0085E+02  9.8773E-04  1.0466E+02  9.7303E-02 -3.5350E+01
  3.0500E-03  1.0174E-02  1.0101E+02  9.8773E-04  1.0636E+02  9.7311E-02 -4.0065E+01
  3.1000E-03  1.0341E-02  1.0117E+02  9.8773E-04  1.0824E+02  9.7321E-02 -4.4798E+01
  3.1500E-03  1.0507E-02  1.0134E+02  9.8772E-04  1.1030E+02  9.7332E-02 -4.9550E+01
  3.2000E-03  1.0674E-02  1.0150E+02  9.8772E-04  1.1253E+02  9.7346E-02 -5.4319E+01
  3.2500E-03  1.0841E-02  1.0166E+02  9.8772E-04  1.1493E+02  9.7362E-02 -5.9106E+01
  3.3000E-03  1.1008E-02  1.0182E+02  9.8772E-04  1.1749E+02  9.7380E-02 -6.3911E+01
  3.3500E-03  1.1175E-02  1.0199E+02  9.8772E-04  1.2020E+02  9.7399E-02 -6.8733E+01
  3.4000E-03  1.1341E-02  1.0215E+02  9.8772E-04  1.2305E+02  9.7421E-02 -7.3573E+01
  3.4500E-03  1.1508E-02  1.0232E+02  9.8772E-04  1.2603E+02  9.7445E-02 -7.8430E+01
  3.5000E-03  1.1675E-02  1.0248E+02  9.8772E-04  1.2914E+02  9.7472E-02 -8.3305E+01
  3.5500E-03  1.1842E-02  1.0265E+02  9.8771E-04  1.3237E+02  9.7500E-02 -8.8196E+01
  3.6000E-03  1.2008E-02  1.0282E+02  9.8771E-04  1.3572E+02  9.7530E-02 -9.3105E+01
  3.6500E-03  1.2175E-02  1.0299E+02  9.8771E-04  1.3916E+02  9.7562E-02 -9.8031E+01
  3.7000E-03  1.2342E-02  1.0315E+02  9.8771E-04  1.4271E+02  9.7597E-02 -1.0297E+02
  3.7500E-03  1.2509E-02  1.0332E+02  9.8771E-04  1.4636E+02  9.7633E-02 -1.0793E+02
  3.8000E-03  1.2676E-02  1.0349E+02  9.8770E-04  1.5009E+02  9.7672E-02 -1.1291E+02
  3.8500E-03  1.2842E-02  1.0366E+02  9.8770E-04  1.5391E+02  9.7712E-02 -1.1790E+02
  3.9000E-03  1.3009E-02  1.0383E+02  9.8770E-04  1.5780E+02  9.7755E-02 -1.2291E+02
  3.9500E-03  1.3176E-02  1.0400E+02  9.8770E-04  1.6177E+02  9.7800E-02 -1.2793E+02
  4.0000E-03  1.3343E-02  1.0417E+02  9.8769E-04  1.6582E+02  9.7846E-02 -1.3297E+02
  4.0500E-03  1.3510E-02  1.0435E+02  9.8769E-04  1.6993E+02  9.7895E-02 -1.3803E+02
  4.1000E-03  1.3676E-02  1.0452E+02  9.8769E-04  1.7410E+02  9.7946E-02 -1.4310E+02
  4.1500E-03  1.3843E-02  1.0469E+02  9.8769E-04  1.7834E+02  9.7998E-02 -1.4819E+02
  4.2000E-03  1.4010E-02  1.0487E+02  9.8768E-04  1.8263E+02  9.8053E-02 -1.5329E+02
  4.2500E-03  1.4177E-02  1.0504E+02  9.8768E-04  1.8698E+02  9.8109E-02 -1.5841E+02
  4.3000E-03  1.4343E-02  1.0521E+02  9.8768E-04  1.9138E+02  9.8168E-02 -1.6355E+02
  4.3500E-03  1.4510E-02  1.0539E+02  9.8767E-04  1.9583E+02  9.8228E-02 -1.6870E+02
  4.4000E-03  1.4677E-02  1.0557E+02  9.8767E-04  2.0033E+02  9.8291E-02 -1.7386E+02
  4.4500E-03  1.4844E-02  1.0574E+02  9.8767E-04  2.0487E+02  9.8355E-02 -1.7904E+02
  4.5000E-03  1.5011E-02  1.0592E+02  9.8766E-04  2.0946E+02  9.8421E-02 -1.8424E+02
  4.5500E-03  1.5177E-02  1.0610E+02  9.8766E-04  2.1409E+02  9.8489E-02 -1.8945E+02
  4.6000E-03  1.5344E-02  1.0627E+02  9.8765E-04  2.1876E+02  9.8559E-02 -1.9467E+02
  4.6500E-03  1.5511E-02  1.0645E+02  9.8765E-04  2.2347E+02  9.8630E-02 -1.9991E+02
  4.7000E-03  1.5678E-02  1.0663E+02  9.8765E-04  2.2821E+02  9.8704E-02 -2.0516E+02
  4.7500E-03  1.5844E-02  1.0681E+02  9.8764E-04  2.3299E+02  9.8779E-02 -2.1043E+02
  4.8000E-03  1.6011E-02  1.0699E+02  9.8764E-04  2.3781E+02  9.8856E-02 -2.1571E+02
  4.8500E-03  1.6178E-02  1.0717E+02  9.8763E-04  2.4265E+02  9.8935E-02 -2.2101E+02
  4.9000E-03  1.6345E-02  1.0735E+02  9.8763E-04  2.4753E+02  9.9016E-02 -2.2632E+02
  4.9500E-03  1.6512E-02  1.0753E+02  9.8762E-04  2.5244E+02  9.9098E-02 -2.3164E+02
  5.0000E-03  1.6678E-02  1.0771E+02  9.8762E-04  2.5738E+02  9.9182E-02 -2.3698E+02
  5.0500E-03  1.6845E-02  1.0789E+02  9.8762E-04  2.6235E+02  9.9268E-02 -2.4233E+02
  5.1000E-03  1.7012E-02  1.0808E+02  9.8761E-04  2.6735E+02  9.9356E-02 -2.4770E+02
  5.1500E-03  1.7179E-02  1.0826E+02  9.8761E-04  2.7237E+02  9.9446E-02 -2.5307E+02
  5.2000E-03  1.7346E-02  1.0844E+02  9.8760E-04  2.7742E+02  9.9537E-02 -2.5846E+02
  5.2500E-03  1.7512E-02  1.0862E+02  9.8760E-04  2.8249E+02  9.9630E-02 -2.6387E+02
  5.3000E-03  1.7679E-02  1.0881E+02  9.8759E-04  2.8759E+02  9.9724E-02 -2.6928E+02
  5.3500E-03  1.7846E-02  1.0899E+02  9.8759E-04  2.9272E+02  9.9821E-02 -2.7471E+02
  5.4000E-03  1.8013E-02  1.0918E+02  9.8759E-04  2.9786E+02  9.9919E-02 -2.8015E+02
  5.4500E-03  1.8179E-02  1.0936E+02  9.8758E-04  3.0303E+02  1.0002E-01 -2.8561E+02
  5.5000E-03  1.8346E-02  1.0955E+02  9.8758E-04  3.0822E+02  1.0012E-01 -2.9107E+02
  5.5500E-03  1.8513E-02  1.0973E+02  9.8757E-04  3.1343E+02  1.0022E-01 -2.9655E+02
  5.6000E-03  1.8680E-02  1.0992E+02  9.8757E-04  3.1866E+02  1.0033E-01 -3.0204E+02
  5.6500E-03  1.8847E-02  1.1010E+02  9.8756E-04  3.2392E+02  1.0044E-01 -3.0754E+02
  5.7000E-03  1.9013E-02  1.1029E+02  9.8756E-04  3.2919E+02  1.0054E-01 -3.1305E+02
  5.7500E-03  1.9180E-02  1.1048E+02  9.8756E-04  3.3448E+02  1.0065E-01 -3.1857E+02
  5.8000E-03  1.9347E-02  1.1066E+02  9.8755E-04  3.3978E+02  1.0077E-01 -3.2410E+02
  5.8500E-03  1.9514E-02  1.1085E+02  9.8755E-04  3.4511E+02  1.0088E-01 -3.2965E+02
  5.9000E-03  1.9681E-02  1.1104E+02  9.8754E-04  3.5045E+02  1.0100E-01 -3.3520E+02
  5.9500E-03  1.9847E-02  1.1123E+02  9.8754E-04  3.5581E+02  1.0111E-01 -3.4076E+02
  6.0000E-03  2.0014E-02  1.1142E+02  9.8754E-04  3.6119E+02  1.0123E-01 -3.4634E+02
  6.0500E-03  2.0181E-02  1.1160E+02  9.8753E-04  3.6658E+02  1.0135E-01 -3.5192E+02
  6.1000E-03  2.0348E-02  1.1179E+02  9.8753E-04  3.7199E+02  1.0148E-01 -3.5751E+02
  6.1500E-03  2.0514E-02  1.1198E+02  9.8752E-04  3.7741E+02  1.0160E-01 -3.6311E+02
  6.2000E-03  2.0681E-02  1.1217E+02  9.8752E-04  3.8284E+02  1.0173E-01 -3.6872E+02
  6.2500E-03  2.0848E-02  1.1236E+02  9.8752E-04  3.8829E+02  1.0186E-01 -3.7434E+02
  6.3000E-03  2.1015E-02  1.1255E+02  9.8751E-04  3.9375E+02  1.0199E-01 -3.7997E+02
  6.3500E-03  2.1182E-02  1.1274E+02  9.8751E-04  3.9923E+02  1.0212E-01 -3.8560E+02
  6.4000E-03  2.1348E-02  1.1293E+02  9.8751E-04  4.0471E+02  1.0225E-01 -3.9124E+02
  6.4500E-03  2.1515E-02  1.1312E+02  9.8750E-04  4.1021E+02  1.0239E-01 -3.9689E+02
  6.5000E-03  2.1682E-02  1.1331E+02  9.8750E-04  4.1572E+02  1.0252E-01 -4.0255E+02
  6.5500E-03  2.1849E-02  1.1350E+02  9.8749E-04  4.2124E+02  1.0266E-01 -4.0821E+02
  6.6000E-03  2.2016E-02  1.1369E+02  9.8749E-04  4.2677E+02  1.0281E-01 -4.1388E+02
  6.6500E-03  2.2182E-02  1.1388E+02  9.8749E-04  4.3231E+02  1.0295E-01 -4.1955E+02
  6.7000E-03  2.2349E-02  1.1408E+02  9.8748E-04  4.3786E+02  1.0309E-01 -4.2523E+02
  6.7500E-03  2.2516E-02  1.1427E+02  9.8748E-04  4.4342E+02  1.0324E-01 -4.3092E+02
  6.8000E-03  2.2683E-02  1.1446E+02  9.8748E-04  4.4898E+02  1.0339E-01 -4.3661E+02
  6.8500E-03  2.2849E-02  1.1465E+02  9.8747E-04  4.5456E+02  1.0354E-01 -4.4230E+02
  6.9000E-03  2.3016E-02  1.1484E+02  9.8747E-04  4.6014E+02  1.0370E-01 -4.4800E+02
  6.9500E-03  2.3183E-02  1.1503E+02  9.8747E-04  4.6573E+02  1.0385E-01 -4.5370E+02
  7.0000E-03  2.3350E-02  1.1523E+02  9.8746E-04  4.7133E+02  1.0401E-01 -4.5941E+02
  7.0500E-03  2.3517E-02  1.1542E+02  9.8746E-04  4.7693E+02  1.0417E-01 -4.6512E+02
  7.1000E-03  2.3683E-02  1.1561E+02  9.8746E-04  4.8254E+02  1.0433E-01 -4.7083E+02
  7.1500E-03  2.3850E-02  1.1580E+02  9.8745E-04  4.8815E+02  1.0449E-01 -4.7654E+02
  7.2000E-03  2.4017E-02  1.1599E+02  9.8745E-04  4.9377E+02  1.0466E-01 -4.8226E+02
  7.2500E-03  2.4184E-02  1.1618E+02  9.8744E-04  4.9939E+02  1.0482E-01 -4.8797E+02
  7.3000E-03  2.4350E-02  1.1638E+02  9.8744E-04  5.0501E+02  1.0499E-01 -4.9369E+02
  7.3500E-03  2.4517E-02  1.1657E+02  9.8744E-04  5.1064E+02  1.0516E-01 -4.9941E+02
  7.4000E-03  2.4684E-02  1.1676E+02  9.8743E-04  5.1627E+02  1.0534E-01 -5.0513E+02
  7.4500E-03  2.4851E-02  1.1695E+02  9.8743E-04  5.2191E+02  1.0551E-01 -5.1085E+02
  7.5000E-03  2.5018E-02  1.1715E+02  9.8742E-04  5.2755E+02  1.0569E-01 -5.1657E+02
  7.5500E-03  2.5184E-02  1.1734E+02  9.8742E-04  5.3319E+02  1.0587E-01 -5.2229E+02
  7.6000E-03  2.5351E-02  1.1753E+02  9.8741E-04  5.3883E+02  1.0605E-01 -5.2801E+02
  7.6500E-03  2.5518E-02  1.1772E+02  9.8741E-04  5.4447E+02  1.0623E-01 -5.3373E+02
  7.7000E-03  2.5685E-02  1.1791E+02  9.8741E-04  5.5011E+02  1.0641E-01 -5.3945E+02
  7.7500E-03  2.5852E-02  1.1811E+02  9.8740E-04  5.5575E+02  1.0660E-01 -5.4516E+02
  7.8000E-03  2.6018E-02  1.1830E+02  9.8740E-04  5.6139E+02  1.0679E-01 -5.5088E+02
  7.8500E-03  2.6185E-02  1.1849E+02  9.8739E-04  5.6703E+02  1.0698E-01 -5.5659E+02
  7.9000E-03  2.6352E-02  1.1868E+02  9.8739E-04  5.7267E+02  1.0717E-01 -5.6230E+02
  7.9500E-03  2.6519E-02  1.1887E+02  9.8738E-04  5.7831E+02  1.0736E-01 -5.6800E+02
  8.0000E-03  2.6685E-02  1.1906E+02  9.8738E-04  5.8395E+02  1.0755E-01 -5.7370E+02
  8.0500E-03  2.6852E-02  1.1925E+02  9.8737E-04  5.8959E+02  1.0775E-01 -5.7940E+02
  8.1000E-03  2.7019E-02  1.1945E+02  9.8737E-04  5.9522E+02  1.0795E-01 -5.8509E+02
  8.1500E-03  2.7186E-02  1.1964E+02  9.8736E-04  6.0085E+02  1.0815E-01 -5.9078E+02
  8.2000E-03  2.7353E-02  1.1983E+02  9.8736E-04  6.0648E+02  1.0835E-01 -5.9647E+02
  8.2500E-03  2.7519E-02  1.2002E+02  9.8735E-04  6.1210E+02  1.0855E-01 -6.0215E+02
  8.3000E-03  2.7686E-02  1.2021E+02  9.8734E-04  6.1773E+02  1.0875E-01 -6.0783E+02
  8.3500E-03  2.7853E-02  1.2040E+02  9.8734E-04  6.2334E+02  1.0896E-01 -6.1350E+02
  8.4000E-03  2.8020E-02  1.2059E+02  9.8733E-04  6.2896E+02  1.0916E-01 -6.1916E+02
  8.4500E-03  2.8186E-02  1.2078E+02  9.8733E-04  6.3457E+02  1.0937E-01 -6.2482E+02
  8.5000E-03  2.8353E-02  1.2097E+02  9.8732E-04  6.4017E+02  1.0958E-01 -6.3048E+02
  8.5500E-03  2.8520E-02  1.2116E+02  9.8731E-04  6.4577E+02  1.0979E-01 -6.3612E+02
  8.6000E-03  2.8687E-02  1.2135E+02  9.8731E-04  6.5136E+02  1.1000E-01 -6.4176E+02
  8.6500E-03  2.8854E-02  1.2154E+02  9.8730E-04  6.5695E+02  1.1021E-01 -6.4740E+02
  8.7000E-03  2.9020E-02  1.2173E+02  9.8730E-04  6.6253E+02  1.1043E-01 -6.5302E+02
  8.7500E-03  2.9187E-02  1.2191E+02  9.8729E-04  6.6811E+02  1.1064E-01 -6.5864E+02
  8.8000E-03  2.9354E-02  1.2210E+02  9.8728E-04  6.7368E+02  1.1086E-01 -6.6426E+02
  8.8500E-03  2.9521E-02  1.2229E+02  9.8728E-04  6.7925E+02  1.1108E-01 -6.6986E+02
  8.9000E-03  2.9688E-02  1.2248E+02  9.8727E-04  6.8480E+02  1.1129E-01 -6.7546E+02
  8.9500E-03  2.9854E-02  1.2267E+02  9.8726E-04  6.9035E+02  1.1151E-01 -6.8105E+02
  9.0000E-03  3.0021E-02  1.2285E+02  9.8726E-04  6.9590E+02  1.1173E-01 -6.8663E+02
  9.0500E-03  3.0188E-02  1.2304E+02  9.8725E-04  7.0143E+02  1.1195E-01 -6.9220E+02
  9.1000E-03  3.0355E-02  1.2323E+02  9.8724E-04  7.0696E+02  1.1217E-01 -6.9777E+02
  9.1500E-03  3.0521E-02  1.2341E+02  9.8724E-04  7.1248E+02  1.1240E-01 -7.0332E+02
  9.2000E-03  3.0688E-02  1.2360E+02  9.8723E-04  7.1799E+02  1.1262E-01 -7.0887E+02
  9.2500E-03  3.0855E-02  1.2378E+02  9.8722E-04  7.2350E+02  1.1285E-01 -7.1441E+02
  9.3000E-03  3.1022E-02  1.2397E+02  9.8722E-04  7.2899E+02  1.1307E-01 -7.1994E+02
  9.3500E-03  3.1189E-02  1.2415E+02  9.8721E-04  7.3448E+02  1.1330E-01 -7.2546E+02
  9.4000E-03  3.1355E-02  1.2434E+02  9.8720E-04  7.3996E+02  1.1352E-01 -7.3097E+02
  9.4500E-03  3.1522E-02  1.2452E+02  9.8720E-04  7.4543E+02  1.1375E-01 -7.3647E+02
  9.5000E-03  3.1689E-02  1.2471E+02  9.8719E-04  7.5088E+02  1.1398E-01 -7.4195E+02
  9.5500E-03  3.1856E-02  1.2489E+02  9.8718E-04  7.5633E+02  1.1421E-01 -7.4743E+02
  9.6000E-03  3.2023E-02  1.2507E+02  9.8718E-04  7.6177E+02  1.1444E-01 -7.5290E+02
  9.6500E-03  3.2189E-02  1.2525E+02  9.8717E-04  7.6721E+02  1.1467E-01 -7.5836E+02
  9.7000E-03  3.2356E-02  1.2544E+02  9.8716E-04  7.7263E+02  1.1490E-01 -7.6381E+02
  9.7500E-03  3.2523E-02  1.2562E+02  9.8716E-04  7.7804E+02  1.1513E-01 -7.6924E+02
  9.8000E-03  3.2690E-02  1.2580E+02  9.8715E-04  7.8343E+02  1.1536E-01 -7.7467E+02
  9.8500E-03  3.2856E-02  1.2598E+02  9.8714E-04  7.8882E+02  1.1560E-01 -7.8008E+02
  9.9000E-03  3.3023E-02  1.2616E+02  9.8714E-04  7.9420E+02  1.1583E-01 -7.8549E+02
  9.9500E-03  3.3190E-02  1.2634E+02  9.8713E-04  7.9957E+02  1.1606E-01 -7.9088E+02
  1.0000E-02  3.3357E-02  1.2652E+02  9.8712E-04  8.0492E+02  1.1630E-01 -7.9626E+02
  1.0050E-02  3.3524E-02  1.2670E+02  9.8712E-04  8.1027E+02  1.1653E-01 -8.0162E+02
  1.0100E-02  3.3690E-02  1.2688E+02  9.8711E-04  8.1560E+02  1.1676E-01 -8.0698E+02
  1.0150E-02  3.3857E-02  1.2706E+02  9.8711E-04  8.2092E+02  1.1700E-01 -8.1232E+02
  1.0200E-02  3.4024E-02  1.2723E+02  9.8710E-04  8.2623E+02  1.1724E-01 -8.1765E+02
  1.0250E-02  3.4191E-02  1.2741E+02  9.8709E-04  8.3152E+02  1.1747E-01 -8.2296E+02
  1.0300E-02  3.4357E-02  1.2759E+02  9.8709E-04  8.3681E+02  1.1771E-01 -8.2827E+02
  1.0350E-02  3.4524E-02  1.2776E+02  9.8708E-04  8.4208E+02  1.1794E-01 -8.3356E+02
  1.0400E-02  3.4691E-02  1.2794E+02  9.8708E-04  8.4734E+02  1.1818E-01 -8.3884E+02
  1.0450E-02  3.4858E-02  1.2811E+02  9.8707E-04  8.5258E+02  1.1842E-01 -8.4410E+02
  1.0500E-02  3.5025E-02  1.2829E+02  9.8706E-04  8.5781E+02  1.1865E-01 -8.4935E+02
  1.0550E-02  3.5191E-02  1.2846E+02  9.8706E-04  8.6303E+02  1.1889E-01 -8.5459E+02
  1.0600E-02  3.5358E-02  1.2864E+02  9.8705E-04  8.6824E+02  1.1913E-01 -8.5981E+02
  1.0650E-02  3.5525E-02  1.2881E+02  9.8705E-04  8.7343E+02  1.1937E-01 -8.6502E+02
  1.0700E-02  3.5692E-02  1.2898E+02  9.8704E-04  8.7861E+02  1.1961E-01 -8.7021E+02
  1.0750E-02  3.5859E-02  1.2915E+02  9.8704E-04  8.8377E+02  1.1984E-01 -8.7539E+02
  1.0800E-02  3.6025E-02  1.2932E+02  9.8703E-04  8.8892E+02  1.2008E-01 -8.8055E+02
  1.0850E-02  3.6192E-02  1.2950E+02  9.8703E-04  8.9405E+02  1.2032E-01 -8.8570E+02
  1.0900E-02  3.6359E-02  1.2967E+02  9.8702E-04  8.9917E+02  1.2056E-01 -8.9083E+02
  1.0950E-02  3.6526E-02  1.2984E+02  9.8701E-04  9.0427E+02  1.2080E-01 -8.9595E+02
  1.1000E-02  3.6692E-02  1.3000E+02  9.8701E-04  9.0936E+02  1.2104E-01 -9.0106E+02
  1.1050E-02  3.6859E-02  1.3017E+02  9.8700E-04  9.1444E+02  1.2127E-01 -9.0614E+02
  1.1100E-02  3.7026E-02  1.3034E+02  9.8700E-04  9.1949E+02  1.2151E-01 -9.1122E+02
  1.1150E-02  3.7193E-02  1.3051E+02  9.8699E-04  9.2454E+02  1.2175E-01 -9.1627E+02
  1.1200E-02  3.7360E-02  1.3068E+02  9.8699E-04  9.2956E+02  1.2199E-01 -9.2131E+02
  1.1250E-02  3.7526E-02  1.3084E+02  9.8698E-04  9.3457E+02  1.2223E-01 -9.2633E+02
  1.1300E-02  3.7693E-02  1.3101E+02  9.8698E-04  9.3957E+02  1.2247E-01 -9.3134E+02
  1.1350E-02  3.7860E-02  1.3117E+02  9.8697E-04  9.4455E+02  1.2270E-01 -9.3633E+02
  1.1400E-02  3.8027E-02  1.3134E+02  9.8697E-04  9.4951E+02  1.2294E-01 -9.4130E+02
  1.1450E-02  3.8194E-02  1.3150E+02  9.8696E-04  9.5446E+02  1.2318E-01 -9.4626E+02
  1.1500E-02  3.8360E-02  1.3166E+02  9.8696E-04  9.5938E+02  1.2342E-01 -9.5120E+02
  1.1550E-02  3.8527E-02  1.3183E+02  9.8695E-04  9.6430E+02  1.2365E-01 -9.5612E+02
  1.1600E-02  3.8694E-02  1.3199E+02  9.8695E-04  9.6919E+02  1.2389E-01 -9.6103E+02
  1.1650E-02  3.8861E-02  1.3215E+02  9.8694E-04  9.7407E+02  1.2413E-01 -9.6592E+02
  1.1700E-02  3.9027E-02  1.3231E+02  9.8694E-04  9.7893E+02  1.2436E-01 -9.7079E+02
  1.1750E-02  3.9194E-02  1.3247E+02  9.8693E-04  9.8377E+02  1.2460E-01 -9.7564E+02
  1.1800E-02  3.9361E-02  1.3263E+02  9.8693E-04  9.8860E+02  1.2484E-01 -9.8047E+02
  1.1850E-02  3.9528E-02  1.3279E+02  9.8692E-04  9.9341E+02  1.2507E-01 -9.8529E+02
  1.1900E-02  3.9695E-02  1.3295E+02  9.8692E-04  9.9820E+02  1.2531E-01 -9.9009E+02
  1.1950E-02  3.9861E-02  1.3311E+02  9.8691E-04  1.0031E+03  1.2554E-01 -9.9504E+02
  1.2000E-02  4.0028E-02  1.3325E+02  9.8691E-04  1.0085E+03  1.2575E-01 -1.0004E+03
  1.2050E-02  4.0195E-02  1.3337E+02  9.8690E-04  1.0142E+03  1.2591E-01 -1.0062E+03
  1.2100E-02  4.0362E-02  1.3345E+02  9.8689E-04  1.0199E+03  1.2600E-01 -1.0119E+03
  1.2150E-02  4.0528E-02  1.3350E+02  9.8689E-04  1.0247E+03  1.2602E-01 -1.0167E+03
  1.2200E-02  4.0695E-02  1.3351E+02  9.8688E-04  1.0281E+03  1.2601E-01 -1.0202E+03
  1.2250E-02  4.0862E-02  1.3350E+02  9.8688E-04  1.0299E+03  1.2598E-01 -1.0220E+03
  1.2300E-02  4.1029E-02  1.3349E+02  9.8687E-04  1.0304E+03  1.2597E-01 -1.0225E+03
  1.2350E-02  4.1196E-02  1.3348E+02  9.8687E-04  1.0304E+03  1.2597E-01 -1.0224E+03
  1.2400E-02  4.1362E-02  1.3348E+02  9.8686E-04  1.0303E+03  1.2597E-01 -1.0223E+03
  1.2450E-02  4.1529E-02  1.3348E+02  9.8686E-04  1.0303E+03  1.2597E-01 -1.0223E+03
  1.2500E-02  4.1696E-02  1.3348E+02  9.8685E-04  1.0303E+03  1.2597E-01 -1.0223E+03
  1.2550E-02  4.1863E-02  1.3348E+02  9.8685E-04  1.0303E+03  1.2597E-01 -1.0223E+03
  1.2600E-02  4.2030E-02  1.3348E+02  9.8684E-04  1.0303E+03  1.2597E-01 -1.0223E+03
  1.2650E-02  4.2196E-02  1.3348E+02  9.8683E-04  1.0303E+03  1.2598E-01 -1.0223E+03
  1.2700E-02  4.2363E-02  1.3348E+02  9.8683E-04  1.0303E+03  1.2598E-01 -1.0223E+03
  1.2750E-02  4.2530E-02  1.3348E+02  9.8682E-04  1.0303E+03  1.2598E-01 -1.0223E+03
  1.2800E-02  4.2697E-02  1.3348E+02  9.8682E-04  1.0303E+03  1.2598E-01 -1.0223E+03
  1.2850E-02  4.2863E-02  1.3348E+02  9.8681E-04  1.0303E+03  1.2598E-01 -1.0223E+03
  1.2900E-02  4.3030E-02  1.3348E+02  9.8681E-04  1.0303E+03  1.2598E-01 -1.0223E+03
  1.2950E-02  4.3197E-02  1.3348E+02  9.8680E-04  1.0303E+03  1.2598E-01 -1.0223E+03
  1.3000E-02  4.3364E-02  1.3348E+02  9.8680E-04  1.0303E+03  1.2598E-01 -1.0223E+03
  1.3050E-02  4.3531E-02  1.3348E+02  9.8679E-04  1.0303E+03  1.2599E-01 -1.0223E+03
  1.3100E-02  4.3697E-02  1.3348E+02  9.8679E-04  1.0303E+03  1.2599E-01 -1.0223E+03
  1.3150E-02  4.3864E-02  1.3348E+02  9.8678E-04  1.0303E+03  1.2599E-01 -1.0223E+03
  1.3200E-02  4.4031E-02  1.3348E+02  9.8677E-04  1.0303E+03  1.2599E-01 -1.0223E+03
  1.3250E-02  4.4198E-02  1.3348E+02  9.8677E-04  1.0303E+03  1.2599E-01 -1.0223E+03
  1.3300E-02  4.4364E-02  1.3348E+02  9.8676E-04  1.0303E+03  1.2599E-01 -1.0223E+03
  1.3350E-02  4.4531E-02  1.3348E+02  9.8676E-04  1.0303E+03  1.2599E-01 -1.0223E+03
  1.3400E-02  4.4698E-02  1.3348E+02  9.8675E-04  1.0303E+03  1.2599E-01 -1.0223E+03
  1.3450E-02  4.4865E-02  1.3348E+02  9.8675E-04  1.0303E+03  1.2599E-01 -1.0223E+03
  1.3500E-02  4.5032E-02  1.3348E+02  9.8674E-04  1.0303E+03  1.2600E-01 -1.0223E+03
  1.3550E-02  4.5198E-02  1.3348E+02  9.8674E-04  1.0303E+03  1.2600E-01 -1.0223E+03
  1.3600E-02  4.5365E-02  1.3348E+02  9.8673E-04  1.0303E+03  1.2600E-01 -1.0223E+03
  1.3650E-02  4.5532E-02  1.3348E+02  9.8673E-04  1.0303E+03  1.2600E-01 -1.0223E+03
  1.3700E-02  4.5699E-02  1.3348E+02  9.8672E-04  1.0303E+03  1.2600E-01 -1.0223E+03
  1.3750E-02  4.5866E-02  1.3348E+02  9.8671E-04  1.0303E+03  1.2600E-01 -1.0223E+03
  1.3800E-02  4.6032E-02  1.3348E+02  9.8671E-04  1.0303E+03  1.2600E-01 -1.0223E+03
  1.3850E-02  4.6199E-02  1.3348E+02  9.8670E-04  1.0303E+03  1.2600E-01 -1.0223E+03
  1.3900E-02  4.6366E-02  1.3348E+02  9.8670E-04  1.0303E+03  1.2600E-01 -1.0223E+03
  1.3950E-02  4.6533E-02  1.3348E+02  9.8669E-04  1.0303E+03  1.2601E-01 -1.0223E+03
  1.4000E-02  4.6699E-02  1.3348E+02  9.8669E-04  1.0303E+03  1.2601E-01 -1.0223E+03
  1.4050E-02  4.6866E-02  1.3348E+02  9.8668E-04  1.0303E+03  1.2601E-01 -1.0223E+03
  1.4100E-02  4.7033E-02  1.3348E+02  9.8668E-04  1.0303E+03  1.2601E-01 -1.0223E+03
  1.4150E-02  4.7200E-02  1.3348E+02  9.8667E-04  1.0303E+03  1.2601E-01 -1.0223E+03
  1.4200E-02  4.7367E-02  1.3348E+02  9.8667E-04  1.0303E+03  1.2601E-01 -1.0223E+03
  1.4250E-02  4.7533E-02  1.3348E+02  9.8666E-04  1.0303E+03  1.2601E-01 -1.0223E+03
  1.4300E-02  4.7700E-02  1.3348E+02  9.8665E-04  1.0303E+03  1.2601E-01 -1.0223E+03
  1.4350E-02  4.7867E-02  1.3348E+02  9.8665E-04  1.0303E+03  1.2602E-01 -1.0223E+03
  1.4400E-02  4.8034E-02  1.3348E+02  9.8664E-04  1.0303E+03  1.2602E-01 -1.0223E+03
  1.4450E-02  4.8201E-02  1.3348E+02  9.8664E-04  1.0303E+03  1.2602E-01 -1.0223E+03
  1.4500E-02  4.8367E-02  1.3348E+02  9.8663E-04  1.0303E+03  1.2602E-01 -1.0223E+03
  1.4550E-02  4.8534E-02  1.3348E+02  9.8663E-04  1.0303E+03  1.2602E-01 -1.0223E+03
  1.4600E-02  4.8701E-02  1.3348E+02  9.8662E-04  1.0303E+03  1.2602E-01 -1.0223E+03
  1.4650E-02  4.8868E-02  1.3348E+02  9.8662E-04  1.0303E+03  1.2602E-01 -1.0223E+03
  1.4700E-02  4.9034E-02  1.3348E+02  9.8661E-04  1.0303E+03  1.2602E-01 -1.0223E+03
  1.4750E-02  4.9201E-02  1.3348E+02  9.8660E-04  1.0303E+03  1.2603E-01 -1.0223E+03
  1.4800E-02  4.9368E-02  1.3348E+02  9.8660E-04  1.0303E+03  1.2603E-01 -1.0223E+03
  1.4850E-02  4.9535E-02  1.3348E+02  9.8659E-04  1.0303E+03  1.2603E-01 -1.0223E+03
  1.4900E-02  4.9702E-02  1.3348E+02  9.8659E-04  1.0303E+03  1.2603E-01 -1.0223E+03
  1.5000E-02  5.0035E-02  1.3348E+02  9.8658E-04  1.0303E+03  1.2603E-01 -1.0223E+03
