  3.0226E-11  0.0000E+00  1.7442E-07  1.5786E-03  4.9787E-01  9.6175E-02 -3.8979E-01
  5.0000E-05  1.6678E-04  1.7663E-07  1.5592E-03  4.9787E-01  9.6175E-02 -3.8669E-01
  1.0000E-04  3.3357E-04  1.7884E-07  1.5400E-03  4.9787E-01  9.6175E-02 -3.8348E-01
  1.5000E-04  5.0035E-04  1.8105E-07  1.5209E-03  4.9787E-01  9.6175E-02 -3.8014E-01
  2.0000E-04  6.6714E-04  1.8326E-07  1.5019E-03  4.9787E-01  9.6175E-02 -3.7668E-01
  2.5000E-04  8.3392E-04  1.8547E-07  1.4832E-03  4.9787E-01  9.6176E-02 -3.7308E-01
  3.0000E-04  1.0007E-03  1.8768E-07  1.4646E-03  4.9787E-01  9.6176E-02 -3.6935E-01
  3.5000E-04  1.1675E-03  1.8989E-07  1.4463E-03  4.9787E-01  9.6176E-02 -3.6547E-01
  4.0000E-04  1.3343E-03  1.9210E-07  1.4281E-03  4.9787E-01  9.6176E-02 -3.6144E-01
  4.5000E-04  1.5011E-03  1.9431E-07  1.4101E-03  4.9787E-01  9.6176E-02 -3.5726E-01
  5.0000E-04  1.6678E-03  1.9652E-07  1.3924E-03  4.9787E-01  9.6176E-02 -3.5292E-01
  5.5000E-04  1.8346E-03  1.9873E-07  1.3748E-03  4.9787E-01  9.6176E-02 -3.4840E-01
  6.0000E-04  2.0014E-03  2.0094E-07  1.3575E-03  4.9787E-01  9.6176E-02 -3.4371E-01
  6.5000E-04  2.1682E-03  2.0315E-07  1.3405E-03  4.9787E-01  9.6176E-02 -3.3884E-01
  7.0000E-04  2.3350E-03  2.0536E-07  1.3236E-03  4.9787E-01  9.6176E-02 -3.3378E-01
  7.5000E-04  2.5018E-03  2.0757E-07  1.3071E-03  4.9787E-01  9.6176E-02 -3.2853E-01
  8.0000E-04  2.6685E-03  2.0978E-07  1.2908E-03  4.9787E-01  9.6176E-02 -3.2307E-01
  8.5000E-04  2.8353E-03  2.1199E-07  1.2748E-03  4.9787E-01  9.6176E-02 -3.1741E-01
  9.0000E-04  3.0021E-03  2.1420E-07  1.2591E-03  4.9787E-01  9.6176E-02 -3.1153E-01
  9.5000E-04  3.1689E-03  2.1641E-07  1.2436E-03  4.9787E-01  9.6176E-02 -3.0543E-01
  1.0000E-03  3.3357E-03  2.1862E-07  1.2285E-03  4.9787E-01  9.6176E-02 -2.9910E-01
  1.0500E-03  3.5025E-03  2.2083E-07  1.2137E-03  4.9787E-01  9.6176E-02 -2.9253E-01
  1.1000E-03  3.6693E-03  2.2304E-07  1.1993E-03  4.9787E-01  9.6176E-02 -2.8572E-01
  1.1500E-03  3.8360E-03  2.2525E-07  1.1852E-03  4.9787E-01  9.6176E-02 -2.7867E-01
  1.2000E-03  4.0028E-03  2.2746E-07  1.1714E-03  4.9787E-01  9.6176E-02 -2.7136E-01
  1.2500E-03  4.1696E-03  2.2967E-07  1.1580E-03  4.9787E-01  9.6176E-02 -2.6379E-01
  1.3000E-03  4.3364E-03  2.3188E-07  1.1450E-03  4.9787E-01  9.6176E-02 -2.5596E-01
  1.3500E-03  4.5032E-03  2.3409E-07  1.1324E-03  4.9787E-01  9.6176E-02 -2.4786E-01
  1.4000E-03  4.6700E-03  2.3630E-07  1.1203E-03  4.9787E-01  9.6176E-02 -2.3950E-01
  1.4500E-03  4.8367E-03  2.3851E-07  1.1085E-03  4.9787E-01  9.6176E-02 -2.3086E-01
  1.5000E-03  5.0035E-03  2.4072E-07  1.0972E-03  4.9787E-01  9.6176E-02 -2.2194E-01
  1.5500E-03  5.1703E-03  2.4293E-07  1.0863E-03  4.9787E-01  9.6176E-02 -2.1275E-01
  1.6000E-03  5.3371E-03  2.4514E-07  1.0759E-03  4.9787E-01  9.6176E-02 -2.0329E-01
  1.6500E-03  5.5039E-03  2.4735E-07  1.0660E-03  4.9787E-01  9.6176E-02 -1.9356E-01
  1.7000E-03  5.6707E-03  2.4956E-07  1.0566E-03  4.9787E-01  9.6176E-02 -1.8355E-01
  1.7500E-03  5.8374E-03  2.5177E-07  1.0476E-03  4.9787E-01  9.6176E-02 -1.7329E-01
  1.8000E-03  6.0042E-03  2.5398E-07  1.0392E-03  4.9787E-01  9.6176E-02 -1.6276E-01
  1.8500E-03  6.1710E-03  2.5619E-07  1.0314E-03  4.9787E-01  9.6176E-02 -1.5198E-01
  1.9000E-03  6.3378E-03  2.5840E-07  1.0240E-03  4.9787E-01  9.6177E-02 -1.4097E-01
  1.9500E-03  6.5046E-03  2.6061E-07  1.0173E-03  4.9787E-01  9.6177E-02 -1.2972E-01
  2.0000E-03  6.6714E-03  2.6282E-07  1.0111E-03  4.9787E-01  9.6177E-02 -1.1826E-01
  2.0500E-03  6.8382E-03  2.6503E-07  1.0054E-03  4.9787E-01  9.6177E-02 -1.0659E-01
  2.1000E-03  7.0049E-03  2.6724E-07  1.0004E-03  4.9787E-01  9.6177E-02 -9.4742E-02
  2.1500E-03  7.1717E-03  2.6945E-07  9.9597E-04  4.9787E-01  9.6177E-02 -8.2720E-02
  2.2000E-03  7.3385E-03  2.7166E-07  9.9214E-04  4.9787E-01  9.6177E-02 -7.0547E-02
  2.2500E-03  7.5053E-03  2.7387E-07  9.8892E-04  4.9787E-01  9.6177E-02 -5.8244E-02
  2.3000E-03  7.6721E-03  2.7608E-07  9.8632E-04  4.9787E-01  9.6177E-02 -4.5832E-02
  2.3500E-03  7.8389E-03  2.7829E-07  9.8434E-04  4.9787E-01  9.6177E-02 -3.3333E-02
  2.4000E-03  8.0056E-03  2.8050E-07  9.8298E-04  4.9787E-01  9.6177E-02 -2.0770E-02
  2.4500E-03  8.1724E-03  2.8272E-07  9.8225E-04  4.9790E-01  9.6177E-02 -9.0537E-03
  2.5000E-03  8.3392E-03  2.8490E-07  9.8200E-04  4.9798E-01  9.6177E-02 -1.8788E-03
  2.5500E-03  8.5060E-03  2.8695E-07  9.8194E-04  4.9808E-01  9.6177E-02 -1.9218E-03
  2.6000E-03  8.6728E-03  2.8875E-07  9.8169E-04  4.9833E-01  9.6177E-02 -9.0829E-03
  2.6500E-03  8.8396E-03  2.9025E-07  9.8095E-04  4.9899E-01  9.6177E-02 -2.0937E-02
  2.7000E-03  9.0063E-03  2.9153E-07  9.7958E-04  5.0019E-01  9.6177E-02 -3.4151E-02
  2.7500E-03  9.1731E-03  2.9276E-07  9.7757E-04  5.0173E-01  9.6177E-02 -4.5909E-02
  2.8000E-03  9.3399E-03  2.9414E-07  9.7504E-04  5.0332E-01  9.6178E-02 -5.4747E-02
  2.8500E-03  9.5067E-03  2.9584E-07  9.7214E-04  5.0478E-01  9.6180E-02 -6.0676E-02
  2.9000E-03  9.6735E-03  2.9799E-07  9.6900E-04  5.0616E-01  9.6183E-02 -6.4835E-02
  2.9500E-03  9.8403E-03  3.0060E-07  9.6566E-04  5.0761E-01  9.6188E-02 -6.8610E-02
  3.0000E-03  1.0007E-02  3.0368E-07  9.6214E-04  5.0920E-01  9.6195E-02 -7.2321E-02
  3.0500E-03  1.0174E-02  3.0718E-07  9.5843E-04  5.1091E-01  9.6203E-02 -7.5956E-02
  3.1000E-03  1.0341E-02  3.1108E-07  9.5455E-04  5.1273E-01  9.6213E-02 -7.9500E-02
  3.1500E-03  1.0507E-02  3.1534E-07  9.5049E-04  5.1467E-01  9.6223E-02 -8.2939E-02
  3.2000E-03  1.0674E-02  3.1994E-07  9.4626E-04  5.1672E-01  9.6235E-02 -8.6259E-02
  3.2500E-03  1.0841E-02  3.2484E-07  9.4186E-04  5.1887E-01  9.6249E-02 -8.9445E-02
  3.3000E-03  1.1008E-02  3.3002E-07  9.3731E-04  5.2111E-01  9.6263E-02 -9.2483E-02
  3.3500E-03  1.1175E-02  3.3542E-07  9.3262E-04  5.2344E-01  9.6279E-02 -9.5360E-02
  3.4000E-03  1.1341E-02  3.4103E-07  9.2778E-04  5.2584E-01  9.6296E-02 -9.8059E-02
  3.4500E-03  1.1508E-02  3.4680E-07  9.2281E-04  5.2832E-01  9.6314E-02 -1.0057E-01
  3.5000E-03  1.1675E-02  3.5269E-07  9.1773E-04  5.3086E-01  9.6332E-02 -1.0287E-01
  3.5500E-03  1.1842E-02  3.5867E-07  9.1253E-04  5.3345E-01  9.6352E-02 -1.0496E-01
  3.6000E-03  1.2008E-02  3.6470E-07  9.0723E-04  5.3609E-01  9.6372E-02 -1.0682E-01
  3.6500E-03  1.2175E-02  3.7074E-07  9.0185E-04  5.3876E-01  9.6393E-02 -1.0843E-01
  3.7000E-03  1.2342E-02  3.7675E-07  8.9639E-04  5.4145E-01  9.6414E-02 -1.0978E-01
  3.7500E-03  1.2509E-02  3.8269E-07  8.9087E-04  5.4415E-01  9.6436E-02 -1.1087E-01
  3.8000E-03  1.2676E-02  3.8852E-07  8.8531E-04  5.4686E-01  9.6458E-02 -1.1167E-01
  3.8500E-03  1.2842E-02  3.9419E-07  8.7971E-04  5.4956E-01  9.6481E-02 -1.1219E-01
  3.9000E-03  1.3009E-02  3.9967E-07  8.7409E-04  5.5225E-01  9.6503E-02 -1.1240E-01
  3.9500E-03  1.3176E-02  4.0492E-07  8.6847E-04  5.5491E-01  9.6525E-02 -1.1231E-01
  4.0000E-03  1.3343E-02  4.0989E-07  8.6286E-04  5.5753E-01  9.6548E-02 -1.1189E-01
  4.0500E-03  1.3510E-02  4.1455E-07  8.5728E-04  5.6011E-01  9.6570E-02 -1.1116E-01
  4.1000E-03  1.3676E-02  4.1884E-07  8.5175E-04  5.6262E-01  9.6591E-02 -1.1009E-01
  4.1500E-03  1.3843E-02  4.2274E-07  8.4628E-04  5.6508E-01  9.6613E-02 -1.0870E-01
  4.2000E-03  1.4010E-02  4.2620E-07  8.4088E-04  5.6745E-01  9.6633E-02 -1.0696E-01
  4.2500E-03  1.4177E-02  4.2917E-07  8.3558E-04  5.6975E-01  9.6653E-02 -1.0490E-01
  4.3000E-03  1.4343E-02  4.3163E-07  8.3039E-04  5.7194E-01  9.6672E-02 -1.0249E-01
  4.3500E-03  1.4510E-02  4.3352E-07  8.2533E-04  5.7404E-01  9.6691E-02 -9.9760E-02
  4.4000E-03  1.4677E-02  4.3482E-07  8.2042E-04  5.7602E-01  9.6708E-02 -9.6700E-02
  4.4500E-03  1.4844E-02  4.3548E-07  8.1567E-04  5.7789E-01  9.6724E-02 -9.3320E-02
  4.5000E-03  1.5011E-02  4.3546E-07  8.1109E-04  5.7963E-01  9.6739E-02 -8.9629E-02
  4.5500E-03  1.5177E-02  4.3474E-07  8.0670E-04  5.8124E-01  9.6752E-02 -8.5640E-02
  4.6000E-03  1.5344E-02  4.3327E-07  8.0253E-04  5.8271E-01  9.6765E-02 -8.1365E-02
  4.6500E-03  1.5511E-02  4.3102E-07  7.9857E-04  5.8404E-01  9.6776E-02 -7.6820E-02
  4.7000E-03  1.5678E-02  4.2797E-07  7.9485E-04  5.8521E-01  9.6785E-02 -7.2024E-02
  4.7500E-03  1.5844E-02  4.2406E-07  7.9137E-04  5.8623E-01  9.6793E-02 -6.6996E-02
  4.8000E-03  1.6011E-02  4.1929E-07  7.8815E-04  5.8708E-01  9.6799E-02 -6.1759E-02
  4.8500E-03  1.6178E-02  4.1361E-07  7.8519E-04  5.8778E-01  9.6804E-02 -5.6337E-02
  4.9000E-03  1.6345E-02  4.0701E-07  7.8251E-04  5.8830E-01  9.6807E-02 -5.0757E-02
  4.9500E-03  1.6512E-02  3.9945E-07  7.8012E-04  5.8866E-01  9.6808E-02 -4.5044E-02
  5.0000E-03  1.6678E-02  3.9092E-07  7.7801E-04  5.8885E-01  9.6808E-02 -3.9230E-02
  5.0500E-03  1.6845E-02  3.8139E-07  7.7620E-04  5.8886E-01  9.6806E-02 -3.3343E-02
  5.1000E-03  1.7012E-02  3.7084E-07  7.7468E-04  5.8869E-01  9.6802E-02 -2.7414E-02
  5.1500E-03  1.7179E-02  3.5926E-07  7.7346E-04  5.8835E-01  9.6797E-02 -2.1476E-02
  5.2000E-03  1.7346E-02  3.4662E-07  7.7253E-04  5.8784E-01  9.6790E-02 -1.5561E-02
  5.2500E-03  1.7512E-02  3.3292E-07  7.7190E-04  5.8715E-01  9.6781E-02 -9.6990E-03
  5.3000E-03  1.7679E-02  3.1815E-07  7.7156E-04  5.8630E-01  9.6771E-02 -3.9231E-03
  5.3500E-03  1.7846E-02  3.0229E-07  7.7151E-04  5.8527E-01  9.6760E-02  1.7361E-03
  5.4000E-03  1.8013E-02  2.8534E-07  7.7174E-04  5.8408E-01  9.6747E-02  7.2485E-03
  5.4500E-03  1.8179E-02  2.6730E-07  7.7224E-04  5.8272E-01  9.6732E-02  1.2585E-02
  5.5000E-03  1.8346E-02  2.4816E-07  7.7300E-04  5.8121E-01  9.6717E-02  1.7719E-02
  5.5500E-03  1.8513E-02  2.2792E-07  7.7401E-04  5.7955E-01  9.6700E-02  2.2624E-02
  5.6000E-03  1.8680E-02  2.0659E-07  7.7526E-04  5.7773E-01  9.6682E-02  2.7276E-02
  5.6500E-03  1.8847E-02  1.8418E-07  7.7674E-04  5.7578E-01  9.6663E-02  3.1654E-02
  5.7000E-03  1.9013E-02  1.6068E-07  7.7843E-04  5.7369E-01  9.6644E-02  3.5738E-02
  5.7500E-03  1.9180E-02  1.3611E-07  7.8032E-04  5.7148E-01  9.6623E-02  3.9511E-02
  5.8000E-03  1.9347E-02  1.1049E-07  7.8238E-04  5.6915E-01  9.6602E-02  4.2956E-02
  5.8500E-03  1.9514E-02  8.3831E-08  7.8461E-04  5.6671E-01  9.6581E-02  4.6063E-02
  5.9000E-03  1.9681E-02  5.6146E-08  7.8699E-04  5.6417E-01  9.6559E-02  4.8821E-02
  5.9500E-03  1.9847E-02  2.7459E-08  7.8950E-04  5.6154E-01  9.6537E-02  5.1221E-02
  6.0000E-03  2.0014E-02 -2.2066E-09  7.9212E-04  5.5883E-01  9.6514E-02  5.3259E-02
  6.0500E-03  2.0181E-02 -3.2826E-08  7.9483E-04  5.5604E-01  9.6492E-02  5.4930E-02
  6.1000E-03  2.0348E-02 -6.4371E-08  7.9761E-04  5.5321E-01  9.6470E-02  5.6234E-02
  6.1500E-03  2.0514E-02 -9.6811E-08  8.0045E-04  5.5032E-01  9.6448E-02  5.7173E-02
  6.2000E-03  2.0681E-02 -1.3011E-07  8.0333E-04  5.4740E-01  9.6427E-02  5.7748E-02
  6.2500E-03  2.0848E-02 -1.6424E-07  8.0623E-04  5.4445E-01  9.6406E-02  5.7964E-02
  6.3000E-03  2.1015E-02 -1.9917E-07  8.0913E-04  5.4150E-01  9.6386E-02  5.7829E-02
  6.3500E-03  2.1182E-02 -2.3484E-07  8.1202E-04  5.3855E-01  9.6367E-02  5.7349E-02
  6.4000E-03  2.1348E-02 -2.7122E-07  8.1487E-04  5.3561E-01  9.6349E-02  5.6536E-02
  6.4500E-03  2.1515E-02 -3.0827E-07  8.1767E-04  5.3269E-01  9.6332E-02  5.5399E-02
  6.5000E-03  2.1682E-02 -3.4594E-07  8.2041E-04  5.2982E-01  9.6316E-02  5.3951E-02
  6.5500E-03  2.1849E-02 -3.8419E-07  8.2307E-04  5.2700E-01  9.6301E-02  5.2204E-02
  6.6000E-03  2.2016E-02 -4.2296E-07  8.2563E-04  5.2424E-01  9.6288E-02  5.0175E-02
  6.6500E-03  2.2182E-02 -4.6220E-07  8.2809E-04  5.2155E-01  9.6276E-02  4.7876E-02
  6.7000E-03  2.2349E-02 -5.0187E-07  8.3042E-04  5.1896E-01  9.6266E-02  4.5325E-02
  6.7500E-03  2.2516E-02 -5.4190E-07  8.3262E-04  5.1646E-01  9.6258E-02  4.2538E-02
  6.8000E-03  2.2683E-02 -5.8225E-07  8.3467E-04  5.1407E-01  9.6251E-02  3.9531E-02
  6.8500E-03  2.2849E-02 -6.2285E-07  8.3657E-04  5.1180E-01  9.6246E-02  3.6323E-02
  6.9000E-03  2.3016E-02 -6.6365E-07  8.3830E-04  5.0965E-01  9.6242E-02  3.2932E-02
  6.9500E-03  2.3183E-02 -7.0459E-07  8.3986E-04  5.0765E-01  9.6241E-02  2.9376E-02
  7.0000E-03  2.3350E-02 -7.4561E-07  8.4124E-04  5.0578E-01  9.6241E-02  2.5673E-02
  7.0500E-03  2.3517E-02 -7.8665E-07  8.4242E-04  5.0407E-01  9.6244E-02  2.1843E-02
  7.1000E-03  2.3683E-02 -8.2765E-07  8.4342E-04  5.0251E-01  9.6248E-02  1.7904E-02
  7.1500E-03  2.3850E-02 -8.6855E-07  8.4421E-04  5.0112E-01  9.6254E-02  1.3876E-02
  7.2000E-03  2.4017E-02 -9.0928E-07  8.4480E-04  4.9989E-01  9.6262E-02  9.7772E-03
  7.2500E-03  2.4184E-02 -9.4978E-07  8.4518E-04  4.9882E-01  9.6271E-02  5.6268E-03
  7.3000E-03  2.4350E-02 -9.8999E-07  8.4535E-04  4.9793E-01  9.6283E-02  1.4440E-03
  7.3500E-03  2.4517E-02 -1.0298E-06  8.4532E-04  4.9721E-01  9.6296E-02 -2.7525E-03
  7.4000E-03  2.4684E-02 -1.0693E-06  8.4507E-04  4.9666E-01  9.6311E-02 -6.9439E-03
  7.4500E-03  2.4851E-02 -1.1082E-06  8.4462E-04  4.9627E-01  9.6327E-02 -1.1112E-02
  7.5000E-03  2.5018E-02 -1.1467E-06  8.4395E-04  4.9605E-01  9.6345E-02 -1.5238E-02
  7.5500E-03  2.5184E-02 -1.1845E-06  8.4308E-04  4.9600E-01  9.6364E-02 -1.9305E-02
  7.6000E-03  2.5351E-02 -1.2216E-06  8.4201E-04  4.9610E-01  9.6385E-02 -2.3294E-02
  7.6500E-03  2.5518E-02 -1.2580E-06  8.4074E-04  4.9635E-01  9.6406E-02 -2.7188E-02
  7.7000E-03  2.5685E-02 -1.2936E-06  8.3928E-04  4.9674E-01  9.6429E-02 -3.0972E-02
  7.7500E-03  2.5852E-02 -1.3284E-06  8.3763E-04  4.9728E-01  9.6453E-02 -3.4627E-02
  7.8000E-03  2.6018E-02 -1.3623E-06  8.3581E-04  4.9794E-01  9.6477E-02 -3.8139E-02
  7.8500E-03  2.6185E-02 -1.3952E-06  8.3381E-04  4.9873E-01  9.6502E-02 -4.1491E-02
  7.9000E-03  2.6352E-02 -1.4271E-06  8.3164E-04  4.9962E-01  9.6528E-02 -4.4669E-02
  7.9500E-03  2.6519E-02 -1.4579E-06  8.2933E-04  5.0062E-01  9.6554E-02 -4.7660E-02
  8.0000E-03  2.6685E-02 -1.4875E-06  8.2687E-04  5.0171E-01  9.6581E-02 -5.0448E-02
  8.0500E-03  2.6852E-02 -1.5160E-06  8.2427E-04  5.0288E-01  9.6608E-02 -5.3022E-02
  8.1000E-03  2.7019E-02 -1.5433E-06  8.2155E-04  5.0412E-01  9.6634E-02 -5.5369E-02
  8.1500E-03  2.7186E-02 -1.5693E-06  8.1872E-04  5.0542E-01  9.6661E-02 -5.7479E-02
  8.2000E-03  2.7353E-02 -1.5940E-06  8.1579E-04  5.0677E-01  9.6687E-02 -5.9340E-02
  8.2500E-03  2.7519E-02 -1.6172E-06  8.1278E-04  5.0816E-01  9.6713E-02 -6.0942E-02
  8.3000E-03  2.7686E-02 -1.6391E-06  8.0969E-04  5.0957E-01  9.6738E-02 -6.2279E-02
  8.3500E-03  2.7853E-02 -1.6595E-06  8.0654E-04  5.1099E-01  9.6763E-02 -6.3341E-02
  8.4000E-03  2.8020E-02 -1.6785E-06  8.0334E-04  5.1242E-01  9.6787E-02 -6.4123E-02
  8.4500E-03  2.8186E-02 -1.6959E-06  8.0011E-04  5.1385E-01  9.6810E-02 -6.4619E-02
  8.5000E-03  2.8353E-02 -1.7117E-06  7.9687E-04  5.1525E-01  9.6832E-02 -6.4825E-02
  8.5500E-03  2.8520E-02 -1.7259E-06  7.9362E-04  5.1663E-01  9.6853E-02 -6.4737E-02
  8.6000E-03  2.8687E-02 -1.7385E-06  7.9039E-04  5.1798E-01  9.6872E-02 -6.4356E-02
  8.6500E-03  2.8854E-02 -1.7495E-06  7.8718E-04  5.1928E-01  9.6891E-02 -6.3679E-02
  8.7000E-03  2.9020E-02 -1.7588E-06  7.8401E-04  5.2052E-01  9.6908E-02 -6.2709E-02
  8.7500E-03  2.9187E-02 -1.7663E-06  7.8090E-04  5.2170E-01  9.6923E-02 -6.1447E-02
  8.8000E-03  2.9354E-02 -1.7722E-06  7.7787E-04  5.2281E-01  9.6937E-02 -5.9898E-02
  8.8500E-03  2.9521E-02 -1.7763E-06  7.7491E-04  5.2385E-01  9.6950E-02 -5.8066E-02
  8.9000E-03  2.9688E-02 -1.7787E-06  7.7206E-04  5.2480E-01  9.6960E-02 -5.5959E-02
  8.9500E-03  2.9854E-02 -1.7793E-06  7.6931E-04  5.2565E-01  9.6969E-02 -5.3586E-02
  9.0000E-03  3.0021E-02 -1.7781E-06  7.6670E-04  5.2642E-01  9.6977E-02 -5.0955E-02
  9.0500E-03  3.0188E-02 -1.7752E-06  7.6422E-04  5.2707E-01  9.6982E-02 -4.8078E-02
  9.1000E-03  3.0355E-02 -1.7704E-06  7.6189E-04  5.2763E-01  9.6986E-02 -4.4968E-02
  9.1500E-03  3.0521E-02 -1.7639E-06  7.5973E-04  5.2807E-01  9.6988E-02 -4.1638E-02
  9.2000E-03  3.0688E-02 -1.7556E-06  7.5774E-04  5.2840E-01  9.6989E-02 -3.8104E-02
  9.2500E-03  3.0855E-02 -1.7454E-06  7.5592E-04  5.2861E-01  9.6987E-02 -3.4382E-02
  9.3000E-03  3.1022E-02 -1.7335E-06  7.5430E-04  5.2870E-01  9.6984E-02 -3.0489E-02
  9.3500E-03  3.1189E-02 -1.7199E-06  7.5288E-04  5.2867E-01  9.6980E-02 -2.6445E-02
  9.4000E-03  3.1355E-02 -1.7044E-06  7.5167E-04  5.2851E-01  9.6973E-02 -2.2267E-02
  9.4500E-03  3.1522E-02 -1.6873E-06  7.5067E-04  5.2823E-01  9.6965E-02 -1.7976E-02
  9.5000E-03  3.1689E-02 -1.6683E-06  7.4989E-04  5.2783E-01  9.6956E-02 -1.3593E-02
  9.5500E-03  3.1856E-02 -1.6477E-06  7.4932E-04  5.2729E-01  9.6945E-02 -9.1381E-03
  9.6000E-03  3.2023E-02 -1.6253E-06  7.4899E-04  5.2664E-01  9.6933E-02 -4.6327E-03
  9.6500E-03  3.2189E-02 -1.6013E-06  7.4888E-04  5.2586E-01  9.6919E-02 -9.7749E-05
  9.7000E-03  3.2356E-02 -1.5756E-06  7.4899E-04  5.2495E-01  9.6905E-02  4.4456E-03
  9.7500E-03  3.2523E-02 -1.5483E-06  7.4934E-04  5.2393E-01  9.6889E-02  8.9767E-03
  9.8000E-03  3.2690E-02 -1.5194E-06  7.4991E-04  5.2278E-01  9.6872E-02  1.3475E-02
  9.8500E-03  3.2856E-02 -1.4888E-06  7.5070E-04  5.2152E-01  9.6854E-02  1.7922E-02
  9.9000E-03  3.3023E-02 -1.4568E-06  7.5172E-04  5.2014E-01  9.6835E-02  2.2297E-02
  9.9500E-03  3.3190E-02 -1.4232E-06  7.5295E-04  5.1866E-01  9.6815E-02  2.6583E-02
  1.0000E-02  3.3357E-02 -1.3881E-06  7.5440E-04  5.1706E-01  9.6795E-02  3.0762E-02
  1.0050E-02  3.3524E-02 -1.3516E-06  7.5605E-04  5.1536E-01  9.6774E-02  3.4819E-02
  1.0100E-02  3.3690E-02 -1.3137E-06  7.5790E-04  5.1355E-01  9.6753E-02  3.8739E-02
  1.0150E-02  3.3857E-02 -1.2744E-06  7.5995E-04  5.1166E-01  9.6731E-02  4.2509E-02
  1.0200E-02  3.4024E-02 -1.2337E-06  7.6218E-04  5.0967E-01  9.6709E-02  4.6115E-02
  1.0250E-02  3.4191E-02 -1.1918E-06  7.6458E-04  5.0759E-01  9.6687E-02  4.9547E-02
  1.0300E-02  3.4357E-02 -1.1486E-06  7.6715E-04  5.0542E-01  9.6665E-02  5.2796E-02
  1.0350E-02  3.4524E-02 -1.1042E-06  7.6988E-04  5.0319E-01  9.6643E-02  5.5853E-02
  1.0400E-02  3.4691E-02 -1.0586E-06  7.7276E-04  5.0087E-01  9.6621E-02  5.8711E-02
  1.0450E-02  3.4858E-02 -1.0119E-06  7.7578E-04  4.9849E-01  9.6600E-02  6.1365E-02
  1.0500E-02  3.5025E-02 -9.6407E-07  7.7892E-04  4.9605E-01  9.6578E-02  6.3810E-02
  1.0550E-02  3.5191E-02 -9.1524E-07  7.8218E-04  4.9355E-01  9.6558E-02  6.6044E-02
  1.0600E-02  3.5358E-02 -8.6542E-07  7.8554E-04  4.9100E-01  9.6537E-02  6.8064E-02
  1.0650E-02  3.5525E-02 -8.1465E-07  7.8900E-04  4.8841E-01  9.6518E-02  6.9870E-02
  1.0700E-02  3.5692E-02 -7.6299E-07  7.9255E-04  4.8577E-01  9.6499E-02  7.1462E-02
  1.0750E-02  3.5859E-02 -7.1048E-07  7.9617E-04  4.8310E-01  9.6481E-02  7.2841E-02
  1.0800E-02  3.6025E-02 -6.5717E-07  7.9985E-04  4.8040E-01  9.6464E-02  7.4010E-02
  1.0850E-02  3.6192E-02 -6.0311E-07  8.0358E-04  4.7768E-01  9.6447E-02  7.4972E-02
  1.0900E-02  3.6359E-02 -5.4834E-07  8.0736E-04  4.7494E-01  9.6432E-02  7.5730E-02
  1.0950E-02  3.6526E-02 -4.9291E-07  8.1117E-04  4.7219E-01  9.6418E-02  7.6290E-02
  1.1000E-02  3.6692E-02 -4.3688E-07  8.1500E-04  4.6943E-01  9.6405E-02  7.6655E-02
  1.1050E-02  3.6859E-02 -3.8028E-07  8.1885E-04  4.6667E-01  9.6393E-02  7.6833E-02
  1.1100E-02  3.7026E-02 -3.2318E-07  8.2270E-04  4.6392E-01  9.6382E-02  7.6829E-02
  1.1150E-02  3.7193E-02 -2.6562E-07  8.2654E-04  4.6117E-01  9.6373E-02  7.6650E-02
  1.1200E-02  3.7360E-02 -2.0764E-07  8.3037E-04  4.5844E-01  9.6365E-02  7.6303E-02
  1.1250E-02  3.7526E-02 -1.4929E-07  8.3418E-04  4.5573E-01  9.6358E-02  7.5794E-02
  1.1300E-02  3.7693E-02 -9.0626E-08  8.3796E-04  4.5304E-01  9.6353E-02  7.5133E-02
  1.1350E-02  3.7860E-02 -3.1690E-08  8.4170E-04  4.5038E-01  9.6349E-02  7.4326E-02
  1.1400E-02  3.8027E-02  2.7469E-08  8.4539E-04  4.4775E-01  9.6346E-02  7.3382E-02
  1.1450E-02  3.8194E-02  8.6806E-08  8.4904E-04  4.4516E-01  9.6344E-02  7.2308E-02
  1.1500E-02  3.8360E-02  1.4628E-07  8.5262E-04  4.4261E-01  9.6345E-02  7.1112E-02
  1.1550E-02  3.8527E-02  2.0583E-07  8.5615E-04  4.4011E-01  9.6346E-02  6.9804E-02
  1.1600E-02  3.8694E-02  2.6543E-07  8.5960E-04  4.3765E-01  9.6349E-02  6.8390E-02
  1.1650E-02  3.8861E-02  3.2502E-07  8.6298E-04  4.3524E-01  9.6353E-02  6.6879E-02
  1.1700E-02  3.9027E-02  3.8456E-07  8.6628E-04  4.3289E-01  9.6358E-02  6.5279E-02
  1.1750E-02  3.9194E-02  4.4402E-07  8.6950E-04  4.3059E-01  9.6365E-02  6.3598E-02
  1.1800E-02  3.9361E-02  5.0334E-07  8.7263E-04  4.2836E-01  9.6373E-02  6.1843E-02
  1.1850E-02  3.9528E-02  5.6249E-07  8.7568E-04  4.2618E-01  9.6383E-02  6.0023E-02
  1.1900E-02  3.9695E-02  6.2143E-07  8.7863E-04  4.2407E-01  9.6393E-02  5.8145E-02
  1.1950E-02  3.9861E-02  6.8010E-07  8.8148E-04  4.2200E-01  9.6405E-02  5.5998E-02
  1.2000E-02  4.0028E-02  7.3846E-07  8.8419E-04  4.1990E-01  9.6417E-02  5.2652E-02
  1.2050E-02  4.0195E-02  7.9637E-07  8.8669E-04  4.1779E-01  9.6427E-02  4.7374E-02
  1.2100E-02  4.0362E-02  8.5369E-07  8.8888E-04  4.1579E-01  9.6435E-02  4.0172E-02
  1.2150E-02  4.0528E-02  9.1027E-07  8.9068E-04  4.1412E-01  9.6439E-02  3.2041E-02
  1.2200E-02  4.0695E-02  9.6601E-07  8.9208E-04  4.1294E-01  9.6438E-02  2.4870E-02
  1.2250E-02  4.0862E-02  1.0209E-06  8.9320E-04  4.1222E-01  9.6435E-02  2.0892E-02
  1.2300E-02  4.1029E-02  1.0752E-06  8.9424E-04  4.1181E-01  9.6432E-02  2.1730E-02
  1.2350E-02  4.1196E-02  1.1292E-06  8.9544E-04  4.1162E-01  9.6429E-02  2.7461E-02
  1.2400E-02  4.1362E-02  1.1829E-06  8.9702E-04  4.1157E-01  9.6427E-02  3.6244E-02
  1.2450E-02  4.1529E-02  1.2367E-06  8.9905E-04  4.1157E-01  9.6426E-02  4.5582E-02
  1.2500E-02  4.1696E-02  1.2905E-06  9.0156E-04  4.1157E-01  9.6426E-02  5.4850E-02
  1.2550E-02  4.1863E-02  1.3443E-06  9.0452E-04  4.1157E-01  9.6425E-02  6.4034E-02
  1.2600E-02  4.2030E-02  1.3980E-06  9.0794E-04  4.1157E-01  9.6424E-02  7.3121E-02
  1.2650E-02  4.2196E-02  1.4518E-06  9.1181E-04  4.1157E-01  9.6423E-02  8.2099E-02
  1.2700E-02  4.2363E-02  1.5056E-06  9.1613E-04  4.1157E-01  9.6422E-02  9.0957E-02
  1.2750E-02  4.2530E-02  1.5594E-06  9.2089E-04  4.1157E-01  9.6421E-02  9.9685E-02
  1.2800E-02  4.2697E-02  1.6131E-06  9.2608E-04  4.1157E-01  9.6420E-02  1.0827E-01
  1.2850E-02  4.2863E-02  1.6669E-06  9.3170E-04  4.1157E-01  9.6419E-02  1.1671E-01
  1.2900E-02  4.3030E-02  1.7207E-06  9.3773E-04  4.1157E-01  9.6418E-02  1.2499E-01
  1.2950E-02  4.3197E-02  1.7745E-06  9.4418E-04  4.1157E-01  9.6417E-02  1.3311E-01
  1.3000E-02  4.3364E-02  1.8282E-06  9.5102E-04  4.1157E-01  9.6416E-02  1.4106E-01
  1.3050E-02  4.3531E-02  1.8820E-06  9.5826E-04  4.1157E-01  9.6415E-02  1.4883E-01
  1.3100E-02  4.3697E-02  1.9358E-06  9.6589E-04  4.1157E-01  9.6414E-02  1.5642E-01
  1.3150E-02  4.3864E-02  1.9895E-06  9.7389E-04  4.1157E-01  9.6414E-02  1.6383E-01
  1.3200E-02  4.4031E-02  2.0433E-06  9.8225E-04  4.1157E-01  9.6413E-02  1.7106E-01
  1.3250E-02  4.4198E-02  2.0971E-06  9.9098E-04  4.1157E-01  9.6412E-02  1.7810E-01
  1.3300E-02  4.4364E-02  2.1509E-06  1.0000E-03  4.1157E-01  9.6411E-02  1.8496E-01
  1.3350E-02  4.4531E-02  2.2046E-06  1.0095E-03  4.1157E-01  9.6410E-02  1.9162E-01
  1.3400E-02  4.4698E-02  2.2584E-06  1.0192E-03  4.1157E-01  9.6409E-02  1.9810E-01
  1.3450E-02  4.4865E-02  2.3122E-06  1.0292E-03  4.1157E-01  9.6408E-02  2.0440E-01
  1.3500E-02  4.5032E-02  2.3660E-06  1.0396E-03  4.1157E-01  9.6407E-02  2.1051E-01
  1.3550E-02  4.5198E-02  2.4197E-06  1.0503E-03  4.1157E-01  9.6406E-02  2.1643E-01
  1.3600E-02  4.5365E-02  2.4735E-06  1.0612E-03  4.1157E-01  9.6406E-02  2.2218E-01
  1.3650E-02  4.5532E-02  2.5273E-06  1.0725E-03  4.1157E-01  9.6405E-02  2.2775E-01
  1.3700E-02  4.5699E-02  2.5811E-06  1.0840E-03  4.1157E-01  9.6404E-02  2.3314E-01
  1.3750E-02  4.5866E-02  2.6348E-06  1.0958E-03  4.1157E-01  9.6403E-02  2.3836E-01
  1.3800E-02  4.6032E-02  2.6886E-06  1.1078E-03  4.1157E-01  9.6402E-02  2.4342E-01
  1.3850E-02  4.6199E-02  2.7424E-06  1.1201E-03  4.1157E-01  9.6401E-02  2.4831E-01
  1.3900E-02  4.6366E-02  2.7962E-06  1.1326E-03  4.1157E-01  9.6400E-02  2.5304E-01
  1.3950E-02  4.6533E-02  2.8499E-06  1.1454E-03  4.1157E-01  9.6399E-02  2.5762E-01
  1.4000E-02  4.6699E-02  2.9037E-06  1.1584E-03  4.1157E-01  9.6399E-02  2.6204E-01
  1.4050E-02  4.6866E-02  2.9575E-06  1.1716E-03  4.1157E-01  9.6398E-02  2.6632E-01
  1.4100E-02  4.7033E-02  3.0113E-06  1.1850E-03  4.1157E-01  9.6397E-02  2.7045E-01
  1.4150E-02  4.7200E-02  3.0650E-06  1.1986E-03  4.1157E-01  9.6396E-02  2.7444E-01
  1.4200E-02  4.7367E-02  3.1188E-06  1.2124E-03  4.1157E-01  9.6395E-02  2.7830E-01
  1.4250E-02  4.7533E-02  3.1726E-06  1.2264E-03  4.1157E-01  9.6394E-02  2.8203E-01
  1.4300E-02  4.7700E-02  3.2263E-06  1.2406E-03  4.1157E-01  9.6393E-02  2.8563E-01
  1.4350E-02  4.7867E-02  3.2801E-06  1.2550E-03  4.1157E-01  9.6393E-02  2.8911E-01
  1.4400E-02  4.8034E-02  3.3339E-06  1.2695E-03  4.1157E-01  9.6392E-02  2.9247E-01
  1.4450E-02  4.8201E-02  3.3877E-06  1.2842E-03  4.1157E-01  9.6391E-02  2.9572E-01
  1.4500E-02  4.8367E-02  3.4414E-06  1.2991E-03  4.1157E-01  9.6390E-02  2.9886E-01
  1.4550E-02  4.8534E-02  3.4952E-06  1.3141E-03  4.1157E-01  9.6389E-02  3.0189E-01
  1.4600E-02  4.8701E-02  3.5490E-06  1.3293E-03  4.1157E-01  9.6389E-02  3.0482E-01
  1.4650E-02  4.8868E-02  3.6028E-06  1.3446E-03  4.1157E-01  9.6388E-02  3.0765E-01
  1.4700E-02  4.9034E-02  3.6565E-06  1.3600E-03  4.1157E-01  9.6387E-02  3.1038E-01
  1.4750E-02  4.9201E-02  3.7103E-06  1.3756E-03  4.1157E-01  9.6386E-02  3.1302E-01
  1.4800E-02  4.9368E-02  3.7641E-06  1.3913E-03  4.1157E-01  9.6385E-02  3.1557E-01
  1.4850E-02  4.9535E-02  3.8179E-06  1.4071E-03  4.1157E-01  9.6384E-02  3.1804E-01
  1.4900E-02  4.9702E-02  3.8716E-06  1.4231E-03  4.1157E-01  9.6384E-02  3.2043E-01
  1.5000E-02  5.0035E-02  3.9792E-06  1.4554E-03  4.1157E-01  9.6382E-02  3.2496E-01
