0	1.00003360501567
2.94999999999997E-4	0.999929352142111
5.91000000000001E-4	0.999500752351097
8.85999999999998E-4	0.998747816091954
0.001182	0.997647356321839
0.001477	0.996222560083595
0.001773	0.99446183908046
0.002068	0.992376771159875
0.002364	0.989955778474399
0.00265899999999999	0.987210428422153
0.002954	0.984140752351097
0.00325	0.980735141065831
0.003545	0.977005182863114
0.003841	0.972950877742947
0.004136	0.96856065830721
0.00443200000000001	0.963857669801463
0.004727	0.958818746081505
0.005023	0.953443908045977
0.005318	0.947756300940439
0.005614	0.941732769070011
0.005909	0.935384900731453
0.006204	0.928712675026123
0.0065	0.921716112852665
0.006795	0.914395203761755
0.007091	0.906738369905956
0.007386	0.898757189132706
0.00768199999999999	0.890451671891327
0.007977	0.881821807732498
0.008273	0.872867596656217
0.00856800000000001	0.863577450365726
0.008864	0.853974555903866
0.009159	0.844035726227795
0.00945399999999999	0.833784137931035
0.00974999999999999	0.823196624869384
0.010045	0.812284764890282
0.010341	0.801060146290491
0.010636	0.789511191222571
0.010932	0.777637878787879
0.011227	0.765451818181818
0.011523	0.752941400208986
0.011818	0.740118234064786
0.012114	0.726982298850575
0.012409	0.713533605015674
0.012704	0.699772152560084
0.013	0.685709529780564
0.013295	0.671345726227795
0.013591	0.656669153605016
0.013886	0.641702998955068
0.014186	0.626238735632184
0.014489	0.610276384535005
0.014792	0.594012852664577
0.015095	0.577448140020899
0.015398	0.560605412748171
0.015701	0.543461525600836
0.016004	0.526039613375131
0.016307	0.508351285266458
0.01661	0.490384942528736
0.016913	0.472163761755486
0.017216	0.453687742946708
0.017519	0.434956875653083
0.017822	0.41599433646813
0.018125	0.396800114942529
0.018428	0.377385809822362
0.018731	0.357751421107628
0.019034	0.337920104493208
0.019337	0.317891859979101
0.01964	0.297678275862069
0.019943	0.277290940438871
0.020246	0.256729853709509
0.020549	0.236029749216301
0.020852	0.215179070010449
0.021155	0.194200961337513
0.021458	0.173095433646813
0.021761	0.15189724137931
0.022064	0.130594785788924
0.022367	0.109201985370951
0.02267	0.0877419989550679
0.022973	0.066222934169279
0.023276	0.0446563751306165
0.023579	0.0230562246603971
0.023882	0.00143360041797283
0.024186	-0.019329985
0.024489	-0.040027936
0.024792	-0.060710366
0.025095	-0.081365083
0.025398	-0.101981
0.025701	-0.12254038
0.026004	-0.14304877
0.026307	-0.16346847
0.02661	-0.18381057
0.026913	-0.2040529
0.027216	-0.22418438
0.027519	-0.24419391
0.027822	-0.26407042
0.028125	-0.28380281
0.028428	-0.30339109
0.028731	-0.32281309
0.029034	-0.3420688
0.029337	-0.36113605
0.02964	-0.38001485
0.029943	-0.39869411
0.030246	-0.41716275
0.030549	-0.43542075
0.030852	-0.45345705
0.031155	-0.47124946
0.031458	-0.48880907
0.031761	-0.5061248
0.032064	-0.52318556
0.032367	-0.53999135
0.03267	-0.55653109
0.032973	-0.57280477
0.033276	-0.58880131
0.033579	-0.60450963
0.033882	-0.61995189
0.034109	-0.63129247
0.03426	-0.63875309
0.034411	-0.64614719
0.034562	-0.65347479
0.034713	-0.66071369
0.034864	-0.66789717
0.035014	-0.67499196
0.035165	-0.68202024
0.035316	-0.68897092
0.035467	-0.695844
0.035618	-0.70263948
0.035769	-0.70936845
0.035919	-0.71601982
0.03607	-0.72259359
0.036221	-0.72908976
0.036372	-0.73550833
0.036523	-0.7418493
0.036674	-0.74811267
0.036825	-0.75429845
0.036975	-0.76040662
0.037126	-0.76643719
0.037277	-0.77240125
0.037428	-0.77827663
0.037579	-0.78407441
0.03773	-0.78979458
0.03788	-0.79543716
0.038031	-0.80100214
0.038182	-0.80648952
0.038333	-0.8118993
0.038484	-0.81723148
0.038635	-0.82247497
0.038785	-0.82765196
0.038936	-0.83274025
0.039087	-0.83776204
0.039238	-0.84269513
0.039389	-0.84756172
0.03954	-0.85233962
0.03969	-0.85703992
0.039841	-0.86166262
0.039992	-0.86620772
0.040143	-0.87067522
0.040294	-0.87506513
0.040445	-0.87937743
0.040595	-0.88361214
0.040746	-0.88775816
0.040897	-0.89183766
0.041048	-0.89583957
0.041199	-0.89976388
0.04135	-0.9035995
0.0415	-0.90736861
0.041651	-0.91106012
0.041802	-0.91467403
0.041953	-0.91821034
0.042104	-0.92165796
0.042255	-0.92503908
0.042406	-0.92834259
0.042556	-0.9315685
0.042707	-0.9347279
0.042858	-0.93779862
0.043009	-0.94079173
0.04316	-0.94371834
0.043311	-0.94656734
0.043461	-0.94933874
0.043612	-0.95203255
0.043763	-0.95464875
0.043914	-0.95718736
0.044065	-0.95965945
0.044216	-0.96205394
0.044366	-0.96437084
0.044517	-0.96661013
0.044668	-0.96878291
0.044819	-0.97087809
0.04497	-0.97289567
0.045121	-0.97484674
0.045271	-0.97672021
0.045422	-0.97851608
0.045573	-0.98024544
0.045724	-0.98189719
0.045875	-0.98347135
0.046026	-0.98497899
0.046174	-0.98640904
0.046324	-0.98777257
0.046474	-0.9890585
0.046624	-0.99026683
0.046784	-0.99140865
0.046934	-0.99248395
0.047084	-0.99348166
0.047234	-0.99441285
0.047384	-0.99526644
0.047534	-0.99604244
0.047684	-0.996763
0.047834	-0.99739488
0.047984	-0.99797133
0.048134	-0.99847019
0.048284	-0.99890252
0.048444	-0.99925726
0.048594	-0.99954549
0.048744	-0.9997672
0.048894	-0.99991132
0.049044	-0.99998891
0.049194	-1
0.049344	-0.99993349
0.049494	-0.99981154
0.049644	-0.999612
0.049794	-0.99934595
0.049944	-0.99900229
0.050094	-0.99860321
0.050254	-0.99812653
0.050404	-0.99758334
0.050554	-0.99697363
0.050704	-0.9962974
0.050854	-0.99555467
0.051004	-0.99474542
0.051154	-0.99385857
0.051304	-0.99291629
0.051454	-0.9919075
0.051604	-0.99082111
0.051754	-0.98967929
0.051904	-0.98845988
0.052064	-0.98718503
0.052214	-0.98584367
0.052364	-0.9844358
0.052514	-0.98296141
0.052664	-0.98142051
0.052814	-0.9798131
0.052964	-0.97813917
0.053114	-0.97640981
0.053264	-0.97461394
0.053414	-0.97275156
0.053564	-0.97082266
0.053714	-0.96882725
0.053874	-0.96677641
0.054024	-0.96465906
0.054174	-0.96248628
0.054324	-0.96024699
0.054474	-0.95794118
0.054624	-0.95557994
0.054774	-0.95315219
0.054924	-0.95066902
0.055074	-0.94811933
0.055224	-0.94551421
0.055374	-0.94285366
0.055524	-0.9401266
0.055684	-0.93733302
0.055834	-0.93449511
0.055984	-0.93159067
0.056134	-0.92861973
0.056284	-0.92560444
0.056434	-0.92252264
0.056584	-0.9193965
0.056734	-0.91620384
0.056884	-0.91295576
0.057034	-0.90965224
0.057184	-0.9062933
0.057334	-0.90287893
0.057494	-0.89940914
0.057644	-0.895895
0.057794	-0.89231434
0.057944	-0.88868935
0.058094	-0.88500892
0.058244	-0.88128416
0.058394	-0.87749288
0.058544	-0.87366834
0.058694	-0.86977729
0.058844	-0.86585298
0.058994	-0.86187325
0.059144	-0.85783808
0.059304	-0.85375858
0.059454	-0.84963473
0.059604	-0.84546654
0.059754	-0.841254
0.059904	-0.83698604
0.060054	-0.83268482
0.060204	-0.82832818
0.060354	-0.82393828
0.060504	-0.81950403
0.060654	-0.81502544
0.060804	-0.8105136
0.060954	-0.80595741
0.061104	-0.80137905
0.061254	-0.79676743
0.061404	-0.79212256
0.061554	-0.78743335
0.061704	-0.78272196
0.061854	-0.77796623
0.062004	-0.77318833
0.062154	-0.76836609
0.062304	-0.76351059
0.062454	-0.75863292
0.062604	-0.75372199
0.062754	-0.74877781
0.062904	-0.74381146
0.063054	-0.73881184
0.063204	-0.73377898
0.063354	-0.72873502
0.063504	-0.72365781
0.063654	-0.71855843
0.063804	-0.71343687
0.063954	-0.70829315
0.064104	-0.70312725
0.064254	-0.69793918
0.064404	-0.69272895
0.064554	-0.68750762
0.064704	-0.68226413
0.064854	-0.67700954
0.065004	-0.67174388
0.065154	-0.66645604
0.065304	-0.66115712
0.065454	-0.65584711
0.065604	-0.65052601
0.065754	-0.64519383
0.065904	-0.63985057
0.066054	-0.6345073
0.066204	-0.62915295
0.066354	-0.62378751
0.066504	-0.61842207
0.066654	-0.61305664
0.066804	-0.60768011
0.066954	-0.60230359
0.067104	-0.59692707
0.067254	-0.59156163
0.067404	-0.58618511
0.067554	-0.58080858
0.067704	-0.57544315
0.067854	-0.57007771
0.068004	-0.56472336
0.068154	-0.55936901
0.068304	-0.55402574
0.068454	-0.54868247
0.068604	-0.54336138
0.068754	-0.53804029
0.068904	-0.53273028
0.069054	-0.52743135
0.069204	-0.5221546
0.069354	-0.51688893
0.069504	-0.51163435
0.069654	-0.50639086
0.069804	-0.50116953
0.069954	-0.49595929
0.070104	-0.49077123
0.070254	-0.48560533
0.070404	-0.48045052
0.070554	-0.47532897
0.070704	-0.4702185
0.070854	-0.4651302
0.071004	-0.46007516
0.071154	-0.45503121
0.071304	-0.45000942
0.071454	-0.4450209
0.071604	-0.44005454
0.071754	-0.43512144
0.071904	-0.43019943
0.072054	-0.42532176
0.072204	-0.42046626
0.072354	-0.41563293
0.072504	-0.41083286
0.072654	-0.40606605
0.072804	-0.40132141
0.072954	-0.39661002
0.073104	-0.39193189
0.073254	-0.38728702
0.073404	-0.3826754
0.073554	-0.37808596
0.073704	-0.37354086
0.073854	-0.36901793
0.074004	-0.36453934
0.074154	-0.36009401
0.074304	-0.35567085
0.074454	-0.35129203
0.074604	-0.34694647
0.074754	-0.34264525
0.074904	-0.3383662
0.075054	-0.3341315
0.075204	-0.32993005
0.075354	-0.32576186
0.075504	-0.32162692
0.075654	-0.31753633
0.075804	-0.313479
0.075954	-0.30946601
0.076104	-0.30547518
0.076254	-0.30152871
0.076404	-0.29762657
0.076554	-0.29375769
0.076704	-0.28992207
0.076854	-0.2861197
0.077004	-0.28236168
0.077154	-0.278648
0.077304	-0.27495649
0.077454	-0.27130932
0.077604	-0.2677065
0.077754	-0.26413693
0.077904	-0.26060062
0.078054	-0.25709756
0.078204	-0.25363885
0.078354	-0.2502134
0.078504	-0.24683229
0.078654	-0.24348443
0.078804	-0.24016983
0.078954	-0.23689958
0.079104	-0.23366258
0.079254	-0.23045883
0.079404	-0.22728835
0.079554	-0.2241622
0.079704	-0.22106932
0.079854	-0.21800969
0.080004	-0.2149944
0.080154	-0.21200129
0.080304	-0.20905251
0.080464	-0.206137
0.080614	-0.20325474
0.080764	-0.20041682
0.080914	-0.19760107
0.081064	-0.19481858
0.081214	-0.19208044
0.081364	-0.18936446
0.081514	-0.18669283
0.081664	-0.18405445
0.081814	-0.18143825
0.081964	-0.17886639
0.082114	-0.17631669
0.082264	-0.17380026
0.082414	-0.17132817
0.082564	-0.16887825
0.082714	-0.16646158
0.082864	-0.16406709
0.083014	-0.16171694
0.083164	-0.15938896
0.083314	-0.15709424
0.083464	-0.15483277
0.083614	-0.15259348
0.083764	-0.15039853
0.083914	-0.14821466
0.084064	-0.14607514
0.084214	-0.1439467
0.084364	-0.1418626
0.084514	-0.13980068
0.084664	-0.13776093
0.084814	-0.13575443
0.084964	-0.13378119
0.085114	-0.13183012
0.085264	-0.12990123
0.085414	-0.12800559
0.085564	-0.12613212
0.085714	-0.12428082
0.085864	-0.12245169
0.086014	-0.12065582
0.086164	-0.11888213
0.086314	-0.11714169
0.086464	-0.11541233
0.086614	-0.11371623
0.086764	-0.1120423
0.086914	-0.11038722
0.087064	-0.10875874
0.087214	-0.10715244
0.087364	-0.1055683
0.087514	-0.10400745
0.087664	-0.10246877
0.087814	-0.10095115
0.087964	-0.099455696
0.088114	-0.09798131
0.088264	-0.096527986
0.088414	-0.095094616
0.088564	-0.093683417
0.088714	-0.092291064
0.088864	-0.090918665
0.089014	-0.089567328
0.089164	-0.088233729
0.089314	-0.086921192
0.089464	-0.085626393
0.089614	-0.084350438
0.089764	-0.08309333
0.089914	-0.081853958
0.090064	-0.080633432
0.090214	-0.079430643
0.090364	-0.078244482
0.090514	-0.077076058
0.090664	-0.075924263
0.090814	-0.074790205
0.090964	-0.073672775
0.091114	-0.072570865
0.091264	-0.071485583
0.091414	-0.07041693
0.091564	-0.069362688
0.091714	-0.068325075
0.091864	-0.067301872
0.092014	-0.06629419
0.092164	-0.065302028
0.092314	-0.064324276
0.092464	-0.063359828
0.092614	-0.062410899
0.092764	-0.061476382
0.092914	-0.060555168
0.093064	-0.059647256
0.093214	-0.058753755
0.093364	-0.057872449
0.093514	-0.057004445
0.093664	-0.056150853
0.093814	-0.055308346
0.093964	-0.054479142
0.094114	-0.053662133
0.094264	-0.052858426
0.094414	-0.052065804
0.094564	-0.051285377
0.094714	-0.050516035
0.094864	-0.049758888
0.095014	-0.049012826
0.095164	-0.04827785
0.095314	-0.047555068
0.095464	-0.046842263
0.095614	-0.046140543
0.095764	-0.045448801
0.095914	-0.044768144
0.096064	-0.044097465
0.096214	-0.043437871
0.096364	-0.042787145
0.096514	-0.042146397
0.096664	-0.041515625
0.096814	-0.040894831
0.096964	-0.040282905
0.097114	-0.039680956
0.097264	-0.039087876
0.097414	-0.038503664
0.097564	-0.03792832
0.097714	-0.037361846
0.097864	-0.036804239
0.098014	-0.036255501
0.098164	-0.035714523
0.098314	-0.035182414
0.098464	-0.034658064
0.098614	-0.034141475
0.098764	-0.033633753
0.098914	-0.033132684
0.099064	-0.032640482
0.099214	-0.032154933
0.099364	-0.031677143
0.099514	-0.031207113
0.099664	-0.030743734
0.099814	-0.030288115
0.099964	-0.029839148
0.100114	-0.02939794
0.100264	-0.028963384
0.100414	-0.028534371
0.100564	-0.028113118
0.100714	-0.027698516
0.100864	-0.027289456
0.101014	-0.026888157
0.101164	-0.026492401
0.101314	-0.026102187
0.101464	-0.025718625
0.101614	-0.025341714
0.101764	-0.024970346
0.101914	-0.024604521
0.102064	-0.024244238
0.102214	-0.023890607
0.102364	-0.02354141
0.102514	-0.023198865
0.102664	-0.022860754
0.102814	-0.022529294
0.102964	-0.022202268
0.103114	-0.021879677
0.103264	-0.021563737
0.103414	-0.021252231
0.103564	-0.020945159
0.103714	-0.020643631
0.103864	-0.020346536
0.104014	-0.020054985
0.104164	-0.019767867
0.104314	-0.019485184
0.104464	-0.019206935
0.104614	-0.01893312
0.104764	-0.01866374
0.104914	-0.018398794
0.105064	-0.018138282
0.105214	-0.017882204
0.105364	-0.017630561
0.105514	-0.017383352
0.105664	-0.017139468
0.105814	-0.016900019
0.105964	-0.016663895
0.106114	-0.016432206
0.106264	-0.016203842
0.106414	-0.015979913
0.106564	-0.015759309
0.106714	-0.01554314
0.106864	-0.015330296
0.107014	-0.015120778
0.107164	-0.014915694
0.107314	-0.014712827
0.107464	-0.014514395
0.107614	-0.014319288
0.107764	-0.014126398
0.107914	-0.013937943
0.108064	-0.013752813
0.108214	-0.013571009
0.108364	-0.013391422
0.108514	-0.013216269
0.108664	-0.013043334
0.108814	-0.012873724
0.108964	-0.01270744
0.109114	-0.012544481
0.109264	-0.01238374
0.109414	-0.012225215
0.109564	-0.012071125
0.109714	-0.011919252
0.109864	-0.011769597
0.110014	-0.011623266
0.110164	-0.011480262
0.110314	-0.011339475
0.110464	-0.011200905
0.110614	-0.011065549
0.110764	-0.010932633
0.110914	-0.010802377
0.111064	-0.01067456
0.111214	-0.010549292
0.111364	-0.010426574
0.111514	-0.010306185
0.111664	-0.010188345
0.111814	-0.010072832
0.111964	-0.0099597592
0.112114	-0.0098490139
0.112264	-0.0097405966
0.112414	-0.0096345073
0.112564	-0.009530746
0.112714	-0.0094290909
0.112864	-0.0093297638
0.113014	-0.0092326538
0.113164	-0.0091376501
0.113314	-0.0090448635
0.113464	-0.0089541832
0.113614	-0.0088656091
0.113764	-0.0087792522
0.113914	-0.0086947798
0.114064	-0.0086125245
0.114214	-0.0085322647
0.114364	-0.0084540002
0.114514	-0.0083777312
0.114664	-0.0083033467
0.114814	-0.0082310685
0.114964	-0.0081606749
0.115114	-0.0080922767
0.115264	-0.0080256521
0.115414	-0.007961023
0.115564	-0.0078982784
0.115714	-0.0078374184
0.115864	-0.0077783321
0.116014	-0.0077211303
0.116164	-0.0076658131
0.116314	-0.0076122696
0.116464	-0.0075604997
0.116614	-0.0075105036
0.116764	-0.0074622812
0.116914	-0.0074158325
0.117064	-0.0073711574
0.117214	-0.0073282561
0.117364	-0.0072870176
0.117514	-0.0072475529
0.117664	-0.0072098618
0.117814	-0.0071737227
0.117964	-0.0071393573
0.118114	-0.0071067656
0.118264	-0.0070757258
0.118414	-0.0070464598
0.118564	-0.0070187458
0.118714	-0.0069928054
0.118864	-0.0069684171
0.119014	-0.0069456916
0.119164	-0.0069247398
0.119314	-0.0069053399
0.119464	-0.0068874921
0.119614	-0.006871418
0.119764	-0.0068568958
0.119914	-0.0068439256
0.120064	-0.0068327292
0.120214	-0.0068229738
0.120364	-0.0068149922
0.120514	-0.0068085625
0.120664	-0.0068036849
0.120814	-0.00680047
0.120964	-0.006798918
