   0.0000000000000000e+00   0.0000000000000000e+00
   2.0040080160320643e-05   3.9584464737330068e-03
   4.0080160320641287e-05   1.5771108700990393e-02
   6.0120240480961920e-05   3.5250947517216601e-02
   8.0160320641282573e-05   6.2089523325327751e-02
   1.0020040080160321e-04   9.5861879862253238e-02
   1.2024048096192384e-04   1.3603327286542016e-01
   1.4028056112224451e-04   1.8196763709891522e-01
   1.6032064128256515e-04   2.3293765767424529e-01
   1.8036072144288575e-04   2.8813628619856035e-01
   2.0040080160320641e-04   3.4668951940611270e-01
   2.2044088176352705e-04   4.0767023793883767e-01
   2.4048096192384768e-04   4.7011288615576913e-01
   2.6052104208416834e-04   5.3302876053432768e-01
   2.8056112224448903e-04   5.9542166459021084e-01
   3.0060120240480961e-04   6.5630368243923431e-01
   3.2064128256513029e-04   7.1471082124592566e-01
   3.4068136272545093e-04   7.6971827487968392e-01
   3.6072144288577150e-04   8.2045506709704674e-01
   3.8076152304609219e-04   8.6611784239304901e-01
   4.0080160320641282e-04   9.0598358616028529e-01
   4.2084168336673346e-04   9.3942107274740283e-01
   4.4088176352705409e-04   9.6590086015091647e-01
   4.6092184368737478e-04   9.8500367308653614e-01
   4.8096192384769536e-04   9.9642704170424790e-01
   5.0100200400801599e-04   1.0000000000000000e+00
   5.2104208416833668e-04   1.0000000000000000e+00
   5.4108216432865737e-04   1.0000000000000000e+00
   5.6112224448897805e-04   1.0000000000000000e+00
   5.8116232464929852e-04   1.0000000000000000e+00
   6.0120240480961921e-04   1.0000000000000000e+00
   6.2124248496993990e-04   1.0000000000000000e+00
   6.4128256513026059e-04   1.0000000000000000e+00
   6.6132264529058116e-04   1.0000000000000000e+00
   6.8136272545090185e-04   1.0000000000000000e+00
   7.0140280561122254e-04   1.0000000000000000e+00
   7.2144288577154301e-04   1.0000000000000000e+00
   7.4148296593186370e-04   1.0000000000000000e+00
   7.6152304609218438e-04   1.0000000000000000e+00
   7.8156312625250507e-04   1.0000000000000000e+00
   8.0160320641282565e-04   1.0000000000000000e+00
   8.2164328657314634e-04   1.0000000000000000e+00
   8.4168336673346692e-04   1.0000000000000000e+00
   8.6172344689378760e-04   1.0000000000000000e+00
   8.8176352705410818e-04   1.0000000000000000e+00
   9.0180360721442887e-04   1.0000000000000000e+00
   9.2184368737474956e-04   1.0000000000000000e+00
   9.4188376753507024e-04   1.0000000000000000e+00
   9.6192384769539071e-04   1.0000000000000000e+00
   9.8196392785571151e-04   1.0000000000000000e+00
   1.0020040080160320e-03   1.0000000000000000e+00
   1.0220440881763527e-03   1.0000000000000000e+00
   1.0420841683366734e-03   1.0000000000000000e+00
   1.0621242484969940e-03   1.0000000000000000e+00
   1.0821643286573147e-03   1.0000000000000000e+00
   1.1022044088176354e-03   1.0000000000000000e+00
   1.1222444889779561e-03   1.0000000000000000e+00
   1.1422845691382766e-03   1.0000000000000000e+00
   1.1623246492985970e-03   1.0000000000000000e+00
   1.1823647294589177e-03   1.0000000000000000e+00
   1.2024048096192384e-03   1.0000000000000000e+00
   1.2224448897795591e-03   1.0000000000000000e+00
   1.2424849699398798e-03   1.0000000000000000e+00
   1.2625250501002005e-03   1.0000000000000000e+00
   1.2825651302605212e-03   1.0000000000000000e+00
   1.3026052104208416e-03   1.0000000000000000e+00
   1.3226452905811623e-03   1.0000000000000000e+00
   1.3426853707414830e-03   1.0000000000000000e+00
   1.3627254509018037e-03   1.0000000000000000e+00
   1.3827655310621244e-03   1.0000000000000000e+00
   1.4028056112224451e-03   1.0000000000000000e+00
   1.4228456913827655e-03   1.0000000000000000e+00
   1.4428857715430860e-03   1.0000000000000000e+00
   1.4629258517034067e-03   1.0000000000000000e+00
   1.4829659318637274e-03   1.0000000000000000e+00
   1.5030060120240481e-03   1.0000000000000000e+00
   1.5230460921843688e-03   1.0000000000000000e+00
   1.5430861723446895e-03   1.0000000000000000e+00
   1.5631262525050101e-03   1.0000000000000000e+00
   1.5831663326653308e-03   1.0000000000000000e+00
   1.6032064128256513e-03   1.0000000000000000e+00
   1.6232464929859720e-03   1.0000000000000000e+00
   1.6432865731462927e-03   1.0000000000000000e+00
   1.6633266533066134e-03   1.0000000000000000e+00
   1.6833667334669338e-03   1.0000000000000000e+00
   1.7034068136272545e-03   1.0000000000000000e+00
   1.7234468937875752e-03   1.0000000000000000e+00
   1.7434869739478957e-03   1.0000000000000000e+00
   1.7635270541082164e-03   1.0000000000000000e+00
   1.7835671342685371e-03   1.0000000000000000e+00
   1.8036072144288577e-03   1.0000000000000000e+00
   1.8236472945891784e-03   1.0000000000000000e+00
   1.8436873747494991e-03   1.0000000000000000e+00
   1.8637274549098198e-03   1.0000000000000000e+00
   1.8837675350701405e-03   1.0000000000000000e+00
   1.9038076152304610e-03   1.0000000000000000e+00
   1.9238476953907814e-03   1.0000000000000000e+00
   1.9438877755511021e-03   1.0000000000000000e+00
   1.9639278557114230e-03   1.0000000000000000e+00
   1.9839679358717435e-03   1.0000000000000000e+00
   2.0040080160320640e-03   1.0000000000000000e+00
   2.0240480961923849e-03   1.0000000000000000e+00
   2.0440881763527053e-03   1.0000000000000000e+00
   2.0641282565130262e-03   1.0000000000000000e+00
   2.0841683366733467e-03   1.0000000000000000e+00
   2.1042084168336676e-03   1.0000000000000000e+00
   2.1242484969939881e-03   1.0000000000000000e+00
   2.1442885771543086e-03   1.0000000000000000e+00
   2.1643286573146295e-03   1.0000000000000000e+00
   2.1843687374749499e-03   1.0000000000000000e+00
   2.2044088176352708e-03   1.0000000000000000e+00
   2.2244488977955913e-03   1.0000000000000000e+00
   2.2444889779559122e-03   1.0000000000000000e+00
   2.2645290581162327e-03   1.0000000000000000e+00
   2.2845691382765532e-03   1.0000000000000000e+00
   2.3046092184368741e-03   1.0000000000000000e+00
   2.3246492985971941e-03   1.0000000000000000e+00
   2.3446893787575150e-03   1.0000000000000000e+00
   2.3647294589178355e-03   1.0000000000000000e+00
   2.3847695390781564e-03   1.0000000000000000e+00
   2.4048096192384768e-03   1.0000000000000000e+00
   2.4248496993987973e-03   1.0000000000000000e+00
   2.4448897795591182e-03   1.0000000000000000e+00
   2.4649298597194387e-03   1.0000000000000000e+00
   2.4849699398797596e-03   1.0000000000000000e+00
   2.5050100200400801e-03   1.0000000000000000e+00
   2.5250501002004010e-03   1.0000000000000000e+00
   2.5450901803607214e-03   1.0000000000000000e+00
   2.5651302605210423e-03   1.0000000000000000e+00
   2.5851703406813628e-03   1.0000000000000000e+00
   2.6052104208416833e-03   1.0000000000000000e+00
   2.6252505010020042e-03   1.0000000000000000e+00
   2.6452905811623247e-03   1.0000000000000000e+00
   2.6653306613226456e-03   1.0000000000000000e+00
   2.6853707414829660e-03   1.0000000000000000e+00
   2.7054108216432869e-03   1.0000000000000000e+00
   2.7254509018036074e-03   1.0000000000000000e+00
   2.7454909819639279e-03   1.0000000000000000e+00
   2.7655310621242488e-03   1.0000000000000000e+00
   2.7855711422845693e-03   1.0000000000000000e+00
   2.8056112224448902e-03   1.0000000000000000e+00
   2.8256513026052102e-03   1.0000000000000000e+00
   2.8456913827655311e-03   1.0000000000000000e+00
   2.8657314629258516e-03   1.0000000000000000e+00
   2.8857715430861720e-03   1.0000000000000000e+00
   2.9058116232464929e-03   1.0000000000000000e+00
   2.9258517034068134e-03   1.0000000000000000e+00
   2.9458917835671343e-03   1.0000000000000000e+00
   2.9659318637274548e-03   1.0000000000000000e+00
   2.9859719438877757e-03   1.0000000000000000e+00
   3.0060120240480962e-03   1.0000000000000000e+00
   3.0260521042084171e-03   1.0000000000000000e+00
   3.0460921843687375e-03   1.0000000000000000e+00
   3.0661322645290580e-03   1.0000000000000000e+00
   3.0861723446893789e-03   1.0000000000000000e+00
   3.1062124248496994e-03   1.0000000000000000e+00
   3.1262525050100203e-03   1.0000000000000000e+00
   3.1462925851703408e-03   1.0000000000000000e+00
   3.1663326653306617e-03   1.0000000000000000e+00
   3.1863727454909821e-03   1.0000000000000000e+00
   3.2064128256513026e-03   1.0000000000000000e+00
   3.2264529058116235e-03   1.0000000000000000e+00
   3.2464929859719440e-03   1.0000000000000000e+00
   3.2665330661322649e-03   1.0000000000000000e+00
   3.2865731462925853e-03   1.0000000000000000e+00
   3.3066132264529063e-03   1.0000000000000000e+00
   3.3266533066132267e-03   1.0000000000000000e+00
   3.3466933867735468e-03   1.0000000000000000e+00
   3.3667334669338677e-03   1.0000000000000000e+00
   3.3867735470941881e-03   1.0000000000000000e+00
   3.4068136272545090e-03   1.0000000000000000e+00
   3.4268537074148295e-03   1.0000000000000000e+00
   3.4468937875751504e-03   1.0000000000000000e+00
   3.4669338677354709e-03   1.0000000000000000e+00
   3.4869739478957914e-03   1.0000000000000000e+00
   3.5070140280561123e-03   1.0000000000000000e+00
   3.5270541082164327e-03   1.0000000000000000e+00
   3.5470941883767536e-03   1.0000000000000000e+00
   3.5671342685370741e-03   1.0000000000000000e+00
   3.5871743486973950e-03   1.0000000000000000e+00
   3.6072144288577155e-03   1.0000000000000000e+00
   3.6272545090180364e-03   1.0000000000000000e+00
   3.6472945891783569e-03   1.0000000000000000e+00
   3.6673346693386773e-03   1.0000000000000000e+00
   3.6873747494989982e-03   1.0000000000000000e+00
   3.7074148296593187e-03   1.0000000000000000e+00
   3.7274549098196396e-03   1.0000000000000000e+00
   3.7474949899799601e-03   1.0000000000000000e+00
   3.7675350701402810e-03   1.0000000000000000e+00
   3.7875751503006014e-03   1.0000000000000000e+00
   3.8076152304609219e-03   1.0000000000000000e+00
   3.8276553106212428e-03   1.0000000000000000e+00
   3.8476953907815629e-03   1.0000000000000000e+00
   3.8677354709418838e-03   1.0000000000000000e+00
   3.8877755511022042e-03   1.0000000000000000e+00
   3.9078156312625251e-03   1.0000000000000000e+00
   3.9278557114228460e-03   1.0000000000000000e+00
   3.9478957915831661e-03   1.0000000000000000e+00
   3.9679358717434870e-03   1.0000000000000000e+00
   3.9879759519038079e-03   1.0000000000000000e+00
   4.0080160320641279e-03   1.0000000000000000e+00
   4.0280561122244497e-03   1.0000000000000000e+00
   4.0480961923847697e-03   1.0000000000000000e+00
   4.0681362725450906e-03   1.0000000000000000e+00
   4.0881763527054107e-03   1.0000000000000000e+00
   4.1082164328657307e-03   1.0000000000000000e+00
   4.1282565130260525e-03   1.0000000000000000e+00
   4.1482965931863725e-03   1.0000000000000000e+00
   4.1683366733466934e-03   1.0000000000000000e+00
   4.1883767535070135e-03   1.0000000000000000e+00
   4.2084168336673352e-03   1.0000000000000000e+00
   4.2284569138276553e-03   1.0000000000000000e+00
   4.2484969939879762e-03   1.0000000000000000e+00
   4.2685370741482962e-03   1.0000000000000000e+00
   4.2885771543086171e-03   1.0000000000000000e+00
   4.3086172344689380e-03   1.0000000000000000e+00
   4.3286573146292589e-03   1.0000000000000000e+00
   4.3486973947895790e-03   1.0000000000000000e+00
   4.3687374749498999e-03   1.0000000000000000e+00
   4.3887775551102208e-03   1.0000000000000000e+00
   4.4088176352705417e-03   1.0000000000000000e+00
   4.4288577154308617e-03   1.0000000000000000e+00
   4.4488977955911826e-03   1.0000000000000000e+00
   4.4689378757515026e-03   1.0000000000000000e+00
   4.4889779559118244e-03   1.0000000000000000e+00
   4.5090180360721445e-03   1.0000000000000000e+00
   4.5290581162324654e-03   1.0000000000000000e+00
   4.5490981963927854e-03   1.0000000000000000e+00
   4.5691382765531063e-03   1.0000000000000000e+00
   4.5891783567134272e-03   1.0000000000000000e+00
   4.6092184368737481e-03   1.0000000000000000e+00
   4.6292585170340681e-03   1.0000000000000000e+00
   4.6492985971943882e-03   1.0000000000000000e+00
   4.6693386773547100e-03   1.0000000000000000e+00
   4.6893787575150300e-03   1.0000000000000000e+00
   4.7094188376753509e-03   1.0000000000000000e+00
   4.7294589178356709e-03   1.0000000000000000e+00
   4.7494989979959918e-03   1.0000000000000000e+00
   4.7695390781563127e-03   1.0000000000000000e+00
   4.7895791583166336e-03   1.0000000000000000e+00
   4.8096192384769537e-03   1.0000000000000000e+00
   4.8296593186372746e-03   1.0000000000000000e+00
   4.8496993987975946e-03   1.0000000000000000e+00
   4.8697394789579164e-03   1.0000000000000000e+00
   4.8897795591182364e-03   1.0000000000000000e+00
   4.9098196392785573e-03   1.0000000000000000e+00
   4.9298597194388774e-03   1.0000000000000000e+00
   4.9498997995991991e-03   1.0000000000000000e+00
   4.9699398797595192e-03   1.0000000000000000e+00
   4.9899799599198401e-03   1.0000000000000000e+00
   5.0100200400801601e-03   1.0000000000000000e+00
   5.0300601202404810e-03   1.0000000000000000e+00
   5.0501002004008019e-03   1.0000000000000000e+00
   5.0701402805611228e-03   1.0000000000000000e+00
   5.0901803607214429e-03   1.0000000000000000e+00
   5.1102204408817638e-03   1.0000000000000000e+00
   5.1302605210420847e-03   1.0000000000000000e+00
   5.1503006012024047e-03   1.0000000000000000e+00
   5.1703406813627256e-03   1.0000000000000000e+00
   5.1903807615230457e-03   1.0000000000000000e+00
   5.2104208416833666e-03   1.0000000000000000e+00
   5.2304609218436875e-03   1.0000000000000000e+00
   5.2505010020040084e-03   1.0000000000000000e+00
   5.2705410821643284e-03   1.0000000000000000e+00
   5.2905811623246493e-03   1.0000000000000000e+00
   5.3106212424849693e-03   1.0000000000000000e+00
   5.3306613226452911e-03   1.0000000000000000e+00
   5.3507014028056112e-03   1.0000000000000000e+00
   5.3707414829659321e-03   1.0000000000000000e+00
   5.3907815631262521e-03   1.0000000000000000e+00
   5.4108216432865739e-03   1.0000000000000000e+00
   5.4308617234468939e-03   1.0000000000000000e+00
   5.4509018036072148e-03   1.0000000000000000e+00
   5.4709418837675348e-03   1.0000000000000000e+00
   5.4909819639278558e-03   1.0000000000000000e+00
   5.5110220440881767e-03   1.0000000000000000e+00
   5.5310621242484976e-03   1.0000000000000000e+00
   5.5511022044088176e-03   1.0000000000000000e+00
   5.5711422845691385e-03   1.0000000000000000e+00
   5.5911823647294594e-03   1.0000000000000000e+00
   5.6112224448897803e-03   1.0000000000000000e+00
   5.6312625250501003e-03   1.0000000000000000e+00
   5.6513026052104204e-03   1.0000000000000000e+00
   5.6713426853707413e-03   1.0000000000000000e+00
   5.6913827655310622e-03   1.0000000000000000e+00
   5.7114228456913831e-03   1.0000000000000000e+00
   5.7314629258517031e-03   1.0000000000000000e+00
   5.7515030060120240e-03   1.0000000000000000e+00
   5.7715430861723441e-03   1.0000000000000000e+00
   5.7915831663326658e-03   1.0000000000000000e+00
   5.8116232464929859e-03   1.0000000000000000e+00
   5.8316633266533068e-03   1.0000000000000000e+00
   5.8517034068136268e-03   1.0000000000000000e+00
   5.8717434869739486e-03   1.0000000000000000e+00
   5.8917835671342686e-03   1.0000000000000000e+00
   5.9118236472945895e-03   1.0000000000000000e+00
   5.9318637274549096e-03   1.0000000000000000e+00
   5.9519038076152305e-03   1.0000000000000000e+00
   5.9719438877755514e-03   1.0000000000000000e+00
   5.9919839679358723e-03   1.0000000000000000e+00
   6.0120240480961923e-03   1.0000000000000000e+00
   6.0320641282565132e-03   1.0000000000000000e+00
   6.0521042084168341e-03   1.0000000000000000e+00
   6.0721442885771550e-03   1.0000000000000000e+00
   6.0921843687374751e-03   1.0000000000000000e+00
   6.1122244488977960e-03   1.0000000000000000e+00
   6.1322645290581160e-03   1.0000000000000000e+00
   6.1523046092184378e-03   1.0000000000000000e+00
   6.1723446893787578e-03   1.0000000000000000e+00
   6.1923847695390779e-03   1.0000000000000000e+00
   6.2124248496993988e-03   1.0000000000000000e+00
   6.2324649298597188e-03   1.0000000000000000e+00
   6.2525050100200406e-03   1.0000000000000000e+00
   6.2725450901803606e-03   1.0000000000000000e+00
   6.2925851703406815e-03   1.0000000000000000e+00
   6.3126252505010015e-03   1.0000000000000000e+00
   6.3326653306613233e-03   1.0000000000000000e+00
   6.3527054108216434e-03   1.0000000000000000e+00
   6.3727454909819643e-03   1.0000000000000000e+00
   6.3927855711422843e-03   1.0000000000000000e+00
   6.4128256513026052e-03   1.0000000000000000e+00
   6.4328657314629261e-03   1.0000000000000000e+00
   6.4529058116232470e-03   1.0000000000000000e+00
   6.4729458917835670e-03   1.0000000000000000e+00
   6.4929859719438879e-03   1.0000000000000000e+00
   6.5130260521042080e-03   1.0000000000000000e+00
   6.5330661322645298e-03   1.0000000000000000e+00
   6.5531062124248498e-03   1.0000000000000000e+00
   6.5731462925851707e-03   1.0000000000000000e+00
   6.5931863727454907e-03   1.0000000000000000e+00
   6.6132264529058125e-03   1.0000000000000000e+00
   6.6332665330661325e-03   1.0000000000000000e+00
   6.6533066132264534e-03   1.0000000000000000e+00
   6.6733466933867735e-03   1.0000000000000000e+00
   6.6933867735470935e-03   1.0000000000000000e+00
   6.7134268537074153e-03   1.0000000000000000e+00
   6.7334669338677353e-03   1.0000000000000000e+00
   6.7535070140280562e-03   1.0000000000000000e+00
   6.7735470941883763e-03   1.0000000000000000e+00
   6.7935871743486980e-03   1.0000000000000000e+00
   6.8136272545090181e-03   1.0000000000000000e+00
   6.8336673346693390e-03   1.0000000000000000e+00
   6.8537074148296590e-03   1.0000000000000000e+00
   6.8737474949899799e-03   1.0000000000000000e+00
   6.8937875751503008e-03   1.0000000000000000e+00
   6.9138276553106217e-03   1.0000000000000000e+00
   6.9338677354709418e-03   1.0000000000000000e+00
   6.9539078156312627e-03   1.0000000000000000e+00
   6.9739478957915827e-03   1.0000000000000000e+00
   6.9939879759519045e-03   1.0000000000000000e+00
   7.0140280561122245e-03   1.0000000000000000e+00
   7.0340681362725454e-03   1.0000000000000000e+00
   7.0541082164328655e-03   1.0000000000000000e+00
   7.0741482965931872e-03   1.0000000000000000e+00
   7.0941883767535073e-03   1.0000000000000000e+00
   7.1142284569138282e-03   1.0000000000000000e+00
   7.1342685370741482e-03   1.0000000000000000e+00
   7.1543086172344691e-03   1.0000000000000000e+00
   7.1743486973947900e-03   1.0000000000000000e+00
   7.1943887775551101e-03   1.0000000000000000e+00
   7.2144288577154310e-03   1.0000000000000000e+00
   7.2344689378757510e-03   1.0000000000000000e+00
   7.2545090180360728e-03   1.0000000000000000e+00
   7.2745490981963928e-03   1.0000000000000000e+00
   7.2945891783567137e-03   1.0000000000000000e+00
   7.3146292585170337e-03   1.0000000000000000e+00
   7.3346693386773546e-03   1.0000000000000000e+00
   7.3547094188376756e-03   1.0000000000000000e+00
   7.3747494989979965e-03   1.0000000000000000e+00
   7.3947895791583165e-03   1.0000000000000000e+00
   7.4148296593186374e-03   1.0000000000000000e+00
   7.4348697394789574e-03   1.0000000000000000e+00
   7.4549098196392792e-03   1.0000000000000000e+00
   7.4749498997995992e-03   1.0000000000000000e+00
   7.4949899799599201e-03   1.0000000000000000e+00
   7.5150300601202402e-03   1.0000000000000000e+00
   7.5350701402805620e-03   1.0000000000000000e+00
   7.5551102204408820e-03   1.0000000000000000e+00
   7.5751503006012029e-03   1.0000000000000000e+00
   7.5951903807615229e-03   1.0000000000000000e+00
   7.6152304609218438e-03   1.0000000000000000e+00
   7.6352705410821647e-03   1.0000000000000000e+00
   7.6553106212424856e-03   1.0000000000000000e+00
   7.6753507014028057e-03   1.0000000000000000e+00
   7.6953907815631257e-03   1.0000000000000000e+00
   7.7154308617234475e-03   1.0000000000000000e+00
   7.7354709418837675e-03   1.0000000000000000e+00
   7.7555110220440884e-03   1.0000000000000000e+00
   7.7755511022044085e-03   1.0000000000000000e+00
   7.7955911823647294e-03   1.0000000000000000e+00
   7.8156312625250503e-03   1.0000000000000000e+00
   7.8356713426853703e-03   1.0000000000000000e+00
   7.8557114228456921e-03   1.0000000000000000e+00
   7.8757515030060121e-03   1.0000000000000000e+00
   7.8957915831663322e-03   1.0000000000000000e+00
   7.9158316633266539e-03   1.0000000000000000e+00
   7.9358717434869740e-03   1.0000000000000000e+00
   7.9559118236472957e-03   1.0000000000000000e+00
   7.9759519038076158e-03   1.0000000000000000e+00
   7.9959919839679358e-03   1.0000000000000000e+00
   8.0160320641282558e-03   1.0000000000000000e+00
   8.0360721442885759e-03   1.0000000000000000e+00
   8.0561122244488994e-03   1.0000000000000000e+00
   8.0761523046092194e-03   1.0000000000000000e+00
   8.0961923847695395e-03   1.0000000000000000e+00
   8.1162324649298595e-03   1.0000000000000000e+00
   8.1362725450901813e-03   1.0000000000000000e+00
   8.1563126252505013e-03   1.0000000000000000e+00
   8.1763527054108213e-03   1.0000000000000000e+00
   8.1963927855711414e-03   1.0000000000000000e+00
   8.2164328657314614e-03   1.0000000000000000e+00
   8.2364729458917849e-03   1.0000000000000000e+00
   8.2565130260521050e-03   1.0000000000000000e+00
   8.2765531062124250e-03   1.0000000000000000e+00
   8.2965931863727450e-03   1.0000000000000000e+00
   8.3166332665330668e-03   1.0000000000000000e+00
   8.3366733466933868e-03   1.0000000000000000e+00
   8.3567134268537069e-03   1.0000000000000000e+00
   8.3767535070140269e-03   1.0000000000000000e+00
   8.3967935871743487e-03   1.0000000000000000e+00
   8.4168336673346705e-03   1.0000000000000000e+00
   8.4368737474949905e-03   1.0000000000000000e+00
   8.4569138276553105e-03   1.0000000000000000e+00
   8.4769539078156323e-03   1.0000000000000000e+00
   8.4969939879759523e-03   1.0000000000000000e+00
   8.5170340681362724e-03   1.0000000000000000e+00
   8.5370741482965924e-03   1.0000000000000000e+00
   8.5571142284569142e-03   1.0000000000000000e+00
   8.5771543086172342e-03   1.0000000000000000e+00
   8.5971943887775560e-03   1.0000000000000000e+00
   8.6172344689378760e-03   1.0000000000000000e+00
   8.6372745490981978e-03   1.0000000000000000e+00
   8.6573146292585178e-03   1.0000000000000000e+00
   8.6773547094188379e-03   1.0000000000000000e+00
   8.6973947895791579e-03   1.0000000000000000e+00
   8.7174348697394797e-03   1.0000000000000000e+00
   8.7374749498997997e-03   1.0000000000000000e+00
   8.7575150300601198e-03   1.0000000000000000e+00
   8.7775551102204415e-03   1.0000000000000000e+00
   8.7975951903807616e-03   1.0000000000000000e+00
   8.8176352705410833e-03   1.0000000000000000e+00
   8.8376753507014034e-03   1.0000000000000000e+00
   8.8577154308617234e-03   1.0000000000000000e+00
   8.8777555110220435e-03   1.0000000000000000e+00
   8.8977955911823652e-03   1.0000000000000000e+00
   8.9178356713426853e-03   1.0000000000000000e+00
   8.9378757515030053e-03   1.0000000000000000e+00
   8.9579158316633253e-03   1.0000000000000000e+00
   8.9779559118236488e-03   1.0000000000000000e+00
   8.9979959919839689e-03   1.0000000000000000e+00
   9.0180360721442889e-03   1.0000000000000000e+00
   9.0380761523046090e-03   1.0000000000000000e+00
   9.0581162324649307e-03   1.0000000000000000e+00
   9.0781563126252508e-03   1.0000000000000000e+00
   9.0981963927855708e-03   1.0000000000000000e+00
   9.1182364729458908e-03   1.0000000000000000e+00
   9.1382765531062126e-03   1.0000000000000000e+00
   9.1583166332665344e-03   1.0000000000000000e+00
   9.1783567134268544e-03   1.0000000000000000e+00
   9.1983967935871744e-03   1.0000000000000000e+00
   9.2184368737474962e-03   1.0000000000000000e+00
   9.2384769539078163e-03   1.0000000000000000e+00
   9.2585170340681363e-03   1.0000000000000000e+00
   9.2785571142284563e-03   1.0000000000000000e+00
   9.2985971943887764e-03   1.0000000000000000e+00
   9.3186372745490981e-03   1.0000000000000000e+00
   9.3386773547094199e-03   1.0000000000000000e+00
   9.3587174348697399e-03   1.0000000000000000e+00
   9.3787575150300600e-03   1.0000000000000000e+00
   9.3987975951903818e-03   1.0000000000000000e+00
   9.4188376753507018e-03   1.0000000000000000e+00
   9.4388777555110218e-03   1.0000000000000000e+00
   9.4589178356713419e-03   1.0000000000000000e+00
   9.4789579158316636e-03   1.0000000000000000e+00
   9.4989979959919837e-03   1.0000000000000000e+00
   9.5190380761523054e-03   9.9642704170424767e-01
   9.5390781563126255e-03   9.8500367308653614e-01
   9.5591182364729473e-03   9.6590086015091536e-01
   9.5791583166332673e-03   9.3942107274740194e-01
   9.5991983967935873e-03   9.0598358616028529e-01
   9.6192384769539074e-03   8.6611784239305045e-01
   9.6392785571142291e-03   8.2045506709704574e-01
   9.6593186372745492e-03   7.6971827487968425e-01
   9.6793587174348692e-03   7.1471082124592777e-01
   9.6993987975951892e-03   6.5630368243923842e-01
   9.7194388777555128e-03   5.9542166459020607e-01
   9.7394789579158328e-03   5.3302876053432502e-01
   9.7595190380761528e-03   4.7011288615576835e-01
   9.7795591182364729e-03   4.0767023793883866e-01
   9.7995991983967929e-03   3.4668951940611548e-01
   9.8196392785571147e-03   2.8813628619855997e-01
   9.8396793587174347e-03   2.3293765767424632e-01
   9.8597194388777547e-03   1.8196763709891764e-01
   9.8797595190380748e-03   1.3603327286542372e-01
   9.8997995991983983e-03   9.5861879862250907e-02
   9.9198396793587183e-03   6.2089523325326752e-02
   9.9398797595190384e-03   3.5250947517216580e-02
   9.9599198396793584e-03   1.5771108700990806e-02
   9.9799599198396802e-03   3.9584464737327952e-03
   1.0000000000000000e-02   3.7493994566546440e-33
