  6.0624E-05  0.0000E+00 -5.7355E-05  1.5789E-01  1.9982E-02  1.5466E+00  2.1338E-04
  3.4000E-04  9.3190E-04 -5.7235E-05  1.5789E-01  1.9982E-02  1.5466E+00  2.1408E-04
  6.8000E-04  2.0660E-03 -5.7089E-05  1.5789E-01  1.9982E-02  1.5466E+00  2.1494E-04
  1.0200E-03  3.2001E-03 -5.6942E-05  1.5789E-01  1.9982E-02  1.5466E+00  2.1580E-04
  1.3600E-03  4.3343E-03 -5.6796E-05  1.5789E-01  1.9982E-02  1.5466E+00  2.1666E-04
  1.7000E-03  5.4684E-03 -5.6649E-05  1.5789E-01  1.9982E-02  1.5466E+00  2.1752E-04
  2.0400E-03  6.6025E-03 -5.6503E-05  1.5789E-01  1.9982E-02  1.5466E+00  2.1838E-04
  2.3800E-03  7.7366E-03 -5.6356E-05  1.5789E-01  1.9982E-02  1.5466E+00  2.1924E-04
  2.7200E-03  8.8707E-03 -5.6210E-05  1.5789E-01  1.9982E-02  1.5466E+00  2.2010E-04
  3.0600E-03  1.0005E-02 -5.6063E-05  1.5789E-01  1.9982E-02  1.5466E+00  2.2096E-04
  3.4000E-03  1.1139E-02 -5.5917E-05  1.5789E-01  1.9982E-02  1.5466E+00  2.2182E-04
  3.7400E-03  1.2273E-02 -5.5770E-05  1.5789E-01  1.9982E-02  1.5466E+00  2.2268E-04
  4.0800E-03  1.3407E-02 -5.5624E-05  1.5789E-01  1.9982E-02  1.5466E+00  2.2354E-04
  4.4200E-03  1.4541E-02 -5.5477E-05  1.5789E-01  1.9982E-02  1.5466E+00  2.2440E-04
  4.7600E-03  1.5675E-02 -5.5331E-05  1.5789E-01  1.9982E-02  1.5466E+00  2.2526E-04
  5.1000E-03  1.6810E-02 -5.5185E-05  1.5789E-01  1.9982E-02  1.5466E+00  2.2612E-04
  5.4400E-03  1.7944E-02 -5.5038E-05  1.5789E-01  1.9982E-02  1.5466E+00  2.2698E-04
  5.7800E-03  1.9078E-02 -5.4892E-05  1.5789E-01  1.9982E-02  1.5466E+00  2.2784E-04
  6.1200E-03  2.0212E-02 -5.4745E-05  1.5789E-01  1.9982E-02  1.5466E+00  2.2870E-04
  6.4600E-03  2.1346E-02 -5.4599E-05  1.5789E-01  1.9982E-02  1.5466E+00  2.2956E-04
  6.8000E-03  2.2480E-02 -5.4452E-05  1.5789E-01  1.9982E-02  1.5466E+00  2.3042E-04
  7.1400E-03  2.3614E-02 -5.4306E-05  1.5789E-01  1.9982E-02  1.5466E+00  2.3128E-04
  7.4800E-03  2.4748E-02 -5.4159E-05  1.5789E-01  1.9982E-02  1.5466E+00  2.3214E-04
  7.8200E-03  2.5883E-02 -5.4013E-05  1.5789E-01  1.9982E-02  1.5466E+00  2.3300E-04
  8.1600E-03  2.7017E-02 -5.3866E-05  1.5789E-01  1.9982E-02  1.5466E+00  2.3386E-04
  8.5000E-03  2.8151E-02 -5.3720E-05  1.5789E-01  1.9982E-02  1.5466E+00  2.3472E-04
  8.8400E-03  2.9285E-02 -5.3573E-05  1.5789E-01  1.9982E-02  1.5466E+00  2.3558E-04
  9.1800E-03  3.0419E-02 -5.3427E-05  1.5789E-01  1.9982E-02  1.5466E+00  2.3644E-04
  9.5200E-03  3.1553E-02 -5.3280E-05  1.5789E-01  1.9982E-02  1.5466E+00  2.3730E-04
  9.8600E-03  3.2687E-02 -5.3134E-05  1.5789E-01  1.9982E-02  1.5466E+00  2.3816E-04
  1.0200E-02  3.3821E-02 -5.2988E-05  1.5789E-01  1.9982E-02  1.5466E+00  2.3901E-04
  1.0540E-02  3.4956E-02 -5.2841E-05  1.5789E-01  1.9982E-02  1.5466E+00  2.3987E-04
  1.0880E-02  3.6090E-02 -5.2695E-05  1.5789E-01  1.9982E-02  1.5466E+00  2.4073E-04
  1.1220E-02  3.7224E-02 -5.2548E-05  1.5789E-01  1.9982E-02  1.5466E+00  2.4159E-04
  1.1560E-02  3.8358E-02 -5.2402E-05  1.5789E-01  1.9982E-02  1.5466E+00  2.4245E-04
  1.1900E-02  3.9492E-02 -5.2255E-05  1.5789E-01  1.9982E-02  1.5466E+00  2.4331E-04
  1.2240E-02  4.0626E-02 -5.2109E-05  1.5789E-01  1.9982E-02  1.5466E+00  2.4417E-04
  1.2580E-02  4.1760E-02 -5.1962E-05  1.5789E-01  1.9982E-02  1.5466E+00  2.4503E-04
  1.2920E-02  4.2894E-02 -5.1816E-05  1.5789E-01  1.9982E-02  1.5466E+00  2.4589E-04
  1.3260E-02  4.4028E-02 -5.1669E-05  1.5789E-01  1.9982E-02  1.5466E+00  2.4675E-04
  1.3600E-02  4.5163E-02 -5.1523E-05  1.5789E-01  1.9982E-02  1.5466E+00  2.4761E-04
  1.3940E-02  4.6297E-02 -5.1376E-05  1.5789E-01  1.9982E-02  1.5466E+00  2.4847E-04
  1.4280E-02  4.7431E-02 -5.1230E-05  1.5789E-01  1.9982E-02  1.5466E+00  2.4933E-04
  1.4620E-02  4.8565E-02 -5.1083E-05  1.5789E-01  1.9982E-02  1.5466E+00  2.5019E-04
  1.4960E-02  4.9699E-02 -5.0937E-05  1.5789E-01  1.9982E-02  1.5466E+00  2.5105E-04
  1.5300E-02  5.0833E-02 -5.0791E-05  1.5789E-01  1.9982E-02  1.5466E+00  2.5191E-04
  1.5640E-02  5.1967E-02 -5.0644E-05  1.5789E-01  1.9982E-02  1.5466E+00  2.5277E-04
  1.5980E-02  5.3101E-02 -5.0498E-05  1.5789E-01  1.9982E-02  1.5466E+00  2.5363E-04
  1.6320E-02  5.4236E-02 -5.0351E-05  1.5789E-01  1.9982E-02  1.5466E+00  2.5449E-04
  1.6660E-02  5.5370E-02 -5.0205E-05  1.5789E-01  1.9982E-02  1.5466E+00  2.5535E-04
  1.7000E-02  5.6504E-02 -5.0058E-05  1.5789E-01  1.9982E-02  1.5466E+00  2.5621E-04
  1.7340E-02  5.7638E-02 -4.9912E-05  1.5789E-01  1.9982E-02  1.5466E+00  2.5707E-04
  1.7680E-02  5.8772E-02 -4.9765E-05  1.5789E-01  1.9982E-02  1.5466E+00  2.5793E-04
  1.8020E-02  5.9906E-02 -4.9619E-05  1.5789E-01  1.9982E-02  1.5466E+00  2.5879E-04
  1.8360E-02  6.1040E-02 -4.9472E-05  1.5789E-01  1.9982E-02  1.5466E+00  2.5965E-04
  1.8700E-02  6.2174E-02 -4.9326E-05  1.5789E-01  1.9982E-02  1.5466E+00  2.6051E-04
  1.9040E-02  6.3309E-02 -4.9179E-05  1.5789E-01  1.9982E-02  1.5466E+00  2.6137E-04
  1.9380E-02  6.4443E-02 -4.9033E-05  1.5789E-01  1.9982E-02  1.5466E+00  2.6223E-04
  1.9720E-02  6.5577E-02 -4.8887E-05  1.5789E-01  1.9982E-02  1.5466E+00  2.6309E-04
  2.0060E-02  6.6711E-02 -4.8740E-05  1.5789E-01  1.9982E-02  1.5466E+00  2.6394E-04
  2.0400E-02  6.7845E-02 -4.8594E-05  1.5789E-01  1.9982E-02  1.5466E+00  2.6480E-04
  2.0740E-02  6.8979E-02 -4.8447E-05  1.5789E-01  1.9982E-02  1.5466E+00  2.6566E-04
  2.1080E-02  7.0113E-02 -4.8301E-05  1.5789E-01  1.9982E-02  1.5466E+00  2.6652E-04
  2.1420E-02  7.1247E-02 -4.8154E-05  1.5789E-01  1.9982E-02  1.5466E+00  2.6738E-04
  2.1760E-02  7.2381E-02 -4.8008E-05  1.5789E-01  1.9982E-02  1.5466E+00  2.6824E-04
  2.2100E-02  7.3516E-02 -4.7861E-05  1.5789E-01  1.9982E-02  1.5466E+00  2.6910E-04
  2.2440E-02  7.4650E-02 -4.7715E-05  1.5789E-01  1.9982E-02  1.5466E+00  2.6996E-04
  2.2780E-02  7.5784E-02 -4.7568E-05  1.5789E-01  1.9982E-02  1.5466E+00  2.7082E-04
  2.3120E-02  7.6918E-02 -4.7422E-05  1.5789E-01  1.9982E-02  1.5466E+00  2.7168E-04
  2.3460E-02  7.8052E-02 -4.7275E-05  1.5789E-01  1.9982E-02  1.5466E+00  2.7254E-04
  2.3800E-02  7.9186E-02 -4.7129E-05  1.5789E-01  1.9982E-02  1.5466E+00  2.7340E-04
  2.4140E-02  8.0320E-02 -4.6982E-05  1.5789E-01  1.9982E-02  1.5466E+00  2.7426E-04
  2.4480E-02  8.1454E-02 -4.6836E-05  1.5789E-01  1.9982E-02  1.5466E+00  2.7512E-04
  2.4820E-02  8.2589E-02 -4.6690E-05  1.5789E-01  1.9982E-02  1.5466E+00  2.7598E-04
  2.5160E-02  8.3723E-02 -4.6543E-05  1.5789E-01  1.9982E-02  1.5466E+00  2.7684E-04
  2.5500E-02  8.4857E-02 -4.6397E-05  1.5789E-01  1.9982E-02  1.5466E+00  2.7770E-04
  2.5840E-02  8.5991E-02 -4.6250E-05  1.5789E-01  1.9982E-02  1.5466E+00  2.7856E-04
  2.6180E-02  8.7125E-02 -4.6104E-05  1.5790E-01  1.9982E-02  1.5466E+00  2.7942E-04
  2.6520E-02  8.8259E-02 -4.5957E-05  1.5790E-01  1.9982E-02  1.5466E+00  2.8028E-04
  2.6860E-02  8.9393E-02 -4.5811E-05  1.5790E-01  1.9982E-02  1.5466E+00  2.8114E-04
  2.7200E-02  9.0527E-02 -4.5664E-05  1.5790E-01  1.9982E-02  1.5466E+00  2.8200E-04
  2.7540E-02  9.1662E-02 -4.5518E-05  1.5790E-01  1.9982E-02  1.5466E+00  2.8286E-04
  2.7880E-02  9.2796E-02 -4.5371E-05  1.5790E-01  1.9982E-02  1.5466E+00  2.8372E-04
  2.8220E-02  9.3930E-02 -4.5225E-05  1.5790E-01  1.9982E-02  1.5466E+00  2.8458E-04
  2.8560E-02  9.5064E-02 -4.5078E-05  1.5790E-01  1.9982E-02  1.5466E+00  2.8544E-04
  2.8900E-02  9.6198E-02 -4.4932E-05  1.5790E-01  1.9982E-02  1.5466E+00  2.8629E-04
  2.9240E-02  9.7332E-02 -4.4785E-05  1.5790E-01  1.9982E-02  1.5466E+00  2.8715E-04
  2.9580E-02  9.8466E-02 -4.4639E-05  1.5790E-01  1.9982E-02  1.5466E+00  2.8801E-04
  2.9920E-02  9.9600E-02 -4.4493E-05  1.5790E-01  1.9982E-02  1.5466E+00  2.8887E-04
  3.0260E-02  1.0073E-01 -4.4346E-05  1.5790E-01  1.9982E-02  1.5466E+00  2.8973E-04
  3.0600E-02  1.0187E-01 -4.4200E-05  1.5790E-01  1.9982E-02  1.5466E+00  2.9059E-04
  3.0940E-02  1.0300E-01 -4.4053E-05  1.5790E-01  1.9982E-02  1.5466E+00  2.9145E-04
  3.1280E-02  1.0414E-01 -4.3907E-05  1.5790E-01  1.9982E-02  1.5466E+00  2.9231E-04
  3.1620E-02  1.0527E-01 -4.3760E-05  1.5790E-01  1.9982E-02  1.5466E+00  2.9317E-04
  3.1960E-02  1.0641E-01 -4.3614E-05  1.5790E-01  1.9982E-02  1.5466E+00  2.9403E-04
  3.2300E-02  1.0754E-01 -4.3467E-05  1.5790E-01  1.9982E-02  1.5466E+00  2.9489E-04
  3.2640E-02  1.0867E-01 -4.3321E-05  1.5790E-01  1.9982E-02  1.5466E+00  2.9575E-04
  3.2980E-02  1.0981E-01 -4.3174E-05  1.5790E-01  1.9982E-02  1.5466E+00  2.9661E-04
  3.3320E-02  1.1094E-01 -4.3028E-05  1.5790E-01  1.9982E-02  1.5466E+00  2.9747E-04
  3.3660E-02  1.1208E-01 -4.2881E-05  1.5790E-01  1.9982E-02  1.5466E+00  2.9833E-04
  3.4000E-02  1.1321E-01 -4.2735E-05  1.5790E-01  1.9982E-02  1.5466E+00  2.9919E-04
  3.4340E-02  1.1434E-01 -4.2588E-05  1.5790E-01  1.9982E-02  1.5466E+00  3.0005E-04
  3.4680E-02  1.1548E-01 -4.2442E-05  1.5790E-01  1.9982E-02  1.5466E+00  3.0091E-04
  3.5020E-02  1.1661E-01 -4.2296E-05  1.5790E-01  1.9982E-02  1.5466E+00  3.0177E-04
  3.5360E-02  1.1775E-01 -4.2149E-05  1.5790E-01  1.9982E-02  1.5466E+00  3.0263E-04
  3.5700E-02  1.1888E-01 -4.2003E-05  1.5790E-01  1.9982E-02  1.5466E+00  3.0349E-04
  3.6040E-02  1.2001E-01 -4.1856E-05  1.5790E-01  1.9982E-02  1.5466E+00  3.0435E-04
  3.6380E-02  1.2115E-01 -4.1710E-05  1.5790E-01  1.9982E-02  1.5466E+00  3.0521E-04
  3.6720E-02  1.2228E-01 -4.1563E-05  1.5790E-01  1.9982E-02  1.5466E+00  3.0606E-04
  3.7060E-02  1.2342E-01 -4.1417E-05  1.5790E-01  1.9982E-02  1.5466E+00  3.0692E-04
  3.7400E-02  1.2455E-01 -4.1270E-05  1.5790E-01  1.9982E-02  1.5466E+00  3.0778E-04
  3.7740E-02  1.2569E-01 -4.1124E-05  1.5790E-01  1.9982E-02  1.5466E+00  3.0864E-04
  3.8080E-02  1.2682E-01 -4.0977E-05  1.5790E-01  1.9982E-02  1.5466E+00  3.0950E-04
  3.8420E-02  1.2795E-01 -4.0831E-05  1.5790E-01  1.9982E-02  1.5466E+00  3.1036E-04
  3.8760E-02  1.2909E-01 -4.0684E-05  1.5790E-01  1.9982E-02  1.5466E+00  3.1122E-04
  3.9100E-02  1.3022E-01 -4.0538E-05  1.5790E-01  1.9982E-02  1.5466E+00  3.1208E-04
  3.9440E-02  1.3136E-01 -4.0391E-05  1.5790E-01  1.9982E-02  1.5466E+00  3.1294E-04
  3.9780E-02  1.3249E-01 -4.0245E-05  1.5790E-01  1.9982E-02  1.5466E+00  3.1380E-04
  4.0120E-02  1.3362E-01 -4.0099E-05  1.5790E-01  1.9982E-02  1.5466E+00  3.1466E-04
  4.0460E-02  1.3476E-01 -3.9952E-05  1.5790E-01  1.9982E-02  1.5466E+00  3.1552E-04
  4.0800E-02  1.3589E-01 -3.9806E-05  1.5790E-01  1.9982E-02  1.5466E+00  3.1638E-04
  4.1140E-02  1.3703E-01 -3.9659E-05  1.5790E-01  1.9982E-02  1.5466E+00  3.1724E-04
  4.1480E-02  1.3816E-01 -3.9513E-05  1.5790E-01  1.9982E-02  1.5466E+00  3.1810E-04
  4.1820E-02  1.3929E-01 -3.9366E-05  1.5790E-01  1.9982E-02  1.5466E+00  3.1896E-04
  4.2160E-02  1.4043E-01 -3.9220E-05  1.5790E-01  1.9982E-02  1.5466E+00  3.1982E-04
  4.2500E-02  1.4156E-01 -3.9073E-05  1.5790E-01  1.9982E-02  1.5466E+00  3.2068E-04
  4.2840E-02  1.4270E-01 -3.8927E-05  1.5790E-01  1.9982E-02  1.5466E+00  3.2154E-04
  4.3180E-02  1.4383E-01 -3.8780E-05  1.5790E-01  1.9982E-02  1.5466E+00  3.2240E-04
  4.3520E-02  1.4497E-01 -3.8634E-05  1.5790E-01  1.9982E-02  1.5466E+00  3.2326E-04
  4.3860E-02  1.4610E-01 -3.8487E-05  1.5790E-01  1.9982E-02  1.5466E+00  3.2412E-04
  4.4200E-02  1.4723E-01 -3.8341E-05  1.5790E-01  1.9982E-02  1.5466E+00  3.2497E-04
  4.4540E-02  1.4837E-01 -3.8194E-05  1.5790E-01  1.9982E-02  1.5466E+00  3.2583E-04
  4.4880E-02  1.4950E-01 -3.8048E-05  1.5790E-01  1.9982E-02  1.5466E+00  3.2669E-04
  4.5220E-02  1.5064E-01 -3.7902E-05  1.5790E-01  1.9982E-02  1.5466E+00  3.2755E-04
  4.5560E-02  1.5177E-01 -3.7755E-05  1.5790E-01  1.9982E-02  1.5466E+00  3.2841E-04
  4.5900E-02  1.5290E-01 -3.7609E-05  1.5790E-01  1.9982E-02  1.5466E+00  3.2927E-04
  4.6240E-02  1.5404E-01 -3.7462E-05  1.5790E-01  1.9982E-02  1.5466E+00  3.3013E-04
  4.6580E-02  1.5517E-01 -3.7316E-05  1.5790E-01  1.9982E-02  1.5466E+00  3.3099E-04
  4.6920E-02  1.5631E-01 -3.7169E-05  1.5790E-01  1.9982E-02  1.5466E+00  3.3185E-04
  4.7260E-02  1.5744E-01 -3.7023E-05  1.5790E-01  1.9982E-02  1.5466E+00  3.3271E-04
  4.7600E-02  1.5857E-01 -3.6876E-05  1.5790E-01  1.9982E-02  1.5466E+00  3.3357E-04
  4.7940E-02  1.5971E-01 -3.6730E-05  1.5790E-01  1.9982E-02  1.5466E+00  3.3443E-04
  4.8280E-02  1.6084E-01 -3.6583E-05  1.5790E-01  1.9982E-02  1.5466E+00  3.3529E-04
  4.8620E-02  1.6198E-01 -3.6437E-05  1.5790E-01  1.9982E-02  1.5466E+00  3.3615E-04
  4.8960E-02  1.6311E-01 -3.6290E-05  1.5790E-01  1.9982E-02  1.5466E+00  3.3701E-04
  4.9300E-02  1.6425E-01 -3.6144E-05  1.5790E-01  1.9982E-02  1.5466E+00  3.3787E-04
  4.9640E-02  1.6538E-01 -3.5998E-05  1.5790E-01  1.9982E-02  1.5466E+00  3.3873E-04
  4.9980E-02  1.6651E-01 -3.5851E-05  1.5790E-01  1.9982E-02  1.5466E+00  3.3959E-04
  5.0320E-02  1.6765E-01 -3.5705E-05  1.5790E-01  1.9982E-02  1.5466E+00  3.4045E-04
  5.0660E-02  1.6878E-01 -3.5558E-05  1.5790E-01  1.9982E-02  1.5466E+00  3.4131E-04
  5.1000E-02  1.6992E-01 -3.5412E-05  1.5790E-01  1.9982E-02  1.5466E+00  3.4216E-04
  5.1340E-02  1.7105E-01 -3.5265E-05  1.5790E-01  1.9982E-02  1.5466E+00  3.4302E-04
  5.1680E-02  1.7218E-01 -3.5119E-05  1.5790E-01  1.9982E-02  1.5466E+00  3.4388E-04
  5.2020E-02  1.7332E-01 -3.4972E-05  1.5790E-01  1.9982E-02  1.5466E+00  3.4474E-04
  5.2360E-02  1.7445E-01 -3.4826E-05  1.5790E-01  1.9982E-02  1.5466E+00  3.4560E-04
  5.2700E-02  1.7559E-01 -3.4679E-05  1.5790E-01  1.9982E-02  1.5466E+00  3.4646E-04
  5.3040E-02  1.7672E-01 -3.4533E-05  1.5790E-01  1.9982E-02  1.5466E+00  3.4732E-04
  5.3380E-02  1.7785E-01 -3.4386E-05  1.5790E-01  1.9982E-02  1.5466E+00  3.4818E-04
  5.3720E-02  1.7899E-01 -3.4240E-05  1.5790E-01  1.9982E-02  1.5466E+00  3.4904E-04
  5.4060E-02  1.8012E-01 -3.4093E-05  1.5790E-01  1.9982E-02  1.5466E+00  3.4990E-04
  5.4400E-02  1.8126E-01 -3.3947E-05  1.5790E-01  1.9982E-02  1.5466E+00  3.5076E-04
  5.4740E-02  1.8239E-01 -3.3801E-05  1.5790E-01  1.9982E-02  1.5466E+00  3.5162E-04
  5.5080E-02  1.8353E-01 -3.3654E-05  1.5790E-01  1.9982E-02  1.5466E+00  3.5248E-04
  5.5420E-02  1.8466E-01 -3.3508E-05  1.5790E-01  1.9982E-02  1.5466E+00  3.5334E-04
  5.5760E-02  1.8579E-01 -3.3361E-05  1.5790E-01  1.9982E-02  1.5466E+00  3.5420E-04
  5.6100E-02  1.8693E-01 -3.3215E-05  1.5790E-01  1.9982E-02  1.5466E+00  3.5506E-04
  5.6440E-02  1.8806E-01 -3.3068E-05  1.5790E-01  1.9982E-02  1.5466E+00  3.5592E-04
  5.6780E-02  1.8920E-01 -3.2922E-05  1.5790E-01  1.9982E-02  1.5466E+00  3.5678E-04
  5.7120E-02  1.9033E-01 -3.2775E-05  1.5790E-01  1.9982E-02  1.5466E+00  3.5763E-04
  5.7460E-02  1.9146E-01 -3.2629E-05  1.5791E-01  1.9982E-02  1.5466E+00  3.5849E-04
  5.7800E-02  1.9260E-01 -3.2482E-05  1.5791E-01  1.9982E-02  1.5466E+00  3.5935E-04
  5.8140E-02  1.9373E-01 -3.2336E-05  1.5791E-01  1.9982E-02  1.5466E+00  3.6021E-04
  5.8480E-02  1.9487E-01 -3.2189E-05  1.5791E-01  1.9982E-02  1.5466E+00  3.6107E-04
  5.8820E-02  1.9600E-01 -3.2043E-05  1.5791E-01  1.9982E-02  1.5466E+00  3.6193E-04
  5.9160E-02  1.9713E-01 -3.1896E-05  1.5791E-01  1.9982E-02  1.5466E+00  3.6279E-04
  5.9500E-02  1.9827E-01 -3.1750E-05  1.5791E-01  1.9982E-02  1.5466E+00  3.6365E-04
  5.9840E-02  1.9940E-01 -3.1604E-05  1.5791E-01  1.9982E-02  1.5466E+00  3.6451E-04
  6.0180E-02  2.0054E-01 -3.1457E-05  1.5791E-01  1.9982E-02  1.5466E+00  3.6537E-04
  6.0520E-02  2.0167E-01 -3.1311E-05  1.5791E-01  1.9982E-02  1.5466E+00  3.6623E-04
  6.0860E-02  2.0281E-01 -3.1164E-05  1.5791E-01  1.9982E-02  1.5466E+00  3.6709E-04
  6.1200E-02  2.0394E-01 -3.1018E-05  1.5791E-01  1.9982E-02  1.5466E+00  3.6795E-04
  6.1540E-02  2.0507E-01 -3.0871E-05  1.5791E-01  1.9982E-02  1.5466E+00  3.6881E-04
  6.1880E-02  2.0621E-01 -3.0725E-05  1.5791E-01  1.9982E-02  1.5466E+00  3.6967E-04
  6.2220E-02  2.0734E-01 -3.0578E-05  1.5791E-01  1.9982E-02  1.5466E+00  3.7053E-04
  6.2560E-02  2.0848E-01 -3.0432E-05  1.5791E-01  1.9982E-02  1.5466E+00  3.7139E-04
  6.2900E-02  2.0961E-01 -3.0285E-05  1.5791E-01  1.9982E-02  1.5466E+00  3.7225E-04
  6.3240E-02  2.1074E-01 -3.0139E-05  1.5791E-01  1.9982E-02  1.5466E+00  3.7310E-04
  6.3580E-02  2.1188E-01 -2.9992E-05  1.5791E-01  1.9982E-02  1.5466E+00  3.7396E-04
  6.3920E-02  2.1301E-01 -2.9846E-05  1.5791E-01  1.9982E-02  1.5466E+00  3.7482E-04
  6.4260E-02  2.1415E-01 -2.9699E-05  1.5791E-01  1.9982E-02  1.5466E+00  3.7568E-04
  6.4600E-02  2.1528E-01 -2.9553E-05  1.5791E-01  1.9982E-02  1.5466E+00  3.7654E-04
  6.4940E-02  2.1641E-01 -2.9407E-05  1.5791E-01  1.9982E-02  1.5466E+00  3.7740E-04
  6.5280E-02  2.1755E-01 -2.9260E-05  1.5791E-01  1.9982E-02  1.5466E+00  3.7826E-04
  6.5620E-02  2.1868E-01 -2.9114E-05  1.5791E-01  1.9982E-02  1.5466E+00  3.7912E-04
  6.5960E-02  2.1982E-01 -2.8967E-05  1.5791E-01  1.9982E-02  1.5466E+00  3.7998E-04
  6.6300E-02  2.2095E-01 -2.8821E-05  1.5791E-01  1.9982E-02  1.5466E+00  3.8084E-04
  6.6640E-02  2.2209E-01 -2.8674E-05  1.5791E-01  1.9982E-02  1.5466E+00  3.8170E-04
  6.6980E-02  2.2322E-01 -2.8528E-05  1.5791E-01  1.9982E-02  1.5466E+00  3.8256E-04
  6.7320E-02  2.2435E-01 -2.8381E-05  1.5791E-01  1.9982E-02  1.5466E+00  3.8342E-04
  6.7660E-02  2.2549E-01 -2.8235E-05  1.5791E-01  1.9982E-02  1.5466E+00  3.8428E-04
  6.8000E-02  2.2662E-01 -2.8088E-05  1.5791E-01  1.9982E-02  1.5466E+00  3.8514E-04
  6.8340E-02  2.2776E-01 -2.7942E-05  1.5791E-01  1.9982E-02  1.5466E+00  3.8600E-04
  6.8680E-02  2.2889E-01 -2.7795E-05  1.5791E-01  1.9982E-02  1.5466E+00  3.8685E-04
  6.9020E-02  2.3002E-01 -2.7649E-05  1.5791E-01  1.9982E-02  1.5466E+00  3.8771E-04
  6.9360E-02  2.3116E-01 -2.7502E-05  1.5791E-01  1.9982E-02  1.5466E+00  3.8857E-04
  6.9700E-02  2.3229E-01 -2.7356E-05  1.5791E-01  1.9982E-02  1.5466E+00  3.8943E-04
  7.0040E-02  2.3343E-01 -2.7210E-05  1.5791E-01  1.9982E-02  1.5466E+00  3.9029E-04
  7.0380E-02  2.3456E-01 -2.7063E-05  1.5791E-01  1.9982E-02  1.5466E+00  3.9115E-04
  7.0720E-02  2.3569E-01 -2.6917E-05  1.5791E-01  1.9982E-02  1.5466E+00  3.9201E-04
  7.1060E-02  2.3683E-01 -2.6770E-05  1.5791E-01  1.9982E-02  1.5466E+00  3.9287E-04
  7.1400E-02  2.3796E-01 -2.6624E-05  1.5791E-01  1.9982E-02  1.5466E+00  3.9373E-04
  7.1740E-02  2.3910E-01 -2.6477E-05  1.5791E-01  1.9982E-02  1.5466E+00  3.9459E-04
  7.2080E-02  2.4023E-01 -2.6331E-05  1.5791E-01  1.9982E-02  1.5466E+00  3.9545E-04
  7.2420E-02  2.4137E-01 -2.6184E-05  1.5791E-01  1.9982E-02  1.5466E+00  3.9631E-04
  7.2760E-02  2.4250E-01 -2.6038E-05  1.5791E-01  1.9982E-02  1.5466E+00  3.9717E-04
  7.3100E-02  2.4363E-01 -2.5891E-05  1.5791E-01  1.9982E-02  1.5466E+00  3.9803E-04
  7.3440E-02  2.4477E-01 -2.5745E-05  1.5791E-01  1.9982E-02  1.5466E+00  3.9889E-04
  7.3780E-02  2.4590E-01 -2.5598E-05  1.5791E-01  1.9982E-02  1.5466E+00  3.9975E-04
  7.4120E-02  2.4704E-01 -2.5452E-05  1.5791E-01  1.9982E-02  1.5466E+00  4.0060E-04
  7.4460E-02  2.4817E-01 -2.5306E-05  1.5791E-01  1.9982E-02  1.5466E+00  4.0146E-04
  7.4800E-02  2.4930E-01 -2.5159E-05  1.5791E-01  1.9982E-02  1.5466E+00  4.0232E-04
  7.5140E-02  2.5044E-01 -2.5013E-05  1.5791E-01  1.9982E-02  1.5466E+00  4.0318E-04
  7.5480E-02  2.5157E-01 -2.4866E-05  1.5791E-01  1.9982E-02  1.5466E+00  4.0404E-04
  7.5820E-02  2.5271E-01 -2.4720E-05  1.5791E-01  1.9982E-02  1.5466E+00  4.0490E-04
  7.6160E-02  2.5384E-01 -2.4573E-05  1.5791E-01  1.9982E-02  1.5466E+00  4.0576E-04
  7.6500E-02  2.5497E-01 -2.4427E-05  1.5791E-01  1.9982E-02  1.5466E+00  4.0662E-04
  7.6840E-02  2.5611E-01 -2.4280E-05  1.5791E-01  1.9982E-02  1.5466E+00  4.0748E-04
  7.7180E-02  2.5724E-01 -2.4134E-05  1.5791E-01  1.9982E-02  1.5466E+00  4.0834E-04
  7.7520E-02  2.5838E-01 -2.3987E-05  1.5791E-01  1.9982E-02  1.5466E+00  4.0920E-04
  7.7860E-02  2.5951E-01 -2.3841E-05  1.5791E-01  1.9982E-02  1.5466E+00  4.1006E-04
  7.8200E-02  2.6065E-01 -2.3694E-05  1.5791E-01  1.9982E-02  1.5466E+00  4.1092E-04
  7.8540E-02  2.6178E-01 -2.3548E-05  1.5791E-01  1.9982E-02  1.5466E+00  4.1178E-04
  7.8880E-02  2.6291E-01 -2.3401E-05  1.5791E-01  1.9982E-02  1.5466E+00  4.1264E-04
  7.9220E-02  2.6405E-01 -2.3255E-05  1.5791E-01  1.9982E-02  1.5466E+00  4.1349E-04
  7.9560E-02  2.6518E-01 -2.3109E-05  1.5791E-01  1.9982E-02  1.5466E+00  4.1435E-04
  7.9900E-02  2.6632E-01 -2.2962E-05  1.5791E-01  1.9982E-02  1.5466E+00  4.1521E-04
  8.0240E-02  2.6745E-01 -2.2816E-05  1.5791E-01  1.9982E-02  1.5466E+00  4.1607E-04
  8.0580E-02  2.6858E-01 -2.2669E-05  1.5791E-01  1.9982E-02  1.5466E+00  4.1693E-04
  8.0920E-02  2.6972E-01 -2.2523E-05  1.5791E-01  1.9982E-02  1.5466E+00  4.1779E-04
  8.1260E-02  2.7085E-01 -2.2376E-05  1.5791E-01  1.9982E-02  1.5466E+00  4.1865E-04
  8.1600E-02  2.7199E-01 -2.2230E-05  1.5791E-01  1.9982E-02  1.5466E+00  4.1951E-04
  8.1940E-02  2.7312E-01 -2.2083E-05  1.5791E-01  1.9982E-02  1.5466E+00  4.2037E-04
  8.2280E-02  2.7425E-01 -2.1937E-05  1.5791E-01  1.9982E-02  1.5466E+00  4.2123E-04
  8.2620E-02  2.7539E-01 -2.1790E-05  1.5791E-01  1.9982E-02  1.5466E+00  4.2209E-04
  8.2960E-02  2.7652E-01 -2.1644E-05  1.5791E-01  1.9982E-02  1.5466E+00  4.2295E-04
  8.3300E-02  2.7766E-01 -2.1497E-05  1.5792E-01  1.9982E-02  1.5466E+00  4.2381E-04
  8.3640E-02  2.7879E-01 -2.1351E-05  1.5792E-01  1.9982E-02  1.5466E+00  4.2467E-04
  8.3980E-02  2.7993E-01 -2.1204E-05  1.5792E-01  1.9982E-02  1.5466E+00  4.2552E-04
  8.4320E-02  2.8106E-01 -2.1058E-05  1.5792E-01  1.9982E-02  1.5466E+00  4.2638E-04
  8.4660E-02  2.8219E-01 -2.0912E-05  1.5792E-01  1.9982E-02  1.5466E+00  4.2724E-04
  8.5000E-02  2.8333E-01 -2.0765E-05  1.5792E-01  1.9982E-02  1.5466E+00  4.2810E-04
  8.5340E-02  2.8446E-01 -2.0619E-05  1.5792E-01  1.9982E-02  1.5466E+00  4.2896E-04
  8.5680E-02  2.8560E-01 -2.0472E-05  1.5792E-01  1.9982E-02  1.5466E+00  4.2982E-04
  8.6020E-02  2.8673E-01 -2.0326E-05  1.5792E-01  1.9982E-02  1.5466E+00  4.3068E-04
  8.6360E-02  2.8786E-01 -2.0179E-05  1.5792E-01  1.9982E-02  1.5466E+00  4.3154E-04
  8.6700E-02  2.8900E-01 -2.0033E-05  1.5792E-01  1.9982E-02  1.5466E+00  4.3240E-04
  8.7040E-02  2.9013E-01 -1.9886E-05  1.5792E-01  1.9982E-02  1.5466E+00  4.3326E-04
  8.7380E-02  2.9127E-01 -1.9740E-05  1.5792E-01  1.9982E-02  1.5466E+00  4.3412E-04
  8.7720E-02  2.9240E-01 -1.9593E-05  1.5792E-01  1.9982E-02  1.5466E+00  4.3498E-04
  8.8060E-02  2.9353E-01 -1.9447E-05  1.5792E-01  1.9982E-02  1.5466E+00  4.3584E-04
  8.8400E-02  2.9467E-01 -1.9300E-05  1.5792E-01  1.9982E-02  1.5466E+00  4.3669E-04
  8.8740E-02  2.9580E-01 -1.9154E-05  1.5792E-01  1.9982E-02  1.5466E+00  4.3755E-04
  8.9080E-02  2.9694E-01 -1.9007E-05  1.5792E-01  1.9982E-02  1.5466E+00  4.3841E-04
  8.9420E-02  2.9807E-01 -1.8861E-05  1.5792E-01  1.9982E-02  1.5466E+00  4.3927E-04
  8.9760E-02  2.9921E-01 -1.8715E-05  1.5792E-01  1.9982E-02  1.5466E+00  4.4013E-04
  9.0100E-02  3.0034E-01 -1.8568E-05  1.5792E-01  1.9982E-02  1.5466E+00  4.4099E-04
  9.0440E-02  3.0147E-01 -1.8422E-05  1.5792E-01  1.9982E-02  1.5466E+00  4.4185E-04
  9.0780E-02  3.0261E-01 -1.8275E-05  1.5792E-01  1.9982E-02  1.5466E+00  4.4271E-04
  9.1120E-02  3.0374E-01 -1.8129E-05  1.5792E-01  1.9982E-02  1.5466E+00  4.4357E-04
  9.1460E-02  3.0488E-01 -1.7982E-05  1.5792E-01  1.9982E-02  1.5466E+00  4.4443E-04
  9.1800E-02  3.0601E-01 -1.7836E-05  1.5792E-01  1.9982E-02  1.5466E+00  4.4529E-04
  9.2140E-02  3.0714E-01 -1.7689E-05  1.5792E-01  1.9982E-02  1.5466E+00  4.4615E-04
  9.2480E-02  3.0828E-01 -1.7543E-05  1.5792E-01  1.9982E-02  1.5466E+00  4.4701E-04
  9.2820E-02  3.0941E-01 -1.7396E-05  1.5792E-01  1.9982E-02  1.5466E+00  4.4786E-04
  9.3160E-02  3.1055E-01 -1.7250E-05  1.5792E-01  1.9982E-02  1.5466E+00  4.4872E-04
  9.3500E-02  3.1168E-01 -1.7103E-05  1.5792E-01  1.9982E-02  1.5466E+00  4.4958E-04
  9.3840E-02  3.1281E-01 -1.6957E-05  1.5792E-01  1.9982E-02  1.5466E+00  4.5044E-04
  9.4180E-02  3.1395E-01 -1.6810E-05  1.5792E-01  1.9982E-02  1.5466E+00  4.5130E-04
  9.4520E-02  3.1508E-01 -1.6664E-05  1.5792E-01  1.9982E-02  1.5466E+00  4.5216E-04
  9.4860E-02  3.1622E-01 -1.6518E-05  1.5792E-01  1.9982E-02  1.5466E+00  4.5302E-04
  9.5200E-02  3.1735E-01 -1.6371E-05  1.5792E-01  1.9982E-02  1.5466E+00  4.5388E-04
  9.5540E-02  3.1849E-01 -1.6225E-05  1.5792E-01  1.9982E-02  1.5466E+00  4.5474E-04
  9.5880E-02  3.1962E-01 -1.6078E-05  1.5792E-01  1.9982E-02  1.5466E+00  4.5560E-04
  9.6220E-02  3.2075E-01 -1.5932E-05  1.5792E-01  1.9982E-02  1.5466E+00  4.5646E-04
  9.6560E-02  3.2189E-01 -1.5785E-05  1.5792E-01  1.9982E-02  1.5466E+00  4.5732E-04
  9.6900E-02  3.2302E-01 -1.5639E-05  1.5792E-01  1.9982E-02  1.5466E+00  4.5818E-04
  9.7240E-02  3.2416E-01 -1.5492E-05  1.5792E-01  1.9982E-02  1.5466E+00  4.5903E-04
  9.7580E-02  3.2529E-01 -1.5346E-05  1.5792E-01  1.9982E-02  1.5466E+00  4.5989E-04
  9.7920E-02  3.2642E-01 -1.5199E-05  1.5792E-01  1.9982E-02  1.5466E+00  4.6075E-04
  9.8260E-02  3.2756E-01 -1.5053E-05  1.5792E-01  1.9982E-02  1.5466E+00  4.6161E-04
  9.8597E-02  3.2869E-01 -1.4936E-05  1.5808E-01  2.0002E-02  1.5497E+00  4.6293E-04
  9.8940E-02  3.2984E-01 -1.4788E-05  1.5808E-01  2.0002E-02  1.5497E+00  4.6380E-04
  9.9280E-02  3.3098E-01 -4.4323E-03  1.2370E-01  2.0022E-02  1.2136E+00  6.1046E-04
  9.9620E-02  3.3211E-01 -4.4322E-03  1.2370E-01  2.0022E-02  1.2136E+00  6.1156E-04
  9.9960E-02  3.3325E-01 -4.4320E-03  1.2370E-01  2.0022E-02  1.2136E+00  6.1266E-04
  1.0030E-01  3.3438E-01 -4.4319E-03  1.2370E-01  2.0022E-02  1.2136E+00  6.1377E-04
  1.0064E-01  3.3551E-01 -4.4318E-03  1.2370E-01  2.0022E-02  1.2136E+00  6.1487E-04
  1.0098E-01  3.3665E-01 -4.4316E-03  1.2370E-01  2.0022E-02  1.2136E+00  6.1597E-04
  1.0132E-01  3.3777E-01 -4.1623E-04  8.5460E-02  2.0042E-02  8.3887E-01  8.7460E-04
  1.0166E-01  3.3891E-01 -4.1608E-04  8.5460E-02  2.0042E-02  8.3887E-01  8.7620E-04
  1.0200E-01  3.4004E-01 -4.1594E-04  8.5460E-02  2.0042E-02  8.3887E-01  8.7779E-04
  1.0234E-01  3.4118E-01 -4.1579E-04  8.5461E-02  2.0042E-02  8.3887E-01  8.7939E-04
  1.0268E-01  3.4231E-01 -4.1564E-04  8.5461E-02  2.0042E-02  8.3887E-01  8.8098E-04
  1.0302E-01  3.4345E-01 -4.1549E-04  8.5461E-02  2.0042E-02  8.3887E-01  8.8258E-04
  1.0336E-01  3.4458E-01 -4.1535E-04  8.5462E-02  2.0042E-02  8.3887E-01  8.8417E-04
  1.0370E-01  3.4571E-01 -4.1520E-04  8.5462E-02  2.0042E-02  8.3887E-01  8.8577E-04
  1.0404E-01  3.4685E-01 -4.1505E-04  8.5462E-02  2.0042E-02  8.3887E-01  8.8736E-04
  1.0438E-01  3.4798E-01 -4.1490E-04  8.5462E-02  2.0042E-02  8.3887E-01  8.8896E-04
  1.0472E-01  3.4912E-01 -4.1476E-04  8.5463E-02  2.0042E-02  8.3887E-01  8.9055E-04
  1.0506E-01  3.5025E-01 -4.1461E-04  8.5463E-02  2.0042E-02  8.3887E-01  8.9215E-04
  1.0540E-01  3.5138E-01 -4.1446E-04  8.5463E-02  2.0042E-02  8.3887E-01  8.9374E-04
  1.0574E-01  3.5252E-01 -4.1432E-04  8.5464E-02  2.0042E-02  8.3887E-01  8.9534E-04
  1.0608E-01  3.5365E-01 -4.1417E-04  8.5464E-02  2.0042E-02  8.3887E-01  8.9693E-04
  1.0642E-01  3.5479E-01 -4.1402E-04  8.5464E-02  2.0042E-02  8.3887E-01  8.9852E-04
  1.0676E-01  3.5592E-01 -4.1387E-04  8.5465E-02  2.0042E-02  8.3887E-01  9.0012E-04
  1.0710E-01  3.5705E-01 -4.1373E-04  8.5465E-02  2.0042E-02  8.3887E-01  9.0171E-04
  1.0744E-01  3.5819E-01 -4.1358E-04  8.5465E-02  2.0042E-02  8.3887E-01  9.0331E-04
  1.0778E-01  3.5932E-01 -4.1343E-04  8.5466E-02  2.0042E-02  8.3887E-01  9.0490E-04
  1.0812E-01  3.6046E-01 -4.1328E-04  8.5466E-02  2.0042E-02  8.3887E-01  9.0650E-04
  1.0846E-01  3.6159E-01 -4.1314E-04  8.5466E-02  2.0042E-02  8.3887E-01  9.0809E-04
  1.0880E-01  3.6273E-01 -4.1299E-04  8.5466E-02  2.0042E-02  8.3887E-01  9.0969E-04
  1.0914E-01  3.6386E-01 -4.1284E-04  8.5467E-02  2.0042E-02  8.3887E-01  9.1128E-04
  1.0948E-01  3.6499E-01 -4.1269E-04  8.5467E-02  2.0042E-02  8.3887E-01  9.1288E-04
  1.0982E-01  3.6613E-01 -4.1255E-04  8.5467E-02  2.0042E-02  8.3887E-01  9.1447E-04
  1.1016E-01  3.6726E-01 -4.1240E-04  8.5468E-02  2.0042E-02  8.3887E-01  9.1607E-04
  1.1050E-01  3.6840E-01 -4.1225E-04  8.5468E-02  2.0042E-02  8.3887E-01  9.1766E-04
  1.1084E-01  3.6953E-01 -4.1211E-04  8.5468E-02  2.0042E-02  8.3887E-01  9.1926E-04
  1.1118E-01  3.7066E-01 -4.1196E-04  8.5469E-02  2.0042E-02  8.3887E-01  9.2085E-04
  1.1152E-01  3.7180E-01 -4.1181E-04  8.5469E-02  2.0042E-02  8.3887E-01  9.2245E-04
  1.1186E-01  3.7293E-01 -4.1166E-04  8.5469E-02  2.0042E-02  8.3887E-01  9.2404E-04
  1.1220E-01  3.7407E-01 -4.1152E-04  8.5470E-02  2.0042E-02  8.3887E-01  9.2563E-04
  1.1254E-01  3.7520E-01 -4.1137E-04  8.5470E-02  2.0042E-02  8.3887E-01  9.2723E-04
  1.1288E-01  3.7633E-01 -4.1122E-04  8.5470E-02  2.0042E-02  8.3887E-01  9.2882E-04
  1.1322E-01  3.7747E-01 -4.1107E-04  8.5471E-02  2.0042E-02  8.3887E-01  9.3042E-04
  1.1356E-01  3.7860E-01 -4.1093E-04  8.5471E-02  2.0042E-02  8.3887E-01  9.3201E-04
  1.1390E-01  3.7974E-01 -4.1078E-04  8.5471E-02  2.0042E-02  8.3887E-01  9.3361E-04
  1.1424E-01  3.8087E-01 -4.1063E-04  8.5471E-02  2.0042E-02  8.3887E-01  9.3520E-04
  1.1458E-01  3.8201E-01 -4.1048E-04  8.5472E-02  2.0042E-02  8.3887E-01  9.3680E-04
  1.1492E-01  3.8314E-01 -4.1034E-04  8.5472E-02  2.0042E-02  8.3887E-01  9.3839E-04
  1.1526E-01  3.8427E-01 -4.1019E-04  8.5472E-02  2.0042E-02  8.3887E-01  9.3998E-04
  1.1560E-01  3.8541E-01 -4.1004E-04  8.5473E-02  2.0042E-02  8.3887E-01  9.4158E-04
  1.1594E-01  3.8654E-01 -4.0989E-04  8.5473E-02  2.0042E-02  8.3887E-01  9.4317E-04
  1.1628E-01  3.8768E-01 -4.0975E-04  8.5473E-02  2.0042E-02  8.3887E-01  9.4477E-04
  1.1662E-01  3.8881E-01 -4.0960E-04  8.5474E-02  2.0042E-02  8.3887E-01  9.4636E-04
  1.1696E-01  3.8994E-01 -4.0945E-04  8.5474E-02  2.0042E-02  8.3887E-01  9.4796E-04
  1.1730E-01  3.9108E-01 -4.0931E-04  8.5474E-02  2.0042E-02  8.3887E-01  9.4955E-04
  1.1764E-01  3.9221E-01 -4.0916E-04  8.5475E-02  2.0042E-02  8.3887E-01  9.5114E-04
  1.1798E-01  3.9335E-01 -4.0901E-04  8.5475E-02  2.0042E-02  8.3887E-01  9.5274E-04
  1.1832E-01  3.9448E-01 -4.0886E-04  8.5475E-02  2.0042E-02  8.3887E-01  9.5433E-04
  1.1866E-01  3.9561E-01 -4.0872E-04  8.5476E-02  2.0042E-02  8.3887E-01  9.5593E-04
  1.1900E-01  3.9675E-01 -4.0857E-04  8.5476E-02  2.0042E-02  8.3887E-01  9.5752E-04
  1.1934E-01  3.9788E-01 -4.0842E-04  8.5476E-02  2.0042E-02  8.3887E-01  9.5911E-04
  1.1968E-01  3.9902E-01 -4.0827E-04  8.5477E-02  2.0042E-02  8.3887E-01  9.6071E-04
  1.2002E-01  4.0015E-01 -4.0813E-04  8.5477E-02  2.0042E-02  8.3887E-01  9.6230E-04
  1.2036E-01  4.0129E-01 -4.0798E-04  8.5477E-02  2.0042E-02  8.3887E-01  9.6390E-04
  1.2070E-01  4.0242E-01 -4.0783E-04  8.5478E-02  2.0042E-02  8.3887E-01  9.6549E-04
  1.2104E-01  4.0355E-01 -4.0768E-04  8.5478E-02  2.0042E-02  8.3887E-01  9.6709E-04
  1.2138E-01  4.0469E-01 -4.0754E-04  8.5478E-02  2.0042E-02  8.3887E-01  9.6868E-04
  1.2172E-01  4.0582E-01 -4.0739E-04  8.5479E-02  2.0042E-02  8.3887E-01  9.7027E-04
  1.2206E-01  4.0696E-01 -4.0724E-04  8.5479E-02  2.0042E-02  8.3887E-01  9.7187E-04
  1.2240E-01  4.0809E-01 -4.0710E-04  8.5479E-02  2.0042E-02  8.3887E-01  9.7346E-04
  1.2274E-01  4.0922E-01 -4.0695E-04  8.5480E-02  2.0042E-02  8.3887E-01  9.7506E-04
  1.2308E-01  4.1036E-01 -4.0680E-04  8.5480E-02  2.0042E-02  8.3887E-01  9.7665E-04
  1.2342E-01  4.1149E-01 -4.0665E-04  8.5480E-02  2.0042E-02  8.3887E-01  9.7824E-04
  1.2376E-01  4.1263E-01 -4.0651E-04  8.5481E-02  2.0042E-02  8.3887E-01  9.7984E-04
  1.2410E-01  4.1376E-01 -4.0636E-04  8.5481E-02  2.0042E-02  8.3887E-01  9.8143E-04
  1.2444E-01  4.1489E-01 -4.0621E-04  8.5481E-02  2.0042E-02  8.3887E-01  9.8302E-04
  1.2478E-01  4.1603E-01 -4.0606E-04  8.5482E-02  2.0042E-02  8.3887E-01  9.8462E-04
  1.2512E-01  4.1716E-01 -4.0592E-04  8.5482E-02  2.0042E-02  8.3887E-01  9.8621E-04
  1.2546E-01  4.1830E-01 -4.0577E-04  8.5482E-02  2.0042E-02  8.3887E-01  9.8781E-04
  1.2580E-01  4.1943E-01 -4.0562E-04  8.5483E-02  2.0042E-02  8.3887E-01  9.8940E-04
  1.2614E-01  4.2057E-01 -4.0547E-04  8.5483E-02  2.0042E-02  8.3887E-01  9.9099E-04
  1.2648E-01  4.2170E-01 -4.0533E-04  8.5483E-02  2.0042E-02  8.3887E-01  9.9259E-04
  1.2682E-01  4.2283E-01 -4.0518E-04  8.5484E-02  2.0042E-02  8.3887E-01  9.9418E-04
  1.2716E-01  4.2397E-01 -4.0503E-04  8.5484E-02  2.0042E-02  8.3887E-01  9.9577E-04
  1.2750E-01  4.2510E-01 -4.0488E-04  8.5484E-02  2.0042E-02  8.3887E-01  9.9737E-04
  1.2784E-01  4.2624E-01 -4.0474E-04  8.5485E-02  2.0042E-02  8.3887E-01  9.9896E-04
  1.2818E-01  4.2737E-01 -4.0459E-04  8.5485E-02  2.0042E-02  8.3887E-01  1.0006E-03
  1.2852E-01  4.2850E-01 -4.0444E-04  8.5485E-02  2.0042E-02  8.3887E-01  1.0021E-03
  1.2886E-01  4.2964E-01 -4.0430E-04  8.5486E-02  2.0042E-02  8.3887E-01  1.0037E-03
  1.2920E-01  4.3077E-01 -4.0415E-04  8.5486E-02  2.0042E-02  8.3887E-01  1.0053E-03
  1.2954E-01  4.3191E-01 -4.0400E-04  8.5486E-02  2.0042E-02  8.3887E-01  1.0069E-03
  1.2988E-01  4.3304E-01 -4.0385E-04  8.5487E-02  2.0042E-02  8.3887E-01  1.0085E-03
  1.3022E-01  4.3417E-01 -4.0371E-04  8.5487E-02  2.0042E-02  8.3887E-01  1.0101E-03
  1.3056E-01  4.3531E-01 -4.0356E-04  8.5487E-02  2.0042E-02  8.3887E-01  1.0117E-03
  1.3090E-01  4.3644E-01 -4.0341E-04  8.5488E-02  2.0042E-02  8.3887E-01  1.0133E-03
  1.3124E-01  4.3758E-01 -4.0326E-04  8.5488E-02  2.0042E-02  8.3887E-01  1.0149E-03
  1.3158E-01  4.3871E-01 -4.0312E-04  8.5488E-02  2.0042E-02  8.3887E-01  1.0165E-03
  1.3192E-01  4.3985E-01 -4.0297E-04  8.5489E-02  2.0042E-02  8.3887E-01  1.0181E-03
  1.3226E-01  4.4098E-01 -4.0282E-04  8.5489E-02  2.0042E-02  8.3887E-01  1.0197E-03
  1.3260E-01  4.4211E-01 -4.0267E-04  8.5489E-02  2.0042E-02  8.3887E-01  1.0213E-03
  1.3294E-01  4.4325E-01 -4.0253E-04  8.5490E-02  2.0042E-02  8.3887E-01  1.0229E-03
  1.3328E-01  4.4438E-01 -4.0238E-04  8.5490E-02  2.0042E-02  8.3887E-01  1.0245E-03
  1.3362E-01  4.4552E-01 -4.0223E-04  8.5490E-02  2.0042E-02  8.3887E-01  1.0261E-03
  1.3396E-01  4.4665E-01 -4.0209E-04  8.5491E-02  2.0042E-02  8.3887E-01  1.0276E-03
  1.3430E-01  4.4778E-01 -4.0194E-04  8.5491E-02  2.0042E-02  8.3887E-01  1.0292E-03
  1.3464E-01  4.4892E-01 -4.0179E-04  8.5492E-02  2.0042E-02  8.3887E-01  1.0308E-03
  1.3498E-01  4.5005E-01 -4.0164E-04  8.5492E-02  2.0042E-02  8.3887E-01  1.0324E-03
  1.3532E-01  4.5119E-01 -4.0150E-04  8.5492E-02  2.0042E-02  8.3887E-01  1.0340E-03
  1.3566E-01  4.5232E-01 -4.0135E-04  8.5493E-02  2.0042E-02  8.3887E-01  1.0356E-03
  1.3600E-01  4.5345E-01 -4.0120E-04  8.5493E-02  2.0042E-02  8.3887E-01  1.0372E-03
  1.3634E-01  4.5459E-01 -4.0105E-04  8.5493E-02  2.0042E-02  8.3887E-01  1.0388E-03
  1.3668E-01  4.5572E-01 -4.0091E-04  8.5494E-02  2.0042E-02  8.3887E-01  1.0404E-03
  1.3702E-01  4.5686E-01 -4.0076E-04  8.5494E-02  2.0042E-02  8.3887E-01  1.0420E-03
  1.3736E-01  4.5799E-01 -4.0061E-04  8.5494E-02  2.0042E-02  8.3887E-01  1.0436E-03
  1.3770E-01  4.5913E-01 -4.0046E-04  8.5495E-02  2.0042E-02  8.3887E-01  1.0452E-03
  1.3804E-01  4.6026E-01 -4.0032E-04  8.5495E-02  2.0042E-02  8.3887E-01  1.0468E-03
  1.3838E-01  4.6139E-01 -4.0017E-04  8.5495E-02  2.0042E-02  8.3887E-01  1.0484E-03
  1.3872E-01  4.6253E-01 -4.0002E-04  8.5496E-02  2.0042E-02  8.3887E-01  1.0499E-03
  1.3906E-01  4.6366E-01 -3.9988E-04  8.5496E-02  2.0042E-02  8.3887E-01  1.0515E-03
  1.3940E-01  4.6480E-01 -3.9973E-04  8.5496E-02  2.0042E-02  8.3887E-01  1.0531E-03
  1.3974E-01  4.6593E-01 -3.9958E-04  8.5497E-02  2.0042E-02  8.3887E-01  1.0547E-03
  1.4008E-01  4.6706E-01 -3.9943E-04  8.5497E-02  2.0042E-02  8.3887E-01  1.0563E-03
  1.4042E-01  4.6820E-01 -3.9929E-04  8.5498E-02  2.0042E-02  8.3887E-01  1.0579E-03
  1.4076E-01  4.6933E-01 -3.9914E-04  8.5498E-02  2.0042E-02  8.3887E-01  1.0595E-03
  1.4110E-01  4.7047E-01 -3.9899E-04  8.5498E-02  2.0042E-02  8.3887E-01  1.0611E-03
  1.4144E-01  4.7160E-01 -3.9884E-04  8.5499E-02  2.0042E-02  8.3887E-01  1.0627E-03
  1.4178E-01  4.7273E-01 -3.9870E-04  8.5499E-02  2.0042E-02  8.3887E-01  1.0643E-03
  1.4212E-01  4.7387E-01 -3.9855E-04  8.5499E-02  2.0042E-02  8.3887E-01  1.0659E-03
  1.4246E-01  4.7500E-01 -3.9840E-04  8.5500E-02  2.0042E-02  8.3887E-01  1.0675E-03
  1.4280E-01  4.7614E-01 -3.9825E-04  8.5500E-02  2.0042E-02  8.3887E-01  1.0691E-03
  1.4314E-01  4.7727E-01 -3.9811E-04  8.5500E-02  2.0042E-02  8.3887E-01  1.0707E-03
  1.4348E-01  4.7841E-01 -3.9796E-04  8.5501E-02  2.0042E-02  8.3887E-01  1.0723E-03
  1.4382E-01  4.7954E-01 -3.9781E-04  8.5501E-02  2.0042E-02  8.3887E-01  1.0738E-03
  1.4416E-01  4.8067E-01 -3.9766E-04  8.5502E-02  2.0042E-02  8.3887E-01  1.0754E-03
  1.4450E-01  4.8181E-01 -3.9752E-04  8.5502E-02  2.0042E-02  8.3887E-01  1.0770E-03
  1.4484E-01  4.8294E-01 -3.9737E-04  8.5502E-02  2.0042E-02  8.3887E-01  1.0786E-03
  1.4518E-01  4.8408E-01 -3.9722E-04  8.5503E-02  2.0042E-02  8.3887E-01  1.0802E-03
  1.4552E-01  4.8521E-01 -3.9708E-04  8.5503E-02  2.0042E-02  8.3887E-01  1.0818E-03
  1.4586E-01  4.8634E-01 -3.9693E-04  8.5503E-02  2.0042E-02  8.3887E-01  1.0834E-03
  1.4620E-01  4.8748E-01 -3.9678E-04  8.5504E-02  2.0042E-02  8.3887E-01  1.0850E-03
  1.4654E-01  4.8861E-01 -3.9663E-04  8.5504E-02  2.0042E-02  8.3887E-01  1.0866E-03
  1.4688E-01  4.8975E-01 -3.9649E-04  8.5504E-02  2.0042E-02  8.3887E-01  1.0882E-03
  1.4722E-01  4.9088E-01 -3.9634E-04  8.5505E-02  2.0042E-02  8.3887E-01  1.0898E-03
  1.4756E-01  4.9201E-01 -3.9619E-04  8.5505E-02  2.0042E-02  8.3887E-01  1.0914E-03
  1.4790E-01  4.9315E-01 -3.9604E-04  8.5506E-02  2.0042E-02  8.3887E-01  1.0930E-03
  1.4824E-01  4.9428E-01 -3.9590E-04  8.5506E-02  2.0042E-02  8.3887E-01  1.0945E-03
  1.4858E-01  4.9542E-01 -3.9575E-04  8.5506E-02  2.0042E-02  8.3887E-01  1.0961E-03
  1.4892E-01  4.9655E-01 -3.9560E-04  8.5507E-02  2.0042E-02  8.3887E-01  1.0977E-03
  1.4926E-01  4.9769E-01 -3.9545E-04  8.5507E-02  2.0042E-02  8.3887E-01  1.0993E-03
  1.4960E-01  4.9882E-01 -3.9531E-04  8.5507E-02  2.0042E-02  8.3887E-01  1.1009E-03
  1.4994E-01  4.9995E-01 -3.9516E-04  8.5508E-02  2.0042E-02  8.3887E-01  1.1025E-03
  1.5028E-01  5.0109E-01 -3.9501E-04  8.5508E-02  2.0042E-02  8.3887E-01  1.1041E-03
  1.5062E-01  5.0222E-01 -3.9487E-04  8.5509E-02  2.0042E-02  8.3887E-01  1.1057E-03
  1.5096E-01  5.0336E-01 -3.9472E-04  8.5509E-02  2.0042E-02  8.3887E-01  1.1073E-03
  1.5130E-01  5.0449E-01 -3.9457E-04  8.5509E-02  2.0042E-02  8.3887E-01  1.1089E-03
  1.5164E-01  5.0562E-01 -3.9442E-04  8.5510E-02  2.0042E-02  8.3887E-01  1.1105E-03
  1.5198E-01  5.0676E-01 -3.9428E-04  8.5510E-02  2.0042E-02  8.3887E-01  1.1121E-03
  1.5232E-01  5.0789E-01 -3.9413E-04  8.5510E-02  2.0042E-02  8.3887E-01  1.1137E-03
  1.5266E-01  5.0903E-01 -3.9398E-04  8.5511E-02  2.0042E-02  8.3887E-01  1.1152E-03
  1.5300E-01  5.1016E-01 -3.9383E-04  8.5511E-02  2.0042E-02  8.3887E-01  1.1168E-03
  1.5334E-01  5.1129E-01 -3.9369E-04  8.5512E-02  2.0042E-02  8.3887E-01  1.1184E-03
  1.5368E-01  5.1243E-01 -3.9354E-04  8.5512E-02  2.0042E-02  8.3887E-01  1.1200E-03
  1.5402E-01  5.1356E-01 -3.9339E-04  8.5512E-02  2.0042E-02  8.3887E-01  1.1216E-03
  1.5436E-01  5.1470E-01 -3.9324E-04  8.5513E-02  2.0042E-02  8.3887E-01  1.1232E-03
  1.5470E-01  5.1583E-01 -3.9310E-04  8.5513E-02  2.0042E-02  8.3887E-01  1.1248E-03
  1.5504E-01  5.1697E-01 -3.9295E-04  8.5514E-02  2.0042E-02  8.3887E-01  1.1264E-03
  1.5538E-01  5.1810E-01 -3.9280E-04  8.5514E-02  2.0042E-02  8.3887E-01  1.1280E-03
  1.5572E-01  5.1923E-01 -3.9265E-04  8.5514E-02  2.0042E-02  8.3887E-01  1.1296E-03
  1.5606E-01  5.2037E-01 -3.9251E-04  8.5515E-02  2.0042E-02  8.3887E-01  1.1312E-03
  1.5640E-01  5.2150E-01 -3.9236E-04  8.5515E-02  2.0042E-02  8.3887E-01  1.1328E-03
  1.5674E-01  5.2264E-01 -3.9221E-04  8.5515E-02  2.0042E-02  8.3887E-01  1.1344E-03
  1.5708E-01  5.2377E-01 -3.9207E-04  8.5516E-02  2.0042E-02  8.3887E-01  1.1359E-03
  1.5742E-01  5.2490E-01 -3.9192E-04  8.5516E-02  2.0042E-02  8.3887E-01  1.1375E-03
  1.5776E-01  5.2604E-01 -3.9177E-04  8.5517E-02  2.0042E-02  8.3887E-01  1.1391E-03
  1.5810E-01  5.2717E-01 -3.9162E-04  8.5517E-02  2.0042E-02  8.3887E-01  1.1407E-03
  1.5844E-01  5.2831E-01 -3.9148E-04  8.5517E-02  2.0042E-02  8.3887E-01  1.1423E-03
  1.5878E-01  5.2944E-01 -3.9133E-04  8.5518E-02  2.0042E-02  8.3887E-01  1.1439E-03
  1.5912E-01  5.3057E-01 -3.9118E-04  8.5518E-02  2.0042E-02  8.3887E-01  1.1455E-03
  1.5946E-01  5.3171E-01 -3.9103E-04  8.5519E-02  2.0042E-02  8.3887E-01  1.1471E-03
  1.5980E-01  5.3284E-01 -3.9089E-04  8.5519E-02  2.0042E-02  8.3887E-01  1.1487E-03
  1.6014E-01  5.3398E-01 -3.9074E-04  8.5519E-02  2.0042E-02  8.3887E-01  1.1503E-03
  1.6048E-01  5.3511E-01 -3.9059E-04  8.5520E-02  2.0042E-02  8.3887E-01  1.1519E-03
  1.6082E-01  5.3625E-01 -3.9044E-04  8.5520E-02  2.0042E-02  8.3887E-01  1.1535E-03
  1.6116E-01  5.3738E-01 -3.9030E-04  8.5521E-02  2.0042E-02  8.3887E-01  1.1550E-03
  1.6150E-01  5.3851E-01 -3.9015E-04  8.5521E-02  2.0042E-02  8.3887E-01  1.1566E-03
  1.6184E-01  5.3965E-01 -3.9000E-04  8.5521E-02  2.0042E-02  8.3887E-01  1.1582E-03
  1.6218E-01  5.4078E-01 -3.8986E-04  8.5522E-02  2.0042E-02  8.3887E-01  1.1598E-03
  1.6252E-01  5.4192E-01 -3.8971E-04  8.5522E-02  2.0042E-02  8.3887E-01  1.1614E-03
  1.6286E-01  5.4305E-01 -3.8956E-04  8.5522E-02  2.0042E-02  8.3887E-01  1.1630E-03
  1.6320E-01  5.4418E-01 -3.8941E-04  8.5523E-02  2.0042E-02  8.3887E-01  1.1646E-03
  1.6354E-01  5.4532E-01 -3.8927E-04  8.5523E-02  2.0042E-02  8.3887E-01  1.1662E-03
  1.6388E-01  5.4645E-01 -3.8912E-04  8.5524E-02  2.0042E-02  8.3887E-01  1.1678E-03
  1.6422E-01  5.4759E-01 -3.8897E-04  8.5524E-02  2.0042E-02  8.3887E-01  1.1694E-03
  1.6456E-01  5.4872E-01 -3.8882E-04  8.5524E-02  2.0042E-02  8.3887E-01  1.1710E-03
  1.6490E-01  5.4985E-01 -3.8868E-04  8.5525E-02  2.0042E-02  8.3887E-01  1.1726E-03
  1.6524E-01  5.5099E-01 -3.8853E-04  8.5525E-02  2.0042E-02  8.3887E-01  1.1741E-03
  1.6558E-01  5.5212E-01 -3.8838E-04  8.5526E-02  2.0042E-02  8.3887E-01  1.1757E-03
  1.6592E-01  5.5326E-01 -3.8823E-04  8.5526E-02  2.0042E-02  8.3887E-01  1.1773E-03
  1.6626E-01  5.5439E-01 -3.8809E-04  8.5526E-02  2.0042E-02  8.3887E-01  1.1789E-03
  1.6660E-01  5.5553E-01 -3.8794E-04  8.5527E-02  2.0042E-02  8.3887E-01  1.1805E-03
  1.6694E-01  5.5666E-01 -3.8779E-04  8.5527E-02  2.0042E-02  8.3887E-01  1.1821E-03
  1.6728E-01  5.5779E-01 -3.8765E-04  8.5528E-02  2.0042E-02  8.3887E-01  1.1837E-03
  1.6762E-01  5.5893E-01 -3.8750E-04  8.5528E-02  2.0042E-02  8.3887E-01  1.1853E-03
  1.6796E-01  5.6006E-01 -3.8735E-04  8.5528E-02  2.0042E-02  8.3887E-01  1.1869E-03
  1.6830E-01  5.6120E-01 -3.8720E-04  8.5529E-02  2.0042E-02  8.3887E-01  1.1885E-03
  1.6864E-01  5.6233E-01 -3.8706E-04  8.5529E-02  2.0042E-02  8.3887E-01  1.1901E-03
  1.6898E-01  5.6346E-01 -3.8691E-04  8.5530E-02  2.0042E-02  8.3887E-01  1.1916E-03
  1.6932E-01  5.6460E-01 -3.8676E-04  8.5530E-02  2.0042E-02  8.3887E-01  1.1932E-03
  1.7000E-01  5.6687E-01 -3.8647E-04  8.5531E-02  2.0042E-02  8.3887E-01  1.1964E-03
