  0.0000E+00  0.0000E+00  1.6994E-01  0.0000E+00  0.0000E+00  2.5051E+08  5.6687E-01 -2.0000E-03   1   5
  2.2000E-03  0.0000E+00 -6.9760E-02  0.0000E+00  0.0000E+00  0.0000E+00 -2.3603E-01 -2.0000E-03   1 -17
 -2.0000E-03  0.0000E+00 -6.9718E-02  0.0000E+00  0.0000E+00  0.0000E+00 -2.2922E-01 -2.0000E-03   1 -17
  0.0000E+00  2.0000E-03 -6.9903E-02  0.0000E+00  0.0000E+00  0.0000E+00 -2.3817E-01 -2.0000E-03   1 -17
  5.0000E-04  0.0000E+00 -5.0000E-04  0.0000E+00  0.0000E+00  0.0000E+00  0.0000E+00 -2.0000E-03   1   3
 -4.0000E-04  3.0000E-04  8.0000E-04  0.0000E+00  0.0000E+00  0.0000E+00  0.0000E+00 -2.0000E-03   1   3
  0.0000E+00 -5.0000E-04  2.0000E-04  0.0000E+00  0.0000E+00  0.0000E+00  0.0000E+00 -2.0000E-03   1   3
 -1.0093E-04  2.2231E-06 -6.3725E-04 -2.9728E+03 -6.5232E+03  1.6692E+03  0.0000E+00 -2.0000E-03   1   5
 -1.0103E-05  1.1441E-05  1.3319E-03  5.8485E+03 -3.8223E+03 -4.8669E+02  0.0000E+00 -2.0000E-03   1   5
  3.4796E-06 -1.5610E-05  1.9653E-03 -3.9040E+03 -9.4597E+02  2.0503E+03  0.0000E+00 -2.0000E-03   1   5
  2.2619E-07  5.6014E-06  2.9687E-04 -4.0026E+03 -4.0524E+03 -4.1514E+02  0.0000E+00 -2.0000E-03   1   5
 -1.1621E-04 -1.5475E-04  7.1042E-04  3.5953E+03 -4.1939E+03 -1.4591E+03  0.0000E+00 -2.0000E-03   1   5
 -8.9368E-05  9.8492E-05 -1.8080E-03  2.9570E+03 -1.9855E+03 -3.3675E+02  0.0000E+00 -2.0000E-03   1   5
 -2.3882E-06  7.2189E-06  8.9349E-04 -6.3851E+03 -8.6854E+03 -1.1420E+03  0.0000E+00 -2.0000E-03   1   5
 -3.2171E-05 -1.3865E-04 -3.5322E-04 -4.2118E+03 -6.8486E+03  2.7192E+03  0.0000E+00 -2.0000E-03   1   5
  4.3269E-05  7.4495E-05  1.1638E-03 -1.1432E+01  6.1726E+03  2.3220E+03  0.0000E+00 -2.0000E-03   1   5
  2.5814E-05  1.2790E-05  7.8021E-04  5.0934E+03 -9.3644E+02  1.3526E+03  0.0000E+00 -2.0000E-03   1   5
 -1.4982E-04  4.5228E-05  3.8802E-04  1.3942E+03  6.8750E+03  1.7114E+02  0.0000E+00 -2.0000E-03   1   5
  1.7099E-05  7.2788E-06  2.2185E-04  1.4976E+03 -1.4188E+03 -1.8009E+03  0.0000E+00 -2.0000E-03   1   5
  2.6138E-05 -1.2726E-05  4.2668E-04  4.9137E+02 -6.2209E+01  1.6091E+03  0.0000E+00 -2.0000E-03   1   5
 -3.1635E-05 -1.5172E-05  4.4865E-04 -3.6665E+03 -4.7919E+03  2.7135E+03  0.0000E+00 -2.0000E-03   1   5
 -7.9849E-05  1.2378E-04  2.0227E-04  4.3450E+03  6.9300E+02 -1.7937E+03  0.0000E+00 -2.0000E-03   1   5
 -1.4055E-05  7.6412E-05  3.8366E-04 -5.9998E+03  6.9421E+03 -2.6340E+03  0.0000E+00 -2.0000E-03   1   5
 -1.0493E-04 -1.9003E-05  1.2763E-03 -3.1767E+03  4.2503E+02 -9.7031E+01  0.0000E+00 -2.0000E-03   1   5
  3.0321E-05 -8.1107E-05 -7.6940E-04 -2.6203E+03  3.4502E+03 -7.6369E+00  0.0000E+00 -2.0000E-03   1   5
 -1.3195E-05  1.9062E-05 -1.0904E-03 -9.9974E+03 -2.0075E+03 -8.3952E+01  0.0000E+00 -2.0000E-03   1   5
  4.1473E-05  4.2285E-06  6.7397E-04  8.6417E+02 -5.6177E+03 -5.3897E+03  0.0000E+00 -2.0000E-03   1   5
  4.9854E-05  1.6386E-04 -4.6520E-04  2.6807E+03  6.6259E+03 -1.0044E+02  0.0000E+00 -2.0000E-03   1   5
 -1.1089E-05  1.0047E-04 -2.0429E-04 -9.6950E+02  1.0859E+03  8.4399E+02  0.0000E+00 -2.0000E-03   1   5
 -2.4868E-05  6.2925E-05 -4.2444E-04  1.0030E+04  1.4029E+03 -4.4976E+02  0.0000E+00 -2.0000E-03   1   5
  1.2026E-04 -3.7181E-06  1.8439E-03  3.0103E+03  4.3562E+03 -6.3684E+01  0.0000E+00 -2.0000E-03   1   5
 -3.9858E-05 -1.5616E-05 -6.8079E-04  5.3805E+02 -3.3509E+03 -1.2254E+03  0.0000E+00 -2.0000E-03   1   5
  3.2334E-05  5.9567E-05 -1.4433E-03  4.2351E+03 -4.5453E+03 -3.5086E+03  0.0000E+00 -2.0000E-03   1   5
 -4.4501E-05  8.7946E-05 -2.6383E-04  8.0582E+03 -3.7136E+03 -4.7943E+02  0.0000E+00 -2.0000E-03   1   5
 -7.0066E-05 -6.2736E-05  4.7444E-04 -6.1350E+03  7.2943E+02 -2.4683E+03  0.0000E+00 -2.0000E-03   1   5
  1.6208E-07 -8.9224E-05  4.9040E-04  7.6112E+03  4.5211E+03 -2.9474E+03  0.0000E+00 -2.0000E-03   1   5
  1.0399E-05  1.3199E-04  1.2027E-03  1.5961E+03  2.6614E+03  1.2957E+03  0.0000E+00 -2.0000E-03   1   5
 -3.2058E-05  1.7954E-05 -3.3850E-04 -7.3794E+03  5.8175E+03  2.7145E+03  0.0000E+00 -2.0000E-03   1   5
 -1.0063E-04  1.1659E-04  4.7429E-04 -1.8132E+03 -6.9851E+02  5.4453E+02  0.0000E+00 -2.0000E-03   1   5
  7.6683E-05  6.9168E-06  4.1274E-04  7.9886E+03 -2.4459E+03 -2.4343E+03  0.0000E+00 -2.0000E-03   1   5
 -2.2857E-05  4.1011E-05 -1.7428E-04  5.5575E+01  6.0712E+03  1.5600E+03  0.0000E+00 -2.0000E-03   1   5
 -8.0454E-05 -4.4289E-05  5.4707E-05 -1.0666E+03 -5.3605E+03 -5.7988E+02  0.0000E+00 -2.0000E-03   1   5
  3.1964E-05  4.1542E-05  3.5090E-04  7.2267E+03 -1.1139E+03  5.3240E+03  0.0000E+00 -2.0000E-03   1   5
 -3.5550E-05  6.8554E-06 -1.2827E-04 -5.2273E+03 -5.2294E+03 -2.0072E+03  0.0000E+00 -2.0000E-03   1   5
 -1.3933E-04  1.6847E-05 -9.6918E-05  1.5971E+03 -4.8916E+03 -2.1567E+03  0.0000E+00 -2.0000E-03   1   5
 -6.0211E-05  6.7074E-05 -1.9083E-06  1.4310E+03 -2.6074E+03 -1.1216E+02  0.0000E+00 -2.0000E-03   1   5
  3.3106E-05 -2.8247E-05 -1.2525E-03  5.5201E+02  6.4629E+02 -1.7630E+03  0.0000E+00 -2.0000E-03   1   5
  4.1374E-05 -1.5220E-05  4.8293E-05  6.9739E+03  8.5575E+03 -3.5043E+02  0.0000E+00 -2.0000E-03   1   5
  1.2659E-04 -5.6035E-05 -8.8389E-04  5.5489E+02 -3.8360E+03  1.9493E+03  0.0000E+00 -2.0000E-03   1   5
 -9.6976E-05 -1.0883E-04 -1.0926E-03 -2.0993E+03 -1.8462E+03 -1.7381E+03  0.0000E+00 -2.0000E-03   1   5
 -1.5036E-05 -4.9208E-06  2.3787E-04  1.0886E+03 -1.2826E+03 -1.2213E+03  0.0000E+00 -2.0000E-03   1   5
  3.5585E-05  1.2389E-04  4.4914E-04 -7.5255E+02  7.4793E+03 -1.1530E+03  0.0000E+00 -2.0000E-03   1   5
  2.1626E-05  1.5854E-04  3.4106E-04 -4.1733E+03  7.3275E+03 -4.6551E+03  0.0000E+00 -2.0000E-03   1   5
  3.9272E-05  2.0057E-05  4.8083E-04 -4.6915E+03  6.5865E+03 -9.5834E+02  0.0000E+00 -2.0000E-03   1   5
  9.0590E-05 -2.6653E-05  4.4390E-04 -3.2174E+03  2.9474E+03 -2.1347E+03  0.0000E+00 -2.0000E-03   1   5
  5.3983E-05  1.6711E-05  1.0153E-05 -1.5243E+03  8.2287E+03 -1.3646E+03  0.0000E+00 -2.0000E-03   1   5
 -1.9550E-05 -3.4942E-06 -5.5779E-04 -9.7372E+03 -7.8123E+03 -3.4765E+01  0.0000E+00 -2.0000E-03   1   5
 -4.4305E-05 -4.1428E-05  2.2997E-04 -7.3411E+02  7.0177E+03 -2.4921E+02  0.0000E+00 -2.0000E-03   1   5
 -1.4298E-05  6.2116E-05  1.0630E-03 -3.6041E+03 -8.3569E+03 -1.6569E+03  0.0000E+00 -2.0000E-03   1   5
 -9.5187E-06  8.0890E-05  3.3950E-04  1.0603E+03  3.9568E+02  1.4984E+03  0.0000E+00 -2.0000E-03   1   5
  9.4599E-05 -6.1976E-05 -2.1786E-04  1.1172E+04 -1.2294E+04  3.1111E+03  0.0000E+00 -2.0000E-03   1   5
 -1.1381E-04 -1.0173E-04  9.7137E-04 -3.9994E+03  1.3484E+03  1.7475E+03  0.0000E+00 -2.0000E-03   1   5
 -1.0744E-04 -1.5009E-04 -2.0578E-03 -1.3630E+03 -3.9981E+03  2.1958E+03  0.0000E+00 -2.0000E-03   1   5
 -5.3755E-05  1.1105E-04  7.1965E-04 -7.7034E+03 -3.9288E+03  2.5916E+03  0.0000E+00 -2.0000E-03   1   5
  1.0443E-04 -9.0495E-05 -1.1920E-03  5.2413E+03 -5.3213E+03 -2.2656E+03  0.0000E+00 -2.0000E-03   1   5
 -7.4983E-05  7.2750E-06 -8.1645E-04  3.2191E+03 -3.6775E+02  2.1383E+03  0.0000E+00 -2.0000E-03   1   5
  1.0774E-04  2.0288E-04 -6.7893E-04  1.3137E+04 -2.0939E+03  8.5221E+01  0.0000E+00 -2.0000E-03   1   5
  1.1125E-04 -1.0313E-04 -6.1815E-04  1.1855E+04 -8.2761E+03  1.6085E+02  0.0000E+00 -2.0000E-03   1   5
  7.1267E-05 -1.4188E-04 -7.1468E-04  6.8691E+01 -8.7373E+03 -1.2744E+03  0.0000E+00 -2.0000E-03   1   5
  2.0874E-04  9.1147E-05  3.8599E-04 -2.1704E+02  1.8498E+03 -2.9741E+03  0.0000E+00 -2.0000E-03   1   5
 -8.5377E-05 -2.2939E-05 -9.8899E-04 -4.2225E+03 -1.1419E+03 -1.7690E+03  0.0000E+00 -2.0000E-03   1   5
  7.4646E-06  4.9584E-05 -1.7377E-03  2.9830E+03 -3.4126E+02 -2.2776E+02  0.0000E+00 -2.0000E-03   1   5
  1.3480E-05  7.7116E-05 -9.6402E-04  8.4729E+03 -9.5051E+03 -1.0843E+03  0.0000E+00 -2.0000E-03   1   5
 -4.1817E-05 -7.5021E-05 -2.5000E-03  1.6069E+03 -1.5632E+03 -1.1218E+02  0.0000E+00 -2.0000E-03   1   5
 -1.9135E-05  7.6769E-05  5.2195E-04  1.6701E+03  1.3102E+03  3.1020E+03  0.0000E+00 -2.0000E-03   1   5
 -1.0846E-04  1.1417E-06 -1.8676E-04 -2.8263E+03  1.0185E+03  1.0700E+03  0.0000E+00 -2.0000E-03   1   5
  4.5728E-05 -4.3165E-05  1.3626E-03 -6.0367E+03  4.4361E+03  6.9283E+02  0.0000E+00 -2.0000E-03   1   5
 -8.6302E-05  6.3019E-05 -3.1430E-04 -3.2390E+03  3.0651E+03  1.1126E+03  0.0000E+00 -2.0000E-03   1   5
 -4.7095E-05  6.6696E-05  7.3613E-04  6.1901E+03  2.5486E+03 -5.7921E+02  0.0000E+00 -2.0000E-03   1   5
  4.9709E-05  2.7605E-05  1.7493E-04 -2.8881E+03 -3.7240E+02 -1.2664E+03  0.0000E+00 -2.0000E-03   1   5
 -1.2848E-05  1.0354E-04 -8.3902E-04  4.4332E+03 -2.2429E+03  1.5026E+02  0.0000E+00 -2.0000E-03   1   5
 -1.9551E-04 -8.4532E-05  1.4107E-04 -5.4154E+03  7.5166E+03  3.5647E+03  0.0000E+00 -2.0000E-03   1   5
  5.1172E-06 -6.2456E-05  2.1839E-03 -4.3462E+03  3.2387E+03  1.8218E+03  0.0000E+00 -2.0000E-03   1   5
 -1.6752E-04  5.8656E-05  1.8920E-03 -3.9706E+03 -8.9061E+02 -2.1831E+03  0.0000E+00 -2.0000E-03   1   5
  1.2494E-04 -5.5212E-06 -7.9250E-04  4.9210E+03 -5.3191E+03  2.6839E+03  0.0000E+00 -2.0000E-03   1   5
  6.4764E-05 -1.7091E-05 -9.2478E-04 -4.2394E+02  4.3997E+03 -1.8446E+03  0.0000E+00 -2.0000E-03   1   5
  1.3726E-05 -5.4119E-05 -2.5772E-04  1.1382E+03 -1.3817E+03  1.1316E+03  0.0000E+00 -2.0000E-03   1   5
  5.6498E-05  5.5942E-05  8.5736E-05 -6.2535E+03  1.0628E+02  1.3584E+03  0.0000E+00 -2.0000E-03   1   5
  8.0580E-05 -7.3047E-05 -8.6127E-04 -1.4391E+03  2.0308E+03  1.2826E+02  0.0000E+00 -2.0000E-03   1   5
  4.5075E-05 -3.4843E-05 -4.1791E-04 -8.1796E+02 -2.6348E+03  3.2785E+02  0.0000E+00 -2.0000E-03   1   5
 -5.6611E-05  5.4531E-05 -1.0340E-03 -1.1121E+04 -2.3220E+02 -1.0739E+03  0.0000E+00 -2.0000E-03   1   5
 -4.6625E-05 -9.1397E-05 -2.2982E-04 -4.3960E+03 -4.5909E+03 -3.2178E+02  0.0000E+00 -2.0000E-03   1   5
 -1.0844E-04 -4.2376E-05  7.6484E-04  2.9567E+03  2.4697E+03 -1.1460E+03  0.0000E+00 -2.0000E-03   1   5
 -4.2189E-05  3.0500E-05 -1.3018E-03 -4.0766E+03 -6.7577E+03  5.9372E+02  0.0000E+00 -2.0000E-03   1   5
  6.2081E-05  7.5093E-05 -2.5133E-04  1.2000E+04 -3.1980E+03  4.2421E+03  0.0000E+00 -2.0000E-03   1   5
 -3.6148E-06 -2.1078E-05 -7.3674E-04  4.4042E+03  6.4234E+02  4.4187E+02  0.0000E+00 -2.0000E-03   1   5
  1.2789E-04 -1.0482E-04  9.5300E-05 -5.2677E+03 -9.5508E+03  1.8436E+03  0.0000E+00 -2.0000E-03   1   5
 -8.3238E-05 -4.7449E-05  1.9473E-03  6.2064E+03 -2.1038E+03 -5.1398E+03  0.0000E+00 -2.0000E-03   1   5
 -1.2915E-04  9.9736E-05 -2.6873E-04 -4.0048E+03  4.6817E+03 -3.3832E+03  0.0000E+00 -2.0000E-03   1   5
 -7.1648E-05 -5.6414E-05 -2.6709E-04  3.6165E+03  6.0279E+03  2.7680E+03  0.0000E+00 -2.0000E-03   1   5
  5.4324E-05  6.8183E-05 -9.3345E-04  4.4891E+03  1.4367E+04 -2.1217E+03  0.0000E+00 -2.0000E-03   1   5
  5.7518E-05  3.5529E-05  3.4739E-04 -1.6001E+03  1.1370E+03  3.1983E+03  0.0000E+00 -2.0000E-03   1   5
 -6.0297E-05 -4.3278E-05  3.5976E-04 -6.6635E+03  4.6493E+03  1.4269E+03  0.0000E+00 -2.0000E-03   1   5
  1.3423E-05 -2.2986E-05 -1.3882E-03  7.0397E+03 -2.7481E+03 -3.8646E+03  0.0000E+00 -2.0000E-03   1   5
  1.5345E-04  3.6689E-05 -4.2061E-04 -2.5664E+03  4.7207E+03  2.8410E+02  0.0000E+00 -2.0000E-03   1   5
  9.9582E-06  3.5234E-05 -1.0138E-03 -6.2013E+03 -4.7572E+03  3.1159E+03  0.0000E+00 -2.0000E-03   1   5
  1.2535E-04 -4.2144E-05  5.6385E-04 -2.0379E+03 -6.2527E+03  2.2359E+03  0.0000E+00 -2.0000E-03   1   5
 -5.0621E-05  2.3953E-05 -3.1783E-05 -1.3144E+03  2.5277E+02 -1.9090E+03  0.0000E+00 -2.0000E-03   1   5
 -1.9866E-04 -2.7619E-05 -4.8156E-04  9.4137E+03  1.7991E+03  1.9767E+03  0.0000E+00 -2.0000E-03   1   5
  1.1877E-04  9.0999E-05  9.3129E-04  1.3442E+03 -1.2073E+03  1.0794E+03  0.0000E+00 -2.0000E-03   1   5
  6.1761E-05 -5.9340E-05 -2.8071E-04  2.0385E+03 -1.0171E+03  2.0006E+03  0.0000E+00 -2.0000E-03   1   5
  4.4954E-05  1.1526E-04  2.2182E-05  7.4395E+02 -4.0098E+03 -1.4720E+03  0.0000E+00 -2.0000E-03   1   5
 -1.2595E-05 -1.2900E-04 -8.4745E-04 -2.8633E+03 -1.7986E+03  5.0766E+03  0.0000E+00 -2.0000E-03   1   5
 -7.3120E-05  6.8915E-05 -5.8532E-04 -1.8113E+03  9.7138E+03  8.0944E+02  0.0000E+00 -2.0000E-03   1   5
  4.7296E-05 -4.4761E-05 -2.8244E-04 -5.1464E+03 -2.2531E+03  8.5079E+02  0.0000E+00 -2.0000E-03   1   5
 -2.4679E-05  1.5147E-04 -1.8825E-04 -2.0961E+03 -3.9139E+03  1.7425E+03  0.0000E+00 -2.0000E-03   1   5
  8.8693E-05 -1.2324E-05 -1.4556E-03  5.3895E+03 -1.4557E+03  1.7318E+01  0.0000E+00 -2.0000E-03   1   5
 -1.7598E-05  3.8717E-05  6.5277E-04 -1.2294E+03 -8.1486E+03 -2.3550E+03  0.0000E+00 -2.0000E-03   1   5
  1.7400E-05 -1.8635E-05 -2.6975E-04  3.9136E+03 -1.3102E+04 -7.2442E+02  0.0000E+00 -2.0000E-03   1   5
  1.0641E-04  8.9763E-06 -2.0553E-03  1.1573E+03  1.2046E+03  2.4922E+03  0.0000E+00 -2.0000E-03   1   5
  7.4520E-05  6.6135E-05 -4.3484E-04 -1.0320E+04 -1.8487E+03  1.2809E+03  0.0000E+00 -2.0000E-03   1   5
 -1.7003E-05  4.0268E-05 -6.9469E-04 -9.8463E+03  7.2557E+02  3.8784E+03  0.0000E+00 -2.0000E-03   1   5
  8.3534E-05 -2.4706E-05  1.4637E-03 -3.3973E+03 -8.4340E+02 -8.5561E+01  0.0000E+00 -2.0000E-03   1   5
 -4.7764E-05 -1.7689E-06  1.9609E-03  6.5981E+03  2.1043E+02  2.1477E+03  0.0000E+00 -2.0000E-03   1   5
  1.6958E-04  8.8184E-06 -7.8072E-05  1.0429E+03  2.1081E+03  3.4217E+03  0.0000E+00 -2.0000E-03   1   5
 -8.4060E-05  1.2459E-04  7.4434E-04 -5.7123E+03 -9.7339E+03  3.9867E+02  0.0000E+00 -2.0000E-03   1   5
  1.0114E-05 -1.1075E-04  1.2440E-03  6.7282E+03 -6.2973E+02  1.5046E+03  0.0000E+00 -2.0000E-03   1   5
 -4.7736E-05  6.1923E-05  1.0323E-03 -2.3501E+03  5.1735E+02 -5.7872E+01  0.0000E+00 -2.0000E-03   1   5
 -2.7466E-05 -9.7423E-05 -1.5083E-04  5.7136E+03 -5.5568E+03  2.0748E+03  0.0000E+00 -2.0000E-03   1   5
 -1.5169E-05  1.4902E-04 -3.7614E-04  5.7663E+03  1.7496E+03 -9.0338E+02  0.0000E+00 -2.0000E-03   1   5
  4.7439E-05 -1.0516E-04 -2.2009E-04  4.1074E+03  2.1884E+03  1.2477E+03  0.0000E+00 -2.0000E-03   1   5
 -2.7643E-05 -6.6447E-05  1.4920E-04  4.3616E+02 -6.2631E+03 -1.9487E+02  0.0000E+00 -2.0000E-03   1   5
  2.9934E-05  7.0196E-05  2.0793E-04 -9.7843E+02 -2.0398E+03 -1.1857E+02  0.0000E+00 -2.0000E-03   1   5
  7.2419E-05 -7.8598E-05 -6.4807E-04 -4.4827E+03 -5.1205E+02  2.2657E+03  0.0000E+00 -2.0000E-03   1   5
 -5.1903E-05  5.0484E-05  4.3343E-04 -7.6786E+03 -1.2749E+03  3.7900E+03  0.0000E+00 -2.0000E-03   1   5
 -1.2621E-04 -7.5697E-05  1.3858E-03  3.2667E+03  6.5909E+03  2.3428E+03  0.0000E+00 -2.0000E-03   1   5
 -1.5797E-05  8.1305E-05  6.3317E-04 -4.0080E+03 -3.9360E+02  2.1439E+03  0.0000E+00 -2.0000E-03   1   5
 -4.1973E-05 -2.1064E-05  6.2579E-05 -1.0695E+03  2.7557E+03  2.8347E+02  0.0000E+00 -2.0000E-03   1   5
 -1.3547E-05 -6.0340E-05 -9.0507E-04  9.3799E+03 -3.4777E+03 -2.9451E+03  0.0000E+00 -2.0000E-03   1   5
 -2.8113E-05  1.0883E-04  1.5900E-03  2.9420E+03  3.9117E+03  9.2341E+02  0.0000E+00 -2.0000E-03   1   5
  1.0570E-04  1.1268E-04 -7.8535E-04  4.3000E+02  3.6327E+03 -1.2729E+03  0.0000E+00 -2.0000E-03   1   5
 -5.9816E-05 -4.7535E-05 -6.1608E-04  1.4527E+03 -2.9030E+03 -4.8607E+02  0.0000E+00 -2.0000E-03   1   5
 -7.2890E-05  1.4954E-04  7.2429E-04 -3.8028E+02  4.1872E+03  6.8000E+02  0.0000E+00 -2.0000E-03   1   5
  2.2254E-05 -1.4799E-05  6.2030E-04  5.9661E+03 -5.1189E+02  9.2132E+02  0.0000E+00 -2.0000E-03   1   5
  8.5254E-06 -1.0805E-05 -5.6481E-05 -2.9432E+03  9.6863E+03 -5.2234E+02  0.0000E+00 -2.0000E-03   1   5
  1.0098E-04 -5.6098E-05 -1.5146E-03  1.3625E+03 -5.4005E+03  1.1528E+03  0.0000E+00 -2.0000E-03   1   5
 -1.0598E-04 -4.6087E-05  7.2002E-04 -3.5921E+03 -1.0042E+04 -6.8900E+02  0.0000E+00 -2.0000E-03   1   5
  9.4155E-05 -1.5407E-04  1.4240E-04  2.3627E+03  8.8919E+03 -4.9702E+02  0.0000E+00 -2.0000E-03   1   5
  2.3411E-04  2.1559E-05  5.2788E-04  7.1657E+03 -5.9046E+03  2.3180E+03  0.0000E+00 -2.0000E-03   1   5
 -1.5076E-04  1.1782E-04 -7.0951E-05  8.0725E+03  3.8876E+03  1.1177E+03  0.0000E+00 -2.0000E-03   1   5
  1.1434E-04 -1.0343E-05  5.7683E-04 -2.5711E+03 -3.4480E+03  2.0729E+03  0.0000E+00 -2.0000E-03   1   5
 -2.6590E-05 -5.7508E-05 -2.0450E-04 -1.7298E+03  6.9002E+03  2.6187E+03  0.0000E+00 -2.0000E-03   1   5
  2.1320E-05  1.0477E-04  3.1432E-04 -3.9912E+02  6.9246E+03 -1.1804E+03  0.0000E+00 -2.0000E-03   1   5
 -6.2155E-06  6.3820E-05  3.7129E-04  2.8481E+03  1.2987E+04  5.1534E+02  0.0000E+00 -2.0000E-03   1   5
 -1.5190E-04  3.0677E-05 -3.2971E-04 -5.7696E+03 -9.1187E+02  1.4840E+02  0.0000E+00 -2.0000E-03   1   5
 -1.9755E-05  1.1774E-04  7.4077E-04 -5.4078E+03 -5.4836E+03 -1.1961E+03  0.0000E+00 -2.0000E-03   1   5
  7.9476E-05 -2.1005E-06 -3.8599E-04  1.9752E+03  8.3167E+03 -2.4982E+02  0.0000E+00 -2.0000E-03   1   5
  1.6432E-04 -2.7285E-05 -3.8360E-04 -2.3259E+03  8.2429E+02  1.8675E+03  0.0000E+00 -2.0000E-03   1   5
 -5.5292E-05  7.6806E-05 -1.1292E-03 -1.1450E+03 -2.6661E+03 -1.4136E+03  0.0000E+00 -2.0000E-03   1   5
  2.3325E-05 -4.8834E-05 -3.8510E-04  6.0135E+03 -1.0661E+04  3.2983E+03  0.0000E+00 -2.0000E-03   1   5
  3.7994E-05  5.2373E-05  1.0215E-03 -1.2628E+02 -2.8496E+03 -8.8383E+02  0.0000E+00 -2.0000E-03   1   5
  1.0774E-04  1.2630E-05 -1.6939E-04 -4.4038E+03  2.0534E+03 -3.9785E+03  0.0000E+00 -2.0000E-03   1   5
  2.2734E-05  1.8009E-05 -6.3781E-04 -6.4830E+03 -1.5996E+03  4.5421E+02  0.0000E+00 -2.0000E-03   1   5
  9.1076E-05 -1.1843E-04  5.6951E-04  7.5327E+03  8.9388E+03 -8.8029E+02  0.0000E+00 -2.0000E-03   1   5
 -1.2595E-04 -1.2579E-04 -1.0386E-03  1.4492E+03 -3.9427E+03 -1.4012E+03  0.0000E+00 -2.0000E-03   1   5
  5.4475E-06 -6.6823E-06 -1.2433E-03 -6.6544E+03 -3.5608E+03  3.1993E+03  0.0000E+00 -2.0000E-03   1   5
  5.7877E-05 -1.5452E-05 -1.2133E-04 -5.2952E+03 -3.6089E+03  8.8253E+02  0.0000E+00 -2.0000E-03   1   5
  5.5392E-05 -1.7242E-05  6.0605E-04 -3.5301E+03  1.9690E+03  2.0909E+03  0.0000E+00 -2.0000E-03   1   5
  7.5899E-05 -2.1129E-04  2.6089E-04  1.4592E+03  4.9195E+03 -2.5026E+03  0.0000E+00 -2.0000E-03   1   5
 -1.7103E-04 -9.8322E-05 -1.7334E-05 -1.0157E+04  1.5077E+03 -9.6591E+02  0.0000E+00 -2.0000E-03   1   5
 -2.2537E-04 -6.9223E-05 -2.0424E-04  1.1101E+03 -5.1891E+03  1.1201E+02  0.0000E+00 -2.0000E-03   1   5
  1.5209E-05 -1.6867E-04 -1.7161E-03 -4.3388E+03  4.4890E+02  4.6005E+02  0.0000E+00 -2.0000E-03   1   5
 -3.8826E-05  4.3343E-05 -3.6436E-04  5.5038E+03 -6.8364E+03  1.7027E+03  0.0000E+00 -2.0000E-03   1   5
 -6.6927E-06  8.8190E-05 -1.4221E-03 -7.5400E+03 -4.9888E+03  1.5535E+03  0.0000E+00 -2.0000E-03   1   5
  2.9832E-05 -2.2738E-05  2.5000E-03 -2.7821E+03 -6.0001E+03 -7.7966E+02  0.0000E+00 -2.0000E-03   1   5
  6.5873E-05 -7.6548E-05 -1.0812E-04 -1.9844E+03  5.9536E+03 -5.8840E+02  0.0000E+00 -2.0000E-03   1   5
 -5.0878E-05  9.0422E-05  4.4802E-04 -1.1877E+03  3.4738E+03  5.9471E+02  0.0000E+00 -2.0000E-03   1   5
 -6.5870E-05 -1.9372E-04 -2.5209E-04  8.7315E+03 -7.4473E+02 -1.7790E+03  0.0000E+00 -2.0000E-03   1   5
  9.6334E-05  9.3426E-05 -1.1479E-03 -4.7454E+03  5.3857E+03 -8.1291E+02  0.0000E+00 -2.0000E-03   1   5
  3.1114E-05 -7.1966E-05 -9.0448E-04  3.1932E+03 -6.4320E+03 -2.3018E+03  0.0000E+00 -2.0000E-03   1   5
 -1.8929E-04  4.4545E-05 -1.2686E-03 -3.6094E+03  2.8029E+03 -2.0038E+02  0.0000E+00 -2.0000E-03   1   5
 -3.6664E-05  7.8936E-05  4.4047E-05  1.5175E+03 -4.5465E+03  4.1167E+02  0.0000E+00 -2.0000E-03   1   5
  5.7520E-05  8.5040E-05 -3.3056E-05 -1.1915E+04  3.8258E+03 -5.0247E+01  0.0000E+00 -2.0000E-03   1   5
 -9.5230E-05 -1.0037E-04 -3.9467E-04  3.1000E+02 -2.0406E+03  2.1705E+03  0.0000E+00 -2.0000E-03   1   5
 -8.6179E-05  4.7813E-05  9.8916E-05 -6.5901E+03 -4.2350E+03  2.5128E+03  0.0000E+00 -2.0000E-03   1   5
  6.2956E-05 -2.8549E-05 -2.7256E-04 -1.0880E+04 -1.8845E+03 -1.7354E+03  0.0000E+00 -2.0000E-03   1   5
  1.6594E-05 -3.7514E-05 -7.5317E-04  7.9867E+03  2.9723E+03 -2.4287E+03  0.0000E+00 -2.0000E-03   1   5
 -8.9804E-06  1.2643E-05 -1.3647E-03  7.8313E+03 -8.5389E+02  3.3187E+03  0.0000E+00 -2.0000E-03   1   5
  5.5747E-05 -1.0701E-04 -5.7282E-04 -2.8358E+03  4.4692E+03  4.2045E+00  0.0000E+00 -2.0000E-03   1   5
 -4.1060E-05  1.0335E-04  4.4469E-05 -2.3401E+03 -1.4959E+03  1.0195E+03  0.0000E+00 -2.0000E-03   1   5
 -3.8375E-05 -5.4216E-07  7.8759E-05  4.3811E+03  1.7498E+03 -1.5203E+03  0.0000E+00 -2.0000E-03   1   5
 -1.2232E-04  1.0760E-04 -1.9982E-04 -2.9847E+03 -7.1585E+02  9.7588E+02  0.0000E+00 -2.0000E-03   1   5
 -5.9391E-06  8.5736E-05 -1.0088E-03  5.4672E+03  2.2452E+03 -1.6284E+03  0.0000E+00 -2.0000E-03   1   5
  7.8301E-05 -3.2816E-05 -6.5913E-04  5.3227E+03 -7.3332E+03 -5.0903E+02  0.0000E+00 -2.0000E-03   1   5
 -8.2973E-05 -7.3136E-06  6.5169E-04 -5.2833E+03 -5.2063E+02 -1.1218E+03  0.0000E+00 -2.0000E-03   1   5
 -1.3889E-04 -1.5299E-04  5.4978E-04 -8.9555E+03  6.6662E+03  1.4155E+02  0.0000E+00 -2.0000E-03   1   5
  7.3860E-05 -8.4974E-05  9.1926E-04  1.1516E+03 -1.1692E+03 -1.1363E+03  0.0000E+00 -2.0000E-03   1   5
  8.1120E-05 -1.9611E-05  4.3462E-04  4.4803E+03  2.2291E+03  2.9784E+03  0.0000E+00 -2.0000E-03   1   5
  5.3321E-05 -4.7031E-05 -6.0445E-04 -5.8845E+03 -4.3011E+03 -1.6157E+02  0.0000E+00 -2.0000E-03   1   5
 -1.8247E-05  7.9842E-05 -4.3050E-04  2.8652E+03 -2.9162E+03  5.3205E+02  0.0000E+00 -2.0000E-03   1   5
 -1.7990E-05  8.4099E-05  1.8060E-04  4.3768E+03 -6.6726E+03  3.6288E+03  0.0000E+00 -2.0000E-03   1   5
  1.7752E-05 -5.4782E-05  7.9670E-04  6.0779E+03  1.0541E+04  5.7797E+02  0.0000E+00 -2.0000E-03   1   5
 -5.6264E-05 -4.2306E-05  4.7274E-04 -6.0085E+02  5.3355E+03 -4.3080E+02  0.0000E+00 -2.0000E-03   1   5
  5.2076E-05 -7.3326E-05 -4.1605E-04  5.8450E+03 -1.9418E+03 -4.5602E+02  0.0000E+00 -2.0000E-03   1   5
 -2.0950E-05  1.6100E-04 -3.2937E-04 -7.5860E+03  9.8600E+03  1.7654E+03  0.0000E+00 -2.0000E-03   1   5
 -9.8864E-07  1.4703E-04 -1.1351E-03  1.3452E+03 -8.6717E+03  1.0011E+03  0.0000E+00 -2.0000E-03   1   5
  1.3284E-05  1.2053E-05 -4.4502E-04 -4.5798E+03 -3.2002E+03  1.3263E+03  0.0000E+00 -2.0000E-03   1   5
  8.2914E-05  2.1471E-05  4.2648E-04  2.0908E+03  6.4800E+03 -2.7089E+03  0.0000E+00 -2.0000E-03   1   5
 -7.4106E-07  3.2133E-06 -1.5261E-03 -2.6470E+03 -2.5617E+03  3.5440E+03  0.0000E+00 -2.0000E-03   1   5
 -1.6168E-05  3.2841E-05 -1.3079E-04  5.3172E+02  3.0579E+03  2.2535E+02  0.0000E+00 -2.0000E-03   1   5
 -1.2918E-05  1.1479E-04  1.7010E-03 -2.4264E+03  6.2136E+03 -1.3521E+02  0.0000E+00 -2.0000E-03   1   5
  1.4820E-05  5.0864E-05 -5.1530E-04  6.5116E+03  5.1321E+03  2.2478E+03  0.0000E+00 -2.0000E-03   1   5
 -2.3571E-06  6.0958E-05 -1.9825E-03 -5.0816E+03 -4.2224E+03 -1.6272E+02  0.0000E+00 -2.0000E-03   1   5
  7.3926E-05  4.8567E-05 -8.4731E-04 -7.9019E+01 -2.8977E+03  1.0292E+03  0.0000E+00 -2.0000E-03   1   5
  3.3606E-05  1.0194E-04  1.3398E-03  6.8649E+03 -7.2472E+02 -3.6864E+02  0.0000E+00 -2.0000E-03   1   5
  8.0141E-05  3.3675E-06 -5.2250E-04  3.3034E+03  6.0328E+03  8.0877E+02  0.0000E+00 -2.0000E-03   1   5
  3.7477E-05  1.1422E-05  2.4336E-03  7.1222E+03 -3.3331E+03  3.2076E+02  0.0000E+00 -2.0000E-03   1   5
  1.0654E-04 -5.6066E-05  1.3021E-04  6.0109E+03  2.4978E+03  3.0608E+02  0.0000E+00 -2.0000E-03   1   5
 -1.3131E-04 -5.2577E-05  8.7369E-04  1.8676E+03 -6.5323E+02  7.8649E+02  0.0000E+00 -2.0000E-03   1   5
  8.9886E-05  1.5341E-05 -7.2166E-04 -1.2670E+03  3.6664E+03 -1.2844E+03  0.0000E+00 -2.0000E-03   1   5
 -1.0201E-04 -2.2084E-05 -1.2271E-03 -1.7344E+03  1.1147E+02 -2.0022E+03  0.0000E+00 -2.0000E-03   1   5
 -2.6804E-05 -8.1447E-05  8.9256E-04  5.4923E+03 -2.4705E+03  7.4852E+02  0.0000E+00 -2.0000E-03   1   5
  4.3967E-05 -5.0661E-05 -6.1795E-05  2.5904E+03  6.0879E+03 -3.4221E+03  0.0000E+00 -2.0000E-03   1   5
 -1.4740E-04 -1.0483E-04 -6.3553E-04  3.1452E+02 -6.7617E+03  2.0315E+03  0.0000E+00 -2.0000E-03   1   5
 -1.0076E-05  1.3817E-04 -7.5192E-04 -5.5284E+03  2.5161E+03  7.0538E+02  0.0000E+00 -2.0000E-03   1   5
 -1.3321E-04  1.7998E-04 -1.2517E-03  1.6307E+03  1.8069E+02  6.7313E+02  0.0000E+00 -2.0000E-03   1   5
 -1.0076E-04  5.0911E-05  4.3345E-05 -1.0036E+03 -4.2887E+02  3.5419E+02  0.0000E+00 -2.0000E-03   1   5
 -7.5451E-05 -6.1235E-05 -1.1842E-03 -4.1664E+03 -2.9134E+03 -2.3664E+03  0.0000E+00 -2.0000E-03   1   5
  3.1319E-06 -2.2155E-05 -1.8876E-03  7.9748E+03 -2.2508E+03 -4.0593E+03  0.0000E+00 -2.0000E-03   1   5
 -3.1529E-05  1.0970E-04  1.0070E-03 -7.2720E+03 -3.8920E+03 -3.8177E+03  0.0000E+00 -2.0000E-03   1   5
 -2.8766E-05  9.3297E-05  7.5612E-04 -4.4999E+03  3.1615E+03 -9.4936E+02  0.0000E+00 -2.0000E-03   1   5
 -6.5210E-05  1.1935E-04  8.7976E-04 -2.4178E+03  6.6680E+02  9.6813E+02  0.0000E+00 -2.0000E-03   1   5
  4.3503E-05 -6.3016E-05  5.3896E-04 -3.6028E+02  3.0635E+03 -1.0737E+03  0.0000E+00 -2.0000E-03   1   5
  5.5173E-05 -4.9840E-05  4.2790E-04  4.9634E+03 -3.2771E+03 -9.2615E+02  0.0000E+00 -2.0000E-03   1   5
 -1.5130E-04  1.1583E-05  7.3055E-05  1.8963E+03  3.8787E+03  1.5565E+03  0.0000E+00 -2.0000E-03   1   5
 -4.9110E-05 -1.0432E-04  8.1066E-04 -8.5993E+03  7.1697E+03  4.0299E+03  0.0000E+00 -2.0000E-03   1   5
  7.2039E-05 -5.0700E-05  1.0478E-03 -5.8666E+03  1.8306E+03  2.7862E+03  0.0000E+00 -2.0000E-03   1   5
  1.4532E-04 -3.8878E-06  2.3890E-04  2.6385E+03  6.3750E+03 -1.7226E+03  0.0000E+00 -2.0000E-03   1   5
 -1.5188E-04  1.1806E-04 -1.0794E-04 -8.4114E+03  1.2377E+04  1.1591E+03  0.0000E+00 -2.0000E-03   1   5
 -9.9745E-05 -1.0549E-04  1.8538E-03  8.2918E+03  9.4701E+02 -6.6805E+02  0.0000E+00 -2.0000E-03   1   5
 -1.2595E-04  3.7785E-05  2.0695E-04 -8.8931E+03 -6.2274E+03 -1.7154E+03  0.0000E+00 -2.0000E-03   1   5
 -1.0632E-04  3.6174E-05  4.4021E-04  6.2992E+03 -2.9782E+03  3.3030E+03  0.0000E+00 -2.0000E-03   1   5
  1.1541E-04  1.8359E-05  2.2416E-03  4.5272E+03 -1.5543E+03 -2.3471E+02  0.0000E+00 -2.0000E-03   1   5
 -5.0046E-05  3.6698E-05  2.1606E-03  3.2598E+03  5.2588E+03  1.3478E+03  0.0000E+00 -2.0000E-03   1   5
 -1.9532E-05  1.8714E-06 -6.8578E-05  7.5569E+03 -2.6851E+03 -1.0195E+03  0.0000E+00 -2.0000E-03   1   5
  1.7846E-04  1.2539E-04  7.3069E-04  5.7408E+03  6.8029E+03  6.1665E+02  0.0000E+00 -2.0000E-03   1   5
  9.5711E-06  1.0713E-04  1.0484E-03  4.7092E+03  4.2192E+03  7.8244E+01  0.0000E+00 -2.0000E-03   1   5
  1.1688E-06 -5.3063E-05  1.7547E-05  1.8374E+03  2.4861E+03 -1.6477E+03  0.0000E+00 -2.0000E-03   1   5
  1.9345E-05 -5.1323E-06  7.6881E-05 -4.6407E+03  9.6445E+03 -1.0398E+03  0.0000E+00 -2.0000E-03   1   5
 -7.7628E-05 -1.1184E-04 -3.2702E-04 -5.6917E+03 -4.3143E+03 -2.6863E+03  0.0000E+00 -2.0000E-03   1   5
  6.0243E-05  8.4878E-06  2.0161E-04 -9.7017E+03 -2.8659E+03  1.2043E+03  0.0000E+00 -2.0000E-03   1   5
  7.5833E-05  3.5515E-05 -3.5579E-04  1.6821E+03 -8.0636E+02 -3.8357E+02  0.0000E+00 -2.0000E-03   1   5
  2.7176E-06  5.5748E-05  1.0169E-03  3.7469E+03  3.4642E+02 -9.7370E+02  0.0000E+00 -2.0000E-03   1   5
  1.3819E-04 -8.4855E-05 -3.6492E-05  1.8085E+03  5.9782E+03 -2.0748E+03  0.0000E+00 -2.0000E-03   1   5
 -6.3682E-05 -6.8429E-05 -1.0041E-03  7.8485E+03 -3.5893E+03 -1.9496E+03  0.0000E+00 -2.0000E-03   1   5
 -3.6414E-05  8.4750E-05 -1.0764E-03 -9.0454E+02  8.3927E+03 -2.6802E+03  0.0000E+00 -2.0000E-03   1   5
  5.5227E-05  1.7493E-05  3.2315E-04 -2.4931E+03 -3.7867E+02  3.3597E+03  0.0000E+00 -2.0000E-03   1   5
 -2.8480E-05  1.0263E-04  1.4528E-04 -7.4103E+03 -4.6393E+03  2.7794E+03  0.0000E+00 -2.0000E-03   1   5
 -4.6120E-05  1.5484E-04 -6.7078E-04 -4.2517E+02 -1.0612E+04 -2.0412E+02  0.0000E+00 -2.0000E-03   1   5
  9.4099E-05 -4.2592E-05  1.6446E-03 -8.6364E+03  3.8992E+03 -1.3003E+03  0.0000E+00 -2.0000E-03   1   5
  8.3946E-05  3.5707E-05 -2.9334E-05  3.1538E+03 -6.8263E+02  2.6848E+03  0.0000E+00 -2.0000E-03   1   5
  3.4109E-06  2.8664E-05  7.0422E-04  2.5977E+03 -2.0579E+03 -3.5360E+02  0.0000E+00 -2.0000E-03   1   5
 -1.0917E-04 -7.1084E-05 -3.8856E-04  4.1449E+03 -8.2708E+03 -1.3585E+03  0.0000E+00 -2.0000E-03   1   5
 -3.9844E-05  3.0117E-05 -5.3779E-04 -3.7150E+03 -1.8402E+03  3.2940E+03  0.0000E+00 -2.0000E-03   1   5
 -7.6981E-05 -1.7830E-05 -9.8125E-04  4.2555E+03  5.0177E+03 -4.8125E+03  0.0000E+00 -2.0000E-03   1   5
 -5.5196E-05 -2.5794E-05  3.0654E-05  1.1703E+04 -2.0800E+03 -1.8082E+03  0.0000E+00 -2.0000E-03   1   5
  1.8879E-04 -4.4802E-05  6.2319E-04 -2.9022E+03 -2.2274E+03 -8.1632E+02  0.0000E+00 -2.0000E-03   1   5
  6.7553E-05 -1.2663E-05  1.0631E-03 -3.9282E+03 -1.5052E+03 -1.0157E+03  0.0000E+00 -2.0000E-03   1   5
 -3.2081E-05 -1.0251E-04 -4.5326E-04  3.3395E+03 -3.3673E+03 -3.2652E+03  0.0000E+00 -2.0000E-03   1   5
  4.8059E-05 -1.3868E-04 -4.3517E-05  1.1137E+03  7.1939E+02  3.3019E+02  0.0000E+00 -2.0000E-03   1   5
  7.0507E-05  2.0297E-05  3.4042E-04 -4.8463E+02  1.4015E+03 -2.0840E+02  0.0000E+00 -2.0000E-03   1   5
 -9.7215E-06  2.5400E-05 -6.8237E-04  1.2787E+03  7.7933E+03 -4.7492E+03  0.0000E+00 -2.0000E-03   1   5
 -3.5476E-05 -4.1448E-05  1.6500E-03  2.1357E+02  1.3268E+03  1.8895E+03  0.0000E+00 -2.0000E-03   1   5
 -8.0978E-05  1.7472E-05  6.4106E-04 -1.4474E+03 -1.1519E+03 -1.3279E+03  0.0000E+00 -2.0000E-03   1   5
 -2.0946E-05  6.3707E-05  1.1456E-03  8.7568E+03  7.9450E+03 -1.1072E+03  0.0000E+00 -2.0000E-03   1   5
  2.5571E-05  6.7105E-05  7.3433E-04  2.0090E+03  2.9987E+03  5.9168E+02  0.0000E+00 -2.0000E-03   1   5
 -5.5242E-05 -7.2121E-05 -2.5473E-04  1.3534E+03  3.0028E+03  8.7770E+01  0.0000E+00 -2.0000E-03   1   5
 -4.9067E-05  3.4966E-05 -6.7474E-04 -7.1468E+03 -1.6410E+03  2.9171E+03  0.0000E+00 -2.0000E-03   1   5
  8.4463E-05 -7.8140E-05  9.7144E-04  2.0619E+02 -2.3702E+03 -5.6355E+02  0.0000E+00 -2.0000E-03   1   5
 -3.0001E-05 -9.1806E-05 -5.2855E-04 -2.1241E+03  1.7188E+03  1.1419E+03  0.0000E+00 -2.0000E-03   1   5
  6.7083E-05 -1.7042E-04  6.7795E-04 -3.6162E+03 -2.9943E+03  3.9293E+03  0.0000E+00 -2.0000E-03   1   5
 -4.2400E-05 -9.7458E-06 -1.0473E-03 -3.0551E+03 -1.7283E+03  2.9115E+02  0.0000E+00 -2.0000E-03   1   5
 -6.8834E-05  5.6484E-05 -1.2920E-03  7.8074E+03 -5.5338E+01  3.3143E+03  0.0000E+00 -2.0000E-03   1   5
 -1.4082E-04 -4.4562E-05 -1.5513E-03  5.1874E+03 -7.3524E+03  1.2345E+03  0.0000E+00 -2.0000E-03   1   5
 -4.0094E-05 -4.1454E-05  1.3554E-03  4.7196E+03 -8.5224E+03 -1.0506E+03  0.0000E+00 -2.0000E-03   1   5
 -1.6252E-05  1.0884E-04  5.2191E-04 -4.0025E+03 -5.2128E+03  3.6195E+03  0.0000E+00 -2.0000E-03   1   5
 -1.1683E-04 -7.0973E-05 -4.6123E-04 -3.9142E+03 -5.4364E+03  6.3406E+03  0.0000E+00 -2.0000E-03   1   5
  5.5614E-05  8.2517E-05  2.3917E-03 -1.9300E+03  4.1170E+03 -1.8398E+03  0.0000E+00 -2.0000E-03   1   5
 -1.2679E-05  7.5880E-05  4.6903E-04 -7.9746E+02 -6.5183E+03 -1.0800E+03  0.0000E+00 -2.0000E-03   1   5
 -2.3173E-05 -1.5084E-04  5.2651E-04 -5.2539E+03  2.7583E+03 -1.1250E+03  0.0000E+00 -2.0000E-03   1   5
 -4.7041E-05 -4.7757E-05  8.1152E-04  1.4060E+04  1.0433E+04 -2.9360E+02  0.0000E+00 -2.0000E-03   1   5
  1.0592E-04  6.4997E-05 -5.5650E-04 -1.1504E+03  2.4532E+03 -3.8668E+03  0.0000E+00 -2.0000E-03   1   5
 -5.8020E-05  1.3421E-04  4.6790E-04 -4.9799E+03 -1.0750E+03  7.9280E+02  0.0000E+00 -2.0000E-03   1   5
  2.9633E-05  3.3713E-05 -8.3951E-04 -8.0967E+02 -2.8304E+03  1.6906E+03  0.0000E+00 -2.0000E-03   1   5
  6.0329E-06 -1.8656E-05 -8.2941E-04  6.1615E+03 -1.3074E+04 -3.0414E+03  0.0000E+00 -2.0000E-03   1   5
  1.3776E-04  1.0817E-04  1.3595E-03 -5.5415E+03 -5.3511E+03  1.8733E+03  0.0000E+00 -2.0000E-03   1   5
  3.5048E-05 -2.9139E-05  1.1226E-03  1.4977E+03  7.6728E+03  3.1580E+03  0.0000E+00 -2.0000E-03   1   5
  5.5797E-05  9.2011E-05 -1.4377E-04 -9.1902E+02 -2.0462E+03 -7.5967E+02  0.0000E+00 -2.0000E-03   1   5
 -3.6061E-05 -1.4882E-04 -6.0906E-04  1.2770E+04  1.0323E+03 -3.1457E+03  0.0000E+00 -2.0000E-03   1   5
  7.5662E-05  1.2405E-04 -4.8107E-04  5.6155E+03 -5.2695E+03  1.4142E+03  0.0000E+00 -2.0000E-03   1   5
  5.8558E-05 -6.3189E-05  7.7036E-04  2.9231E+03  8.5788E+03 -1.5493E+03  0.0000E+00 -2.0000E-03   1   5
  5.1512E-05  4.0450E-05  2.0218E-04  1.1558E+03  4.5330E+03 -6.1610E+01  0.0000E+00 -2.0000E-03   1   5
 -1.2323E-04  3.1043E-05 -1.7650E-04 -2.4010E+03  1.0306E+03  5.2714E+02  0.0000E+00 -2.0000E-03   1   5
  7.7035E-05 -6.7053E-05 -1.3874E-03 -1.0097E+04 -8.4132E+03 -9.0728E+02  0.0000E+00 -2.0000E-03   1   5
  9.2193E-05  1.3477E-05  1.4471E-03  7.2315E+03  5.4150E+03  1.8394E+03  0.0000E+00 -2.0000E-03   1   5
  4.7972E-06  5.4522E-05 -7.1553E-04  5.0327E+03  1.0346E+03 -3.4530E+03  0.0000E+00 -2.0000E-03   1   5
 -1.6924E-04 -1.3198E-04  9.6341E-04 -1.1429E+04 -3.3198E+02 -2.4013E+03  0.0000E+00 -2.0000E-03   1   5
  9.3144E-05  4.4798E-05  3.4424E-04 -3.5189E+03  1.9684E+02  1.7295E+03  0.0000E+00 -2.0000E-03   1   5
  4.9402E-05 -1.7223E-04 -1.4637E-03  3.6858E+03  4.1635E+03 -3.0542E+03  0.0000E+00 -2.0000E-03   1   5
 -5.4499E-05  9.7391E-05 -5.6282E-04 -3.5764E+03 -3.5290E+03 -2.7399E+03  0.0000E+00 -2.0000E-03   1   5
  6.9599E-05  2.6008E-05  8.9340E-04 -2.8150E+03  2.2813E+02 -2.8315E+03  0.0000E+00 -2.0000E-03   1   5
  6.5373E-05  1.0933E-04 -6.1565E-04 -2.4496E+02  9.1142E+02 -1.0462E+02  0.0000E+00 -2.0000E-03   1   5
 -2.8708E-06 -2.5855E-05 -2.0322E-03 -6.4428E+03  1.0800E+03  2.7400E+03  0.0000E+00 -2.0000E-03   1   5
 -3.2815E-05  1.1204E-04 -4.3928E-04 -3.8621E+03  2.6839E+03  1.0912E+03  0.0000E+00 -2.0000E-03   1   5
  4.6705E-05 -2.4588E-05  2.0184E-03  1.4571E+03 -1.8508E+03 -5.3461E+02  0.0000E+00 -2.0000E-03   1   5
  5.5846E-05 -2.5826E-05  1.2215E-03  3.0234E+03 -7.0254E+03  6.9609E+01  0.0000E+00 -2.0000E-03   1   5
  5.4009E-05 -5.2267E-05  7.4149E-04 -4.0802E+03  3.4423E+03 -4.2032E+03  0.0000E+00 -2.0000E-03   1   5
  2.1520E-05  8.1157E-05  8.3440E-04  8.5545E+03 -4.3077E+03 -3.9594E+03  0.0000E+00 -2.0000E-03   1   5
  3.2462E-05  8.5061E-05  2.4977E-04 -8.5338E+03 -9.0063E+03  2.4072E+03  0.0000E+00 -2.0000E-03   1   5
 -8.9578E-05 -2.1434E-05  1.1468E-03 -2.7811E+03  8.2574E+02 -7.5486E+02  0.0000E+00 -2.0000E-03   1   5
  8.9386E-05  1.4766E-04 -4.3298E-04  2.6439E+03 -2.7451E+03 -9.0677E+02  0.0000E+00 -2.0000E-03   1   5
 -1.4380E-05  1.8041E-04 -9.8834E-05  6.8535E+03  4.1742E+03 -2.3237E+03  0.0000E+00 -2.0000E-03   1   5
  6.4465E-05 -2.6652E-05  2.0926E-03 -2.4982E+03  1.9810E+03 -4.8201E+03  0.0000E+00 -2.0000E-03   1   5
  8.1233E-05 -8.0993E-06  8.4938E-05  7.9703E+03  3.1866E+03  1.4189E+03  0.0000E+00 -2.0000E-03   1   5
 -2.0505E-05 -2.7221E-05  1.1346E-03  5.9208E+02 -3.1593E+03  1.8520E+03  0.0000E+00 -2.0000E-03   1   5
 -4.7092E-06 -7.3744E-05 -2.1788E-03  8.5258E+03  3.0770E+03 -3.4442E+03  0.0000E+00 -2.0000E-03   1   5
  1.3113E-04 -5.2837E-06  1.8770E-04  1.1007E+04 -5.0360E+03 -4.0081E+03  0.0000E+00 -2.0000E-03   1   5
  3.2508E-05  1.4324E-04 -2.2293E-03 -2.0536E+03 -5.8606E+03  1.6613E+03  0.0000E+00 -2.0000E-03   1   5
 -2.4711E-05 -6.0148E-05 -6.2258E-05 -2.9395E+03  5.9472E+01 -9.0967E+02  0.0000E+00 -2.0000E-03   1   5
  1.1129E-05  1.7667E-04  7.5693E-04  4.9767E+03 -4.0249E+03 -3.3130E+03  0.0000E+00 -2.0000E-03   1   5
  3.8365E-05 -8.2124E-05 -6.8878E-06  1.1836E+03  1.8989E+03 -1.8444E+03  0.0000E+00 -2.0000E-03   1   5
 -2.4067E-05  1.1111E-05  7.2501E-04  3.3519E+03  9.8885E+02  5.8508E+02  0.0000E+00 -2.0000E-03   1   5
  1.1921E-04 -4.1979E-06 -1.3546E-03 -6.9104E+02  9.3267E+03 -1.0112E+03  0.0000E+00 -2.0000E-03   1   5
  3.1364E-05  8.2799E-05  1.3264E-03  3.3037E+03  8.0496E+03  2.3424E+03  0.0000E+00 -2.0000E-03   1   5
 -2.0191E-04  2.0806E-05  1.3633E-03 -7.6317E+02 -2.3131E+03 -3.3904E+03  0.0000E+00 -2.0000E-03   1   5
  6.1850E-05  1.2558E-04 -2.4473E-03  2.9844E+02  5.4069E+03 -1.3118E+03  0.0000E+00 -2.0000E-03   1   5
 -8.0752E-06 -2.5179E-05 -4.5507E-04  4.9159E+03  9.5112E+02  4.3598E+03  0.0000E+00 -2.0000E-03   1   5
  5.8619E-06  1.8830E-04  3.4381E-04  3.7952E+03  6.9414E+03 -2.7774E+03  0.0000E+00 -2.0000E-03   1   5
  9.8281E-05  5.8889E-05  7.4729E-05  3.3242E+03 -3.3169E+03  1.7142E+03  0.0000E+00 -2.0000E-03   1   5
 -3.8457E-06  3.3399E-05 -9.7799E-04 -4.4372E+03 -2.7376E+03  1.5656E+03  0.0000E+00 -2.0000E-03   1   5
  4.1986E-05 -8.0727E-05  1.7934E-04  1.1638E+03 -3.6458E+02  3.2949E+03  0.0000E+00 -2.0000E-03   1   5
 -8.9825E-05  9.3553E-06  2.6338E-04  1.1555E+04  7.9491E+03 -4.0910E+03  0.0000E+00 -2.0000E-03   1   5
 -1.0150E-04  4.0819E-05  7.7020E-04  7.5139E+03  2.2538E+03  5.8718E+02  0.0000E+00 -2.0000E-03   1   5
 -4.3822E-05 -3.8559E-05  1.3053E-03 -1.0278E+03  3.5213E+03  3.5361E+03  0.0000E+00 -2.0000E-03   1   5
  9.1741E-05 -1.1063E-04  1.5068E-04  8.0501E+02 -4.5798E+03 -2.7603E+03  0.0000E+00 -2.0000E-03   1   5
  8.0839E-05 -7.3013E-05 -2.0650E-04 -1.4856E+03 -1.2681E+03 -1.5898E+03  0.0000E+00 -2.0000E-03   1   5
  1.2216E-04  8.5496E-06  1.3993E-03 -5.8404E+03  2.5171E+03 -1.9717E+03  0.0000E+00 -2.0000E-03   1   5
 -6.2219E-05  9.5607E-05 -8.2164E-04  8.2091E+03  2.1239E+03 -3.7187E+02  0.0000E+00 -2.0000E-03   1   5
 -7.7682E-05  7.3704E-05  7.4061E-04 -2.6192E+02  5.4597E+03 -4.9574E+02  0.0000E+00 -2.0000E-03   1   5
  6.5551E-05 -4.9471E-05  2.0019E-03  1.8733E+02  3.4986E+03 -2.9287E+03  0.0000E+00 -2.0000E-03   1   5
 -1.6813E-04  3.1783E-05 -3.6513E-04  1.1203E+03 -7.9859E+01 -2.2120E+03  0.0000E+00 -2.0000E-03   1   5
 -1.5751E-05 -4.5471E-05  2.4281E-04  1.8534E+03  1.7362E+03 -6.0088E+03  0.0000E+00 -2.0000E-03   1   5
 -7.6748E-05 -5.3994E-05  2.2065E-04 -2.3652E+03  5.5439E+03 -1.1506E+03  0.0000E+00 -2.0000E-03   1   5
  1.3506E-04  4.4893E-05 -4.1914E-04 -3.0991E+03 -2.6047E+03 -7.8968E+01  0.0000E+00 -2.0000E-03   1   5
  1.5296E-04  7.2947E-05  6.0094E-04  3.8188E+03  3.6493E+03  1.0283E+03  0.0000E+00 -2.0000E-03   1   5
 -7.5167E-05 -2.4845E-05  2.3613E-04  7.6882E+02 -5.3667E+03 -1.0457E+03  0.0000E+00 -2.0000E-03   1   5
 -1.1110E-04 -8.8664E-05  1.2989E-03 -5.5641E+03 -4.0461E+03  2.9326E+02  0.0000E+00 -2.0000E-03   1   5
 -9.1263E-05  2.2802E-05  1.6547E-04  1.1378E+04  2.1103E+03 -3.5715E+03  0.0000E+00 -2.0000E-03   1   5
  5.1133E-06 -1.1889E-05  4.4835E-04  3.6421E+03  7.3711E+03  4.9742E+02  0.0000E+00 -2.0000E-03   1   5
 -1.5374E-05 -7.4332E-05  1.8282E-03 -2.7038E+03 -1.5680E+03 -1.0623E+03  0.0000E+00 -2.0000E-03   1   5
  1.5000E-04 -9.2885E-05 -6.2801E-04 -8.4846E+03  5.8736E+03 -5.2846E+01  0.0000E+00 -2.0000E-03   1   5
  1.2584E-05  3.1133E-05  1.9024E-03 -2.9200E+02  2.3498E+03 -8.6477E+02  0.0000E+00 -2.0000E-03   1   5
 -1.3576E-05 -1.5532E-05  2.4303E-04  5.1870E+03 -7.0304E+03 -1.9976E+03  0.0000E+00 -2.0000E-03   1   5
  1.7044E-04  9.6852E-05  6.8403E-04 -1.3514E+03  8.0911E+02 -5.0120E+03  0.0000E+00 -2.0000E-03   1   5
  1.8357E-05  6.6383E-05 -1.4238E-03  2.0409E+03 -1.6739E+03  1.6531E+03  0.0000E+00 -2.0000E-03   1   5
 -1.6140E-04 -8.1726E-05  2.1060E-04 -2.7532E+03 -6.2778E+02  2.5141E+03  0.0000E+00 -2.0000E-03   1   5
  1.1785E-04  1.1772E-06  2.6724E-04 -9.9108E+02 -1.1168E+03  2.5846E+02  0.0000E+00 -2.0000E-03   1   5
  2.8657E-05  1.1002E-06  1.0503E-03 -8.6294E+03 -6.7728E+03  4.0272E+02  0.0000E+00 -2.0000E-03   1   5
  1.1469E-04  8.0047E-05  7.3750E-04  3.3645E+03  2.6519E+03  9.7857E+02  0.0000E+00 -2.0000E-03   1   5
 -6.5975E-05  1.2183E-04 -9.2249E-04 -3.1925E+03  1.0936E+03 -2.1506E+03  0.0000E+00 -2.0000E-03   1   5
 -3.7728E-05 -9.0630E-05 -9.4479E-04  2.3829E+03 -1.6512E+03 -7.6908E+02  0.0000E+00 -2.0000E-03   1   5
 -8.7159E-05  3.8691E-05 -3.4247E-04  6.5820E+03  3.5493E+03 -1.6961E+03  0.0000E+00 -2.0000E-03   1   5
  1.9756E-04  3.3017E-05  1.0495E-03  1.4343E+03  1.3551E+04  1.8610E+03  0.0000E+00 -2.0000E-03   1   5
 -5.7836E-05 -1.5896E-05  2.6195E-04  6.2766E+03  1.7955E+03 -9.2680E+02  0.0000E+00 -2.0000E-03   1   5
 -7.3644E-05  3.1587E-05 -8.2172E-04  8.2775E+03 -1.7923E+03  2.5775E+03  0.0000E+00 -2.0000E-03   1   5
 -1.3853E-04 -5.7221E-05  8.7021E-04 -8.3946E+03 -3.1599E+03 -1.0042E+03  0.0000E+00 -2.0000E-03   1   5
 -7.0519E-05  3.1423E-05  3.2946E-06 -4.2184E+03  1.0026E+03  5.5506E+02  0.0000E+00 -2.0000E-03   1   5
  4.1153E-05  3.7561E-05  1.7742E-04 -7.6932E+02  5.5884E+03 -5.0637E+02  0.0000E+00 -2.0000E-03   1   5
 -1.6854E-04  7.0744E-06 -1.0610E-03  6.2911E+03  1.4957E+03  1.2209E+03  0.0000E+00 -2.0000E-03   1   5
 -5.6550E-05 -4.0956E-05  9.0733E-04 -9.5370E+03  1.9971E+03  2.9962E+03  0.0000E+00 -2.0000E-03   1   5
 -2.9281E-05  3.1660E-06  1.3548E-03 -2.9772E+03  5.5399E+02  3.7020E+03  0.0000E+00 -2.0000E-03   1   5
  2.5450E-05  1.1390E-05 -2.2084E-04 -7.5018E+02  3.2311E+03  3.0779E+03  0.0000E+00 -2.0000E-03   1   5
  4.8542E-05  3.6479E-05 -5.7157E-04 -1.0444E+03 -5.9541E+03 -4.3385E+02  0.0000E+00 -2.0000E-03   1   5
 -1.1679E-04  7.2238E-06 -1.1574E-03  7.4214E+03 -2.0788E+02  7.2785E+02  0.0000E+00 -2.0000E-03   1   5
 -1.2393E-04 -7.6539E-05  1.8049E-03 -4.7653E+03  9.2563E+03 -2.5407E+03  0.0000E+00 -2.0000E-03   1   5
 -7.6093E-05  4.4020E-06 -2.0503E-04 -1.0663E+04  2.2424E+03 -9.7896E+02  0.0000E+00 -2.0000E-03   1   5
 -1.4199E-05  2.5030E-05  6.7628E-04 -3.0323E+03  3.5383E+03  6.3301E+03  0.0000E+00 -2.0000E-03   1   5
 -8.8271E-06 -7.5125E-05  7.2162E-04  8.2960E+03 -4.3218E+02  1.0656E+03  0.0000E+00 -2.0000E-03   1   5
  3.0701E-05 -1.8696E-05 -1.4295E-04  8.5411E+03  2.0217E+03 -4.4581E+03  0.0000E+00 -2.0000E-03   1   5
  3.4694E-05  4.6286E-05  1.0880E-03 -6.2201E+01 -7.7186E+03  1.4235E+03  0.0000E+00 -2.0000E-03   1   5
  5.3153E-05  4.7176E-05  7.3992E-04  4.1719E+03 -1.8495E+03 -2.4469E+03  0.0000E+00 -2.0000E-03   1   5
  1.2841E-04  9.4013E-05  1.7668E-03 -4.0535E+03 -4.7766E+03  5.4115E+02  0.0000E+00 -2.0000E-03   1   5
  1.3517E-04 -3.7205E-05  4.6091E-04  8.8193E+03 -6.7737E+03  1.2089E+03  0.0000E+00 -2.0000E-03   1   5
 -1.0745E-05 -5.3860E-05  8.2603E-04  1.0412E+03  6.3533E+03  1.4071E+03  0.0000E+00 -2.0000E-03   1   5
  1.9325E-04 -4.6769E-05  8.1279E-04 -6.1097E+03 -5.4189E+03 -5.3362E+00  0.0000E+00 -2.0000E-03   1   5
 -3.3097E-06 -8.4619E-05  1.0296E-03  5.9321E+02  5.8562E+03  9.3106E+02  0.0000E+00 -2.0000E-03   1   5
 -1.8853E-05 -1.2474E-04  1.8888E-03  6.2048E+03 -5.0335E+03  5.4433E+03  0.0000E+00 -2.0000E-03   1   5
  2.6735E-05 -4.0436E-06 -1.1047E-03  2.4736E+03  1.9907E+02  1.2520E+03  0.0000E+00 -2.0000E-03   1   5
  7.2256E-05  1.3313E-04  9.1562E-04 -2.5518E+03  6.8155E+02  8.8336E+02  0.0000E+00 -2.0000E-03   1   5
 -1.1543E-04 -2.6028E-05  8.7646E-04 -5.3899E+03 -4.4427E+03  5.6530E+02  0.0000E+00 -2.0000E-03   1   5
  1.7182E-05 -6.2614E-06  2.0394E-03  4.3802E+03 -6.5730E+03 -4.9950E+03  0.0000E+00 -2.0000E-03   1   5
 -9.5511E-05  1.3066E-05 -6.6246E-04  3.0101E+03  8.2181E+03 -1.9874E+03  0.0000E+00 -2.0000E-03   1   5
  1.2411E-05 -5.9375E-05  1.7686E-04 -4.3646E+01 -3.5040E+03 -6.8464E+02  0.0000E+00 -2.0000E-03   1   5
  2.1534E-05  8.5378E-05  2.5151E-04 -2.5114E+03  1.1034E+04 -7.0489E+01  0.0000E+00 -2.0000E-03   1   5
 -7.7405E-05 -4.2906E-05 -6.8305E-04  1.3102E+03  7.6382E+03  8.3960E+02  0.0000E+00 -2.0000E-03   1   5
 -5.9209E-05  8.4314E-05  5.8656E-04  3.0892E+03  7.1984E+03 -1.9085E+03  0.0000E+00 -2.0000E-03   1   5
  6.0778E-05  1.0667E-04  7.9312E-04 -9.0635E+02  4.6080E+03  2.0192E+02  0.0000E+00 -2.0000E-03   1   5
  3.8484E-05  3.3052E-05 -7.0798E-04 -5.8469E+03  3.2854E+03 -1.5655E+03  0.0000E+00 -2.0000E-03   1   5
 -8.5069E-06  8.4874E-05 -4.8594E-04  1.9806E+03 -1.2243E+04  3.9197E+03  0.0000E+00 -2.0000E-03   1   5
 -5.9661E-05  8.1084E-05 -2.3908E-04 -2.2181E+03 -1.0582E+04  2.7519E+03  0.0000E+00 -2.0000E-03   1   5
 -1.6066E-04 -8.1819E-05  1.2988E-03 -3.8396E+00 -3.3264E+03  1.5130E+03  0.0000E+00 -2.0000E-03   1   5
 -4.5433E-06  5.3921E-05 -1.3942E-03  2.0343E+03  2.1520E+03 -2.7412E+03  0.0000E+00 -2.0000E-03   1   5
 -1.0047E-04  7.9574E-05  2.0696E-03 -1.2521E+03 -3.2303E+01 -2.7732E+03  0.0000E+00 -2.0000E-03   1   5
 -3.5033E-05  8.3282E-05 -1.8406E-03 -8.4906E+03 -2.4632E+03  4.5696E+03  0.0000E+00 -2.0000E-03   1   5
  3.8481E-05 -5.2247E-05 -8.6154E-04 -7.0973E+02 -5.5893E+02  1.2049E+03  0.0000E+00 -2.0000E-03   1   5
 -1.7256E-05  1.0062E-06 -1.7091E-04  5.8937E+02 -3.7349E+03 -1.5075E+03  0.0000E+00 -2.0000E-03   1   5
 -1.5003E-04 -1.7523E-05 -1.2858E-03 -2.0997E+03  3.7086E+03 -2.3020E+03  0.0000E+00 -2.0000E-03   1   5
  4.6372E-05 -1.7582E-05 -5.1129E-04  6.0703E+03 -2.2085E+03 -2.3386E+03  0.0000E+00 -2.0000E-03   1   5
 -2.6802E-06 -2.7668E-05 -1.0988E-03  5.4405E+03  8.3115E+03 -2.0281E+03  0.0000E+00 -2.0000E-03   1   5
  8.2260E-06 -4.4094E-05 -4.7615E-04 -5.8061E+02  1.0089E+04  4.1746E+03  0.0000E+00 -2.0000E-03   1   5
  1.4214E-04  2.0428E-05  1.7610E-03  4.0764E+03 -1.3249E+04 -3.8028E+02  0.0000E+00 -2.0000E-03   1   5
  8.3077E-05  2.0509E-04  2.2184E-04 -3.0062E+03 -3.1407E+03  1.8334E+03  0.0000E+00 -2.0000E-03   1   5
  4.2792E-05 -9.6896E-05 -8.5771E-04 -2.9987E+02  8.3493E+03  8.5584E+01  0.0000E+00 -2.0000E-03   1   5
  1.3853E-04 -1.7693E-05  1.1347E-03  1.0700E+03  3.3760E+03 -2.1150E+03  0.0000E+00 -2.0000E-03   1   5
 -9.4503E-05  2.9673E-05  1.9170E-03 -5.5688E+03 -4.1218E+03  2.7665E+03  0.0000E+00 -2.0000E-03   1   5
 -7.2404E-06 -1.3511E-04  2.0079E-04 -4.0400E+03 -6.8097E+03  1.2791E+03  0.0000E+00 -2.0000E-03   1   5
 -5.2443E-05 -1.2165E-04 -4.7731E-04  4.4048E+02 -1.9437E+02 -1.4261E+03  0.0000E+00 -2.0000E-03   1   5
  1.9129E-04  5.6495E-06  9.7208E-04 -1.2948E+03 -1.4348E+03  1.6116E+03  0.0000E+00 -2.0000E-03   1   5
 -3.3218E-06  2.7366E-05  8.4955E-04 -2.7377E+03 -2.0805E+03  2.0522E+03  0.0000E+00 -2.0000E-03   1   5
  2.0611E-04  1.0258E-04 -1.6528E-03  2.1112E+03 -1.4929E+03  7.6511E+02  0.0000E+00 -2.0000E-03   1   5
  5.6813E-05  5.2763E-05 -2.9874E-04  1.3766E+03  1.7281E+03 -3.3554E+03  0.0000E+00 -2.0000E-03   1   5
 -8.2246E-05  3.9899E-05  2.9632E-04  4.3264E+03  1.9357E+02 -5.6647E+02  0.0000E+00 -2.0000E-03   1   5
 -1.1749E-04 -1.2860E-04  3.5225E-04 -2.1478E+03 -2.1166E+03 -9.0474E+02  0.0000E+00 -2.0000E-03   1   5
 -4.9512E-05 -1.1988E-05  8.2814E-04 -7.0812E+03 -1.8784E+03  2.6732E+03  0.0000E+00 -2.0000E-03   1   5
  1.2764E-05 -1.5506E-05  8.6348E-04  5.2696E+03  1.0139E+04  2.5324E+03  0.0000E+00 -2.0000E-03   1   5
 -1.0548E-04 -8.4820E-05 -6.1383E-04 -6.7918E+03  6.2014E+03  7.4933E+02  0.0000E+00 -2.0000E-03   1   5
  1.5814E-04  2.2556E-04 -1.2752E-03 -4.4846E+03  6.7684E+03 -3.9835E+03  0.0000E+00 -2.0000E-03   1   5
  3.8532E-05  1.3881E-04 -3.7455E-04 -1.7788E+02 -2.0817E+03  3.2360E+02  0.0000E+00 -2.0000E-03   1   5
  2.6260E-05 -1.8202E-05  1.3549E-03 -4.0444E+03  2.8235E+03 -3.3843E+03  0.0000E+00 -2.0000E-03   1   5
  1.1338E-04  3.9912E-05  1.3212E-04 -7.2264E+03 -2.4459E+03  5.0553E+02  0.0000E+00 -2.0000E-03   1   5
  1.1242E-05  1.1341E-04 -6.8470E-04 -4.2899E+03  1.4314E+03  2.2375E+02  0.0000E+00 -2.0000E-03   1   5
 -3.6188E-05  6.6653E-05 -4.6801E-04  7.1341E+03 -4.5338E+03 -1.3165E+03  0.0000E+00 -2.0000E-03   1   5
  5.0871E-05 -7.3770E-05 -1.0760E-03 -2.3220E+03 -1.5309E+03  2.0578E+03  0.0000E+00 -2.0000E-03   1   5
  9.8556E-05  7.4842E-05 -2.0964E-03 -2.3202E+03 -7.1981E+02  1.2019E+03  0.0000E+00 -2.0000E-03   1   5
 -1.0692E-04 -2.4928E-05 -5.7293E-04  4.2208E+03  4.3534E+03  6.6377E+02  0.0000E+00 -2.0000E-03   1   5
  1.9920E-05  3.9741E-05  6.9623E-04  5.6389E+03 -9.2614E+02  3.1260E+03  0.0000E+00 -2.0000E-03   1   5
 -4.5713E-05  7.4590E-05  3.3251E-04 -1.0767E+04  2.9030E+03  2.1340E+02  0.0000E+00 -2.0000E-03   1   5
  1.2225E-04  5.0244E-05  8.5773E-04  4.8487E+03 -1.6648E+03 -1.7160E+03  0.0000E+00 -2.0000E-03   1   5
  9.6212E-05  1.2417E-04  1.1816E-03 -8.0458E+03 -8.0955E+02  2.8483E+02  0.0000E+00 -2.0000E-03   1   5
 -1.1274E-04  4.1859E-05  8.8183E-04  1.1227E+03  6.6097E+02 -2.4241E+03  0.0000E+00 -2.0000E-03   1   5
  7.8122E-05 -3.3516E-05  5.2774E-04  3.2118E+03  4.0537E+03  8.2324E+01  0.0000E+00 -2.0000E-03   1   5
 -8.1893E-07 -3.8705E-05  8.7728E-04 -6.2233E+03 -1.0146E+04  3.4721E+03  0.0000E+00 -2.0000E-03   1   5
  2.8383E-05 -1.7405E-04  3.1769E-05  5.8592E+03 -9.2161E+02 -1.8009E+03  0.0000E+00 -2.0000E-03   1   5
 -5.1662E-05  2.0759E-05  5.0358E-04  1.6873E+03  1.9034E+03  1.4328E+02  0.0000E+00 -2.0000E-03   1   5
 -1.1237E-04  3.4392E-05  5.6532E-04  3.9383E+03 -1.7710E+03  1.3911E+03  0.0000E+00 -2.0000E-03   1   5
  5.9261E-05  1.8790E-05  3.4379E-05 -6.5628E+03 -4.6622E+03  6.0843E+03  0.0000E+00 -2.0000E-03   1   5
  5.9027E-05  1.2189E-04  2.4330E-04 -8.4602E+02  1.8017E+03  6.4219E+02  0.0000E+00 -2.0000E-03   1   5
  3.4447E-05  3.7320E-06  1.5872E-03  2.9527E+03 -7.8257E+03  1.3153E+03  0.0000E+00 -2.0000E-03   1   5
 -3.8216E-05  9.7363E-06  6.0699E-05 -5.6503E+03  1.2095E+03 -2.3619E+03  0.0000E+00 -2.0000E-03   1   5
  1.4405E-05 -3.6539E-05 -1.4705E-03  4.9798E+03 -3.0139E+03  5.2632E+02  0.0000E+00 -2.0000E-03   1   5
  4.1725E-05 -2.2336E-04  1.0571E-03  5.1531E+03 -1.0603E+03 -1.7833E+03  0.0000E+00 -2.0000E-03   1   5
 -1.2605E-05  6.0855E-05 -3.7212E-04 -4.3407E+03 -2.5842E+03 -1.6178E+03  0.0000E+00 -2.0000E-03   1   5
 -9.4981E-05  3.6877E-05 -2.1728E-04  7.4000E+02  2.8687E+03 -2.9965E+02  0.0000E+00 -2.0000E-03   1   5
 -1.1682E-04  4.5595E-06  1.0639E-03  1.6768E+03  2.5485E+03 -1.4929E+03  0.0000E+00 -2.0000E-03   1   5
  3.3749E-06 -1.6241E-04 -1.3570E-03 -1.7384E+03  8.5689E+02 -4.9251E+02  0.0000E+00 -2.0000E-03   1   5
 -5.0636E-06  3.0390E-05 -3.9582E-04  3.2011E+03 -1.0156E+03 -1.9579E+03  0.0000E+00 -2.0000E-03   1   5
  9.2666E-06 -9.9688E-06 -6.6369E-04 -9.0296E+01  5.3410E+03  1.9146E+03  0.0000E+00 -2.0000E-03   1   5
 -4.3677E-05 -3.1550E-05 -8.7788E-04  2.7543E+03  3.1932E+03 -4.3780E+03  0.0000E+00 -2.0000E-03   1   5
 -1.7002E-05  3.9733E-05  2.2754E-04 -5.9401E+03  9.8838E+03  4.4887E+03  0.0000E+00 -2.0000E-03   1   5
 -2.4447E-06 -4.6315E-05 -1.2071E-03  3.6550E+02  3.4421E+03  1.5109E+03  0.0000E+00 -2.0000E-03   1   5
 -2.4187E-05 -2.6288E-05  1.1377E-03 -1.0524E+04 -8.6444E+03 -4.0165E+03  0.0000E+00 -2.0000E-03   1   5
 -1.6631E-04 -1.2491E-04  1.1178E-03  6.8992E+03 -4.8150E+02  2.1346E+03  0.0000E+00 -2.0000E-03   1   5
 -9.4329E-05  1.3106E-05  1.2454E-03  4.9999E+03  6.4655E+02 -3.7324E+03  0.0000E+00 -2.0000E-03   1   5
 -1.4096E-05 -2.6242E-05  1.4652E-04  8.5242E+02  5.5726E+03  2.9324E+02  0.0000E+00 -2.0000E-03   1   5
  3.0623E-05  1.3025E-05  9.7947E-04 -6.4859E+03  1.0255E+04  3.1554E+03  0.0000E+00 -2.0000E-03   1   5
  1.2021E-04  1.6316E-04 -1.6499E-03  5.1423E+03  5.1624E+03 -1.0754E+03  0.0000E+00 -2.0000E-03   1   5
 -6.4447E-05 -7.1585E-05  1.5065E-03  1.2419E+04  7.3096E+03  3.5095E+02  0.0000E+00 -2.0000E-03   1   5
 -8.7395E-05  1.3332E-05 -3.0423E-04  1.4221E+03 -3.8847E+03 -1.4619E+03  0.0000E+00 -2.0000E-03   1   5
 -3.3909E-05  1.2719E-05 -4.8983E-04 -1.4392E+04 -2.5562E+03  1.0653E+03  0.0000E+00 -2.0000E-03   1   5
  2.0236E-04  6.2080E-05  1.3637E-03 -6.9425E+01  8.7069E+03 -5.6306E+03  0.0000E+00 -2.0000E-03   1   5
 -3.0143E-05 -5.3910E-05  8.7199E-05  4.3283E+03  2.7748E+03 -2.7493E+03  0.0000E+00 -2.0000E-03   1   5
 -1.6156E-04 -4.7983E-05 -1.3643E-03 -4.6028E+03  2.5544E+03  1.9291E+03  0.0000E+00 -2.0000E-03   1   5
 -8.5060E-06 -8.8973E-05 -7.4911E-04 -6.2325E+03 -7.8225E+03  2.5507E+03  0.0000E+00 -2.0000E-03   1   5
 -3.3718E-05  6.7029E-05  3.6113E-04  3.7320E+02 -7.9183E+02 -4.9936E+02  0.0000E+00 -2.0000E-03   1   5
  7.4448E-05  4.4175E-05 -6.3381E-04  1.1434E+03  3.6701E+03 -2.3598E+02  0.0000E+00 -2.0000E-03   1   5
  1.4349E-04 -7.9064E-05 -5.6914E-04  7.2067E+02 -8.1076E+03 -2.5320E+03  0.0000E+00 -2.0000E-03   1   5
 -5.1203E-06  6.0934E-06 -5.4686E-04 -1.9180E+03  4.2353E+03 -2.1633E+02  0.0000E+00 -2.0000E-03   1   5
 -2.5931E-05 -2.5066E-07 -1.2628E-03  2.7628E+03  3.8047E+03  5.4281E+02  0.0000E+00 -2.0000E-03   1   5
 -5.6552E-06  1.0988E-04  8.2909E-05 -5.8040E+03 -1.7507E+04 -3.4660E+02  0.0000E+00 -2.0000E-03   1   5
 -9.8692E-05  1.5174E-05  6.3555E-05 -1.2978E+03 -1.2821E+02 -2.0531E+03  0.0000E+00 -2.0000E-03   1   5
  7.9012E-05 -6.5639E-05 -7.7289E-04 -8.2843E+02 -7.9391E+03 -1.2622E+03  0.0000E+00 -2.0000E-03   1   5
  1.0697E-05  7.9379E-05 -9.8941E-04 -6.9370E+03  4.5441E+03 -2.4416E+02  0.0000E+00 -2.0000E-03   1   5
  4.0975E-05 -7.0187E-06  4.8100E-04 -3.9811E+03 -7.6256E+03  2.9565E+03  0.0000E+00 -2.0000E-03   1   5
  7.8357E-05  6.4083E-05 -7.6467E-05  2.7822E+03  1.9544E+03  9.3811E+02  0.0000E+00 -2.0000E-03   1   5
 -1.4810E-04  4.3062E-05 -2.2665E-03  4.0399E+02 -2.9334E+03 -7.4728E+02  0.0000E+00 -2.0000E-03   1   5
  8.0448E-05 -1.4601E-05  5.5790E-04  7.7069E+03  2.5792E+03 -9.0873E+02  0.0000E+00 -2.0000E-03   1   5
  9.9701E-05 -7.0000E-05  1.0567E-03  5.5262E+03  1.3319E+03  2.1804E+02  0.0000E+00 -2.0000E-03   1   5
 -1.0962E-04 -3.5262E-07 -6.0378E-04 -4.3340E+02  6.0041E+03  5.8112E+02  0.0000E+00 -2.0000E-03   1   5
  6.1874E-05 -4.5804E-05  5.8317E-04 -3.2411E+03 -3.4524E+03 -2.5524E+03  0.0000E+00 -2.0000E-03   1   5
 -8.7864E-05 -7.7412E-05  1.6345E-03  7.2304E+03  1.0726E+04 -3.1366E+02  0.0000E+00 -2.0000E-03   1   5
