  6.0624E-05  0.0000E+00  2.5000E+02  9.2986E-01  2.1066E+00  1.9587E+00 -2.8434E-02
  3.4000E-04  9.3190E-04  2.5000E+02  9.2986E-01  2.1066E+00  1.9587E+00 -2.8434E-02
  6.8000E-04  2.0660E-03  2.5000E+02  9.2986E-01  2.1066E+00  1.9587E+00 -2.8434E-02
  1.0200E-03  3.2001E-03  2.5000E+02  9.2986E-01  2.1066E+00  1.9587E+00 -2.8434E-02
  1.3600E-03  4.3343E-03  2.5000E+02  9.2986E-01  2.1066E+00  1.9587E+00 -2.8434E-02
  1.7000E-03  5.4684E-03  2.5000E+02  9.2986E-01  2.1066E+00  1.9587E+00 -2.8434E-02
  2.0400E-03  6.6025E-03  2.5000E+02  9.2986E-01  2.1066E+00  1.9587E+00 -2.8434E-02
  2.3800E-03  7.7366E-03  2.5000E+02  9.2986E-01  2.1066E+00  1.9587E+00 -2.8434E-02
  2.7200E-03  8.8707E-03  2.5000E+02  9.2986E-01  2.1066E+00  1.9587E+00 -2.8434E-02
  3.0600E-03  1.0005E-02  2.5000E+02  9.2986E-01  2.1066E+00  1.9587E+00 -2.8434E-02
  3.4000E-03  1.1139E-02  2.5000E+02  9.2986E-01  2.1066E+00  1.9587E+00 -2.8434E-02
  3.7400E-03  1.2273E-02  2.5000E+02  9.2986E-01  2.1066E+00  1.9587E+00 -2.8434E-02
  4.0800E-03  1.3407E-02  2.5000E+02  9.2986E-01  2.1066E+00  1.9587E+00 -2.8434E-02
  4.4200E-03  1.4541E-02  2.5000E+02  9.2986E-01  2.1066E+00  1.9587E+00 -2.8434E-02
  4.7600E-03  1.5675E-02  2.5000E+02  9.2986E-01  2.1066E+00  1.9587E+00 -2.8434E-02
  5.1000E-03  1.6810E-02  2.5000E+02  9.2986E-01  2.1066E+00  1.9587E+00 -2.8434E-02
  5.4400E-03  1.7944E-02  2.5000E+02  9.2986E-01  2.1066E+00  1.9587E+00 -2.8434E-02
  5.7800E-03  1.9078E-02  2.5000E+02  9.2986E-01  2.1066E+00  1.9587E+00 -2.8434E-02
  6.1200E-03  2.0212E-02  2.5000E+02  9.2986E-01  2.1066E+00  1.9587E+00 -2.8434E-02
  6.4600E-03  2.1346E-02  2.5000E+02  9.2986E-01  2.1066E+00  1.9587E+00 -2.8434E-02
  6.8000E-03  2.2480E-02  2.5000E+02  9.2986E-01  2.1066E+00  1.9587E+00 -2.8434E-02
  7.1400E-03  2.3614E-02  2.5000E+02  9.2986E-01  2.1066E+00  1.9587E+00 -2.8434E-02
  7.4800E-03  2.4748E-02  2.5000E+02  9.2986E-01  2.1066E+00  1.9587E+00 -2.8434E-02
  7.8200E-03  2.5883E-02  2.5000E+02  9.2986E-01  2.1066E+00  1.9587E+00 -2.8434E-02
  8.1600E-03  2.7017E-02  2.5000E+02  9.2986E-01  2.1066E+00  1.9587E+00 -2.8434E-02
  8.5000E-03  2.8151E-02  2.5000E+02  9.2986E-01  2.1066E+00  1.9587E+00 -2.8434E-02
  8.8400E-03  2.9285E-02  2.5000E+02  9.2986E-01  2.1066E+00  1.9587E+00 -2.8434E-02
  9.1800E-03  3.0419E-02  2.5000E+02  9.2986E-01  2.1066E+00  1.9587E+00 -2.8434E-02
  9.5200E-03  3.1553E-02  2.5000E+02  9.2986E-01  2.1066E+00  1.9587E+00 -2.8434E-02
  9.8600E-03  3.2687E-02  2.5000E+02  9.2986E-01  2.1066E+00  1.9587E+00 -2.8434E-02
  1.0200E-02  3.3821E-02  2.5000E+02  9.2986E-01  2.1066E+00  1.9587E+00 -2.8434E-02
  1.0540E-02  3.4956E-02  2.5000E+02  9.2986E-01  2.1066E+00  1.9587E+00 -2.8434E-02
  1.0880E-02  3.6090E-02  2.5000E+02  9.2986E-01  2.1066E+00  1.9587E+00 -2.8434E-02
  1.1220E-02  3.7224E-02  2.5000E+02  9.2986E-01  2.1066E+00  1.9587E+00 -2.8434E-02
  1.1560E-02  3.8358E-02  2.5000E+02  9.2986E-01  2.1066E+00  1.9587E+00 -2.8434E-02
  1.1900E-02  3.9492E-02  2.5000E+02  9.2986E-01  2.1066E+00  1.9587E+00 -2.8434E-02
  1.2240E-02  4.0626E-02  2.5000E+02  9.2986E-01  2.1066E+00  1.9587E+00 -2.8434E-02
  1.2580E-02  4.1760E-02  2.5000E+02  9.2986E-01  2.1066E+00  1.9587E+00 -2.8434E-02
  1.2920E-02  4.2894E-02  2.5000E+02  9.2986E-01  2.1066E+00  1.9587E+00 -2.8434E-02
  1.3260E-02  4.4028E-02  2.5000E+02  9.2986E-01  2.1066E+00  1.9587E+00 -2.8434E-02
  1.3600E-02  4.5163E-02  2.5000E+02  9.2986E-01  2.1066E+00  1.9587E+00 -2.8434E-02
  1.3940E-02  4.6297E-02  2.5000E+02  9.2986E-01  2.1066E+00  1.9587E+00 -2.8434E-02
  1.4280E-02  4.7431E-02  2.5000E+02  9.2986E-01  2.1066E+00  1.9587E+00 -2.8434E-02
  1.4620E-02  4.8565E-02  2.5000E+02  9.2986E-01  2.1066E+00  1.9587E+00 -2.8434E-02
  1.4960E-02  4.9699E-02  2.5000E+02  9.2986E-01  2.1066E+00  1.9587E+00 -2.8434E-02
  1.5300E-02  5.0833E-02  2.5000E+02  9.2986E-01  2.1066E+00  1.9587E+00 -2.8434E-02
  1.5640E-02  5.1967E-02  2.5000E+02  9.2986E-01  2.1066E+00  1.9587E+00 -2.8434E-02
  1.5980E-02  5.3101E-02  2.5000E+02  9.2986E-01  2.1066E+00  1.9587E+00 -2.8434E-02
  1.6320E-02  5.4236E-02  2.5000E+02  9.2986E-01  2.1066E+00  1.9587E+00 -2.8434E-02
  1.6660E-02  5.5370E-02  2.5000E+02  9.2986E-01  2.1066E+00  1.9587E+00 -2.8434E-02
  1.7000E-02  5.6504E-02  2.5000E+02  9.2986E-01  2.1066E+00  1.9587E+00 -2.8434E-02
  1.7340E-02  5.7638E-02  2.5000E+02  9.2986E-01  2.1066E+00  1.9587E+00 -2.8434E-02
  1.7680E-02  5.8772E-02  2.5000E+02  9.2986E-01  2.1066E+00  1.9587E+00 -2.8434E-02
  1.8020E-02  5.9906E-02  2.5000E+02  9.2986E-01  2.1066E+00  1.9587E+00 -2.8434E-02
  1.8360E-02  6.1040E-02  2.5000E+02  9.2986E-01  2.1066E+00  1.9587E+00 -2.8434E-02
  1.8700E-02  6.2174E-02  2.5000E+02  9.2986E-01  2.1066E+00  1.9587E+00 -2.8434E-02
  1.9040E-02  6.3309E-02  2.5000E+02  9.2986E-01  2.1066E+00  1.9587E+00 -2.8434E-02
  1.9380E-02  6.4443E-02  2.5000E+02  9.2986E-01  2.1066E+00  1.9587E+00 -2.8434E-02
  1.9720E-02  6.5577E-02  2.5000E+02  9.2986E-01  2.1066E+00  1.9587E+00 -2.8434E-02
  2.0060E-02  6.6711E-02  2.5000E+02  9.2986E-01  2.1066E+00  1.9587E+00 -2.8434E-02
  2.0400E-02  6.7845E-02  2.5000E+02  9.2986E-01  2.1066E+00  1.9587E+00 -2.8434E-02
  2.0740E-02  6.8979E-02  2.5000E+02  9.2986E-01  2.1066E+00  1.9587E+00 -2.8434E-02
  2.1080E-02  7.0113E-02  2.5000E+02  9.2986E-01  2.1066E+00  1.9587E+00 -2.8434E-02
  2.1420E-02  7.1247E-02  2.5000E+02  9.2986E-01  2.1066E+00  1.9587E+00 -2.8434E-02
  2.1760E-02  7.2381E-02  2.5000E+02  9.2986E-01  2.1066E+00  1.9587E+00 -2.8434E-02
  2.2100E-02  7.3516E-02  2.5000E+02  9.2986E-01  2.1066E+00  1.9587E+00 -2.8434E-02
  2.2440E-02  7.4650E-02  2.5000E+02  9.2986E-01  2.1066E+00  1.9587E+00 -2.8434E-02
  2.2780E-02  7.5784E-02  2.5000E+02  9.2986E-01  2.1066E+00  1.9587E+00 -2.8434E-02
  2.3120E-02  7.6918E-02  2.5000E+02  9.2986E-01  2.1066E+00  1.9587E+00 -2.8434E-02
  2.3460E-02  7.8052E-02  2.5000E+02  9.2986E-01  2.1066E+00  1.9587E+00 -2.8434E-02
  2.3800E-02  7.9186E-02  2.5000E+02  9.2986E-01  2.1066E+00  1.9587E+00 -2.8434E-02
  2.4140E-02  8.0320E-02  2.5000E+02  9.2986E-01  2.1066E+00  1.9587E+00 -2.8434E-02
  2.4480E-02  8.1454E-02  2.5000E+02  9.2986E-01  2.1066E+00  1.9587E+00 -2.8434E-02
  2.4820E-02  8.2589E-02  2.5000E+02  9.2986E-01  2.1066E+00  1.9587E+00 -2.8434E-02
  2.5160E-02  8.3723E-02  2.5000E+02  9.2986E-01  2.1066E+00  1.9587E+00 -2.8434E-02
  2.5500E-02  8.4857E-02  2.5000E+02  9.2986E-01  2.1066E+00  1.9587E+00 -2.8434E-02
  2.5840E-02  8.5991E-02  2.5000E+02  9.2986E-01  2.1066E+00  1.9587E+00 -2.8434E-02
  2.6180E-02  8.7125E-02  2.5000E+02  9.2986E-01  2.1066E+00  1.9587E+00 -2.8434E-02
  2.6520E-02  8.8259E-02  2.5000E+02  9.2986E-01  2.1066E+00  1.9587E+00 -2.8434E-02
  2.6860E-02  8.9393E-02  2.5000E+02  9.2986E-01  2.1066E+00  1.9587E+00 -2.8434E-02
  2.7200E-02  9.0527E-02  2.5000E+02  9.2986E-01  2.1066E+00  1.9587E+00 -2.8434E-02
  2.7540E-02  9.1662E-02  2.5000E+02  9.2986E-01  2.1066E+00  1.9587E+00 -2.8434E-02
  2.7880E-02  9.2796E-02  2.5000E+02  9.2986E-01  2.1066E+00  1.9587E+00 -2.8434E-02
  2.8220E-02  9.3930E-02  2.5000E+02  9.2986E-01  2.1066E+00  1.9587E+00 -2.8434E-02
  2.8560E-02  9.5064E-02  2.5000E+02  9.2986E-01  2.1066E+00  1.9587E+00 -2.8434E-02
  2.8900E-02  9.6198E-02  2.5000E+02  9.2986E-01  2.1066E+00  1.9587E+00 -2.8434E-02
  2.9240E-02  9.7332E-02  2.5000E+02  9.2986E-01  2.1066E+00  1.9587E+00 -2.8434E-02
  2.9580E-02  9.8466E-02  2.5000E+02  9.2986E-01  2.1066E+00  1.9587E+00 -2.8434E-02
  2.9920E-02  9.9600E-02  2.5000E+02  9.2986E-01  2.1066E+00  1.9587E+00 -2.8434E-02
  3.0260E-02  1.0073E-01  2.5000E+02  9.2986E-01  2.1066E+00  1.9587E+00 -2.8434E-02
  3.0600E-02  1.0187E-01  2.5000E+02  9.2986E-01  2.1066E+00  1.9587E+00 -2.8434E-02
  3.0940E-02  1.0300E-01  2.5000E+02  9.2986E-01  2.1066E+00  1.9587E+00 -2.8434E-02
  3.1280E-02  1.0414E-01  2.5000E+02  9.2986E-01  2.1066E+00  1.9587E+00 -2.8434E-02
  3.1620E-02  1.0527E-01  2.5000E+02  9.2986E-01  2.1066E+00  1.9587E+00 -2.8434E-02
  3.1960E-02  1.0641E-01  2.5000E+02  9.2986E-01  2.1066E+00  1.9587E+00 -2.8434E-02
  3.2300E-02  1.0754E-01  2.5000E+02  9.2986E-01  2.1066E+00  1.9587E+00 -2.8434E-02
  3.2640E-02  1.0867E-01  2.5000E+02  9.2986E-01  2.1066E+00  1.9587E+00 -2.8434E-02
  3.2980E-02  1.0981E-01  2.5000E+02  9.2986E-01  2.1066E+00  1.9587E+00 -2.8434E-02
  3.3320E-02  1.1094E-01  2.5000E+02  9.2986E-01  2.1066E+00  1.9587E+00 -2.8434E-02
  3.3660E-02  1.1208E-01  2.5000E+02  9.2986E-01  2.1066E+00  1.9587E+00 -2.8434E-02
  3.4000E-02  1.1321E-01  2.5000E+02  9.2986E-01  2.1066E+00  1.9587E+00 -2.8434E-02
  3.4340E-02  1.1434E-01  2.5000E+02  9.2986E-01  2.1066E+00  1.9587E+00 -2.8434E-02
  3.4680E-02  1.1548E-01  2.5000E+02  9.2986E-01  2.1066E+00  1.9587E+00 -2.8434E-02
  3.5020E-02  1.1661E-01  2.5000E+02  9.2986E-01  2.1066E+00  1.9587E+00 -2.8434E-02
  3.5360E-02  1.1775E-01  2.5000E+02  9.2986E-01  2.1066E+00  1.9587E+00 -2.8434E-02
  3.5700E-02  1.1888E-01  2.5000E+02  9.2986E-01  2.1066E+00  1.9587E+00 -2.8434E-02
  3.6040E-02  1.2001E-01  2.5000E+02  9.2986E-01  2.1066E+00  1.9587E+00 -2.8434E-02
  3.6380E-02  1.2115E-01  2.5000E+02  9.2986E-01  2.1066E+00  1.9587E+00 -2.8434E-02
  3.6720E-02  1.2228E-01  2.5000E+02  9.2986E-01  2.1066E+00  1.9587E+00 -2.8434E-02
  3.7060E-02  1.2342E-01  2.5000E+02  9.2986E-01  2.1066E+00  1.9587E+00 -2.8434E-02
  3.7400E-02  1.2455E-01  2.5000E+02  9.2986E-01  2.1066E+00  1.9587E+00 -2.8434E-02
  3.7740E-02  1.2569E-01  2.5000E+02  9.2986E-01  2.1066E+00  1.9587E+00 -2.8434E-02
  3.8080E-02  1.2682E-01  2.5000E+02  9.2986E-01  2.1066E+00  1.9587E+00 -2.8434E-02
  3.8420E-02  1.2795E-01  2.5000E+02  9.2986E-01  2.1066E+00  1.9587E+00 -2.8434E-02
  3.8760E-02  1.2909E-01  2.5000E+02  9.2986E-01  2.1066E+00  1.9587E+00 -2.8434E-02
  3.9100E-02  1.3022E-01  2.5000E+02  9.2986E-01  2.1066E+00  1.9587E+00 -2.8434E-02
  3.9440E-02  1.3136E-01  2.5000E+02  9.2986E-01  2.1066E+00  1.9587E+00 -2.8434E-02
  3.9780E-02  1.3249E-01  2.5000E+02  9.2986E-01  2.1066E+00  1.9587E+00 -2.8434E-02
  4.0120E-02  1.3362E-01  2.5000E+02  9.2986E-01  2.1066E+00  1.9587E+00 -2.8434E-02
  4.0460E-02  1.3476E-01  2.5000E+02  9.2986E-01  2.1066E+00  1.9587E+00 -2.8434E-02
  4.0800E-02  1.3589E-01  2.5000E+02  9.2986E-01  2.1066E+00  1.9587E+00 -2.8434E-02
  4.1140E-02  1.3703E-01  2.5000E+02  9.2986E-01  2.1066E+00  1.9587E+00 -2.8434E-02
  4.1480E-02  1.3816E-01  2.5000E+02  9.2986E-01  2.1066E+00  1.9587E+00 -2.8434E-02
  4.1820E-02  1.3929E-01  2.5000E+02  9.2986E-01  2.1066E+00  1.9587E+00 -2.8434E-02
  4.2160E-02  1.4043E-01  2.5000E+02  9.2986E-01  2.1066E+00  1.9587E+00 -2.8434E-02
  4.2500E-02  1.4156E-01  2.5000E+02  9.2986E-01  2.1066E+00  1.9587E+00 -2.8434E-02
  4.2840E-02  1.4270E-01  2.5000E+02  9.2986E-01  2.1066E+00  1.9587E+00 -2.8434E-02
  4.3180E-02  1.4383E-01  2.5000E+02  9.2986E-01  2.1066E+00  1.9587E+00 -2.8434E-02
  4.3520E-02  1.4497E-01  2.5000E+02  9.2986E-01  2.1066E+00  1.9587E+00 -2.8434E-02
  4.3860E-02  1.4610E-01  2.5000E+02  9.2986E-01  2.1066E+00  1.9587E+00 -2.8434E-02
  4.4200E-02  1.4723E-01  2.5000E+02  9.2986E-01  2.1066E+00  1.9587E+00 -2.8434E-02
  4.4540E-02  1.4837E-01  2.5000E+02  9.2986E-01  2.1066E+00  1.9587E+00 -2.8434E-02
  4.4880E-02  1.4950E-01  2.5000E+02  9.2986E-01  2.1066E+00  1.9587E+00 -2.8434E-02
  4.5220E-02  1.5064E-01  2.5000E+02  9.2986E-01  2.1066E+00  1.9587E+00 -2.8434E-02
  4.5560E-02  1.5177E-01  2.5000E+02  9.2986E-01  2.1066E+00  1.9587E+00 -2.8434E-02
  4.5900E-02  1.5290E-01  2.5000E+02  9.2986E-01  2.1066E+00  1.9587E+00 -2.8434E-02
  4.6240E-02  1.5404E-01  2.5000E+02  9.2986E-01  2.1066E+00  1.9587E+00 -2.8434E-02
  4.6580E-02  1.5517E-01  2.5000E+02  9.2986E-01  2.1066E+00  1.9587E+00 -2.8434E-02
  4.6920E-02  1.5631E-01  2.5000E+02  9.2986E-01  2.1066E+00  1.9587E+00 -2.8434E-02
  4.7260E-02  1.5744E-01  2.5000E+02  9.2986E-01  2.1066E+00  1.9587E+00 -2.8434E-02
  4.7600E-02  1.5857E-01  2.5000E+02  9.2986E-01  2.1066E+00  1.9587E+00 -2.8434E-02
  4.7940E-02  1.5971E-01  2.5000E+02  9.2986E-01  2.1066E+00  1.9587E+00 -2.8434E-02
  4.8280E-02  1.6084E-01  2.5000E+02  9.2986E-01  2.1066E+00  1.9587E+00 -2.8434E-02
  4.8620E-02  1.6198E-01  2.5000E+02  9.2986E-01  2.1066E+00  1.9587E+00 -2.8434E-02
  4.8960E-02  1.6311E-01  2.5000E+02  9.2986E-01  2.1066E+00  1.9587E+00 -2.8434E-02
  4.9300E-02  1.6425E-01  2.5000E+02  9.2986E-01  2.1066E+00  1.9587E+00 -2.8434E-02
  4.9640E-02  1.6538E-01  2.5000E+02  9.2986E-01  2.1066E+00  1.9587E+00 -2.8434E-02
  4.9980E-02  1.6651E-01  2.5000E+02  9.2986E-01  2.1066E+00  1.9587E+00 -2.8434E-02
  5.0320E-02  1.6765E-01  2.5000E+02  9.2986E-01  2.1066E+00  1.9587E+00 -2.8434E-02
  5.0660E-02  1.6878E-01  2.5000E+02  9.2986E-01  2.1066E+00  1.9587E+00 -2.8434E-02
  5.1000E-02  1.6992E-01  2.5000E+02  9.2986E-01  2.1066E+00  1.9587E+00 -2.8434E-02
  5.1340E-02  1.7105E-01  2.5000E+02  9.2986E-01  2.1066E+00  1.9587E+00 -2.8434E-02
  5.1680E-02  1.7218E-01  2.5000E+02  9.2986E-01  2.1066E+00  1.9587E+00 -2.8434E-02
  5.2020E-02  1.7332E-01  2.5000E+02  9.2986E-01  2.1066E+00  1.9587E+00 -2.8434E-02
  5.2360E-02  1.7445E-01  2.5000E+02  9.2986E-01  2.1066E+00  1.9587E+00 -2.8434E-02
  5.2700E-02  1.7559E-01  2.5000E+02  9.2986E-01  2.1066E+00  1.9587E+00 -2.8434E-02
  5.3040E-02  1.7672E-01  2.5000E+02  9.2986E-01  2.1066E+00  1.9587E+00 -2.8434E-02
  5.3380E-02  1.7785E-01  2.5000E+02  9.2986E-01  2.1066E+00  1.9587E+00 -2.8434E-02
  5.3720E-02  1.7899E-01  2.5000E+02  9.2986E-01  2.1066E+00  1.9587E+00 -2.8434E-02
  5.4060E-02  1.8012E-01  2.5000E+02  9.2986E-01  2.1066E+00  1.9587E+00 -2.8434E-02
  5.4400E-02  1.8126E-01  2.5000E+02  9.2986E-01  2.1066E+00  1.9587E+00 -2.8434E-02
  5.4740E-02  1.8239E-01  2.5000E+02  9.2986E-01  2.1066E+00  1.9587E+00 -2.8434E-02
  5.5080E-02  1.8353E-01  2.5000E+02  9.2986E-01  2.1066E+00  1.9587E+00 -2.8434E-02
  5.5420E-02  1.8466E-01  2.5000E+02  9.2986E-01  2.1066E+00  1.9587E+00 -2.8434E-02
  5.5760E-02  1.8579E-01  2.5000E+02  9.2986E-01  2.1066E+00  1.9587E+00 -2.8434E-02
  5.6100E-02  1.8693E-01  2.5000E+02  9.2986E-01  2.1066E+00  1.9587E+00 -2.8434E-02
  5.6440E-02  1.8806E-01  2.5000E+02  9.2986E-01  2.1066E+00  1.9587E+00 -2.8434E-02
  5.6780E-02  1.8920E-01  2.5000E+02  9.2986E-01  2.1066E+00  1.9587E+00 -2.8434E-02
  5.7120E-02  1.9033E-01  2.5000E+02  9.2986E-01  2.1066E+00  1.9587E+00 -2.8434E-02
  5.7460E-02  1.9146E-01  2.5000E+02  9.2986E-01  2.1066E+00  1.9587E+00 -2.8434E-02
  5.7800E-02  1.9260E-01  2.5000E+02  9.2986E-01  2.1066E+00  1.9587E+00 -2.8434E-02
  5.8140E-02  1.9373E-01  2.5000E+02  9.2986E-01  2.1066E+00  1.9587E+00 -2.8434E-02
  5.8480E-02  1.9487E-01  2.5000E+02  9.2986E-01  2.1066E+00  1.9587E+00 -2.8434E-02
  5.8820E-02  1.9600E-01  2.5000E+02  9.2986E-01  2.1066E+00  1.9587E+00 -2.8434E-02
  5.9160E-02  1.9713E-01  2.5000E+02  9.2986E-01  2.1066E+00  1.9587E+00 -2.8434E-02
  5.9500E-02  1.9827E-01  2.5000E+02  9.2986E-01  2.1066E+00  1.9587E+00 -2.8434E-02
  5.9840E-02  1.9940E-01  2.5000E+02  9.2986E-01  2.1066E+00  1.9587E+00 -2.8434E-02
  6.0180E-02  2.0054E-01  2.5000E+02  9.2986E-01  2.1066E+00  1.9587E+00 -2.8434E-02
  6.0520E-02  2.0167E-01  2.5000E+02  9.2986E-01  2.1066E+00  1.9587E+00 -2.8434E-02
  6.0860E-02  2.0281E-01  2.5000E+02  9.2986E-01  2.1066E+00  1.9587E+00 -2.8434E-02
  6.1200E-02  2.0394E-01  2.5000E+02  9.2986E-01  2.1066E+00  1.9587E+00 -2.8434E-02
  6.1540E-02  2.0507E-01  2.5000E+02  9.2986E-01  2.1066E+00  1.9587E+00 -2.8434E-02
  6.1880E-02  2.0621E-01  2.5000E+02  9.2986E-01  2.1066E+00  1.9587E+00 -2.8434E-02
  6.2220E-02  2.0734E-01  2.5000E+02  9.2986E-01  2.1066E+00  1.9587E+00 -2.8434E-02
  6.2560E-02  2.0848E-01  2.5000E+02  9.2986E-01  2.1066E+00  1.9587E+00 -2.8434E-02
  6.2900E-02  2.0961E-01  2.5000E+02  9.2986E-01  2.1066E+00  1.9587E+00 -2.8434E-02
  6.3240E-02  2.1074E-01  2.5000E+02  9.2986E-01  2.1066E+00  1.9587E+00 -2.8434E-02
  6.3580E-02  2.1188E-01  2.5000E+02  9.2986E-01  2.1066E+00  1.9587E+00 -2.8434E-02
  6.3920E-02  2.1301E-01  2.5000E+02  9.2986E-01  2.1066E+00  1.9587E+00 -2.8434E-02
  6.4260E-02  2.1415E-01  2.5000E+02  9.2986E-01  2.1066E+00  1.9587E+00 -2.8434E-02
  6.4600E-02  2.1528E-01  2.5000E+02  9.2986E-01  2.1066E+00  1.9587E+00 -2.8434E-02
  6.4940E-02  2.1641E-01  2.5000E+02  9.2986E-01  2.1066E+00  1.9587E+00 -2.8434E-02
  6.5280E-02  2.1755E-01  2.5000E+02  9.2986E-01  2.1066E+00  1.9587E+00 -2.8434E-02
  6.5620E-02  2.1868E-01  2.5000E+02  9.2986E-01  2.1066E+00  1.9587E+00 -2.8434E-02
  6.5960E-02  2.1982E-01  2.5000E+02  9.2986E-01  2.1066E+00  1.9587E+00 -2.8434E-02
  6.6300E-02  2.2095E-01  2.5000E+02  9.2986E-01  2.1066E+00  1.9587E+00 -2.8434E-02
  6.6640E-02  2.2209E-01  2.5000E+02  9.2986E-01  2.1066E+00  1.9587E+00 -2.8434E-02
  6.6980E-02  2.2322E-01  2.5000E+02  9.2986E-01  2.1066E+00  1.9587E+00 -2.8434E-02
  6.7320E-02  2.2435E-01  2.5000E+02  9.2986E-01  2.1066E+00  1.9587E+00 -2.8434E-02
  6.7660E-02  2.2549E-01  2.5000E+02  9.2986E-01  2.1066E+00  1.9587E+00 -2.8434E-02
  6.8000E-02  2.2662E-01  2.5000E+02  9.2986E-01  2.1066E+00  1.9587E+00 -2.8434E-02
  6.8340E-02  2.2776E-01  2.5000E+02  9.2986E-01  2.1066E+00  1.9587E+00 -2.8434E-02
  6.8680E-02  2.2889E-01  2.5000E+02  9.2986E-01  2.1066E+00  1.9587E+00 -2.8434E-02
  6.9020E-02  2.3002E-01  2.5000E+02  9.2986E-01  2.1066E+00  1.9587E+00 -2.8434E-02
  6.9360E-02  2.3116E-01  2.5000E+02  9.2986E-01  2.1066E+00  1.9587E+00 -2.8434E-02
  6.9700E-02  2.3229E-01  2.5000E+02  9.2986E-01  2.1066E+00  1.9587E+00 -2.8434E-02
  7.0040E-02  2.3343E-01  2.5000E+02  9.2986E-01  2.1066E+00  1.9587E+00 -2.8434E-02
  7.0380E-02  2.3456E-01  2.5000E+02  9.2986E-01  2.1066E+00  1.9587E+00 -2.8434E-02
  7.0720E-02  2.3569E-01  2.5000E+02  9.2986E-01  2.1066E+00  1.9587E+00 -2.8434E-02
  7.1060E-02  2.3683E-01  2.5000E+02  9.2986E-01  2.1066E+00  1.9587E+00 -2.8434E-02
  7.1400E-02  2.3796E-01  2.5000E+02  9.2986E-01  2.1066E+00  1.9587E+00 -2.8434E-02
  7.1740E-02  2.3910E-01  2.5000E+02  9.2986E-01  2.1066E+00  1.9587E+00 -2.8434E-02
  7.2080E-02  2.4023E-01  2.5000E+02  9.2986E-01  2.1066E+00  1.9587E+00 -2.8434E-02
  7.2420E-02  2.4137E-01  2.5000E+02  9.2986E-01  2.1066E+00  1.9587E+00 -2.8434E-02
  7.2760E-02  2.4250E-01  2.5000E+02  9.2986E-01  2.1066E+00  1.9587E+00 -2.8434E-02
  7.3100E-02  2.4363E-01  2.5000E+02  9.2986E-01  2.1066E+00  1.9587E+00 -2.8434E-02
  7.3440E-02  2.4477E-01  2.5000E+02  9.2986E-01  2.1066E+00  1.9587E+00 -2.8434E-02
  7.3780E-02  2.4590E-01  2.5000E+02  9.2986E-01  2.1066E+00  1.9587E+00 -2.8434E-02
  7.4120E-02  2.4704E-01  2.5000E+02  9.2986E-01  2.1066E+00  1.9587E+00 -2.8434E-02
  7.4460E-02  2.4817E-01  2.5000E+02  9.2986E-01  2.1066E+00  1.9587E+00 -2.8434E-02
  7.4800E-02  2.4930E-01  2.5000E+02  9.2986E-01  2.1066E+00  1.9587E+00 -2.8434E-02
  7.5140E-02  2.5044E-01  2.5000E+02  9.2986E-01  2.1066E+00  1.9587E+00 -2.8434E-02
  7.5480E-02  2.5157E-01  2.5000E+02  9.2986E-01  2.1066E+00  1.9587E+00 -2.8434E-02
  7.5820E-02  2.5271E-01  2.5000E+02  9.2986E-01  2.1066E+00  1.9587E+00 -2.8434E-02
  7.6160E-02  2.5384E-01  2.5000E+02  9.2986E-01  2.1066E+00  1.9587E+00 -2.8434E-02
  7.6500E-02  2.5497E-01  2.5000E+02  9.2986E-01  2.1066E+00  1.9587E+00 -2.8434E-02
  7.6840E-02  2.5611E-01  2.5000E+02  9.2986E-01  2.1066E+00  1.9587E+00 -2.8434E-02
  7.7180E-02  2.5724E-01  2.5000E+02  9.2986E-01  2.1066E+00  1.9587E+00 -2.8434E-02
  7.7520E-02  2.5838E-01  2.5000E+02  9.2986E-01  2.1066E+00  1.9587E+00 -2.8434E-02
  7.7860E-02  2.5951E-01  2.5000E+02  9.2986E-01  2.1066E+00  1.9587E+00 -2.8434E-02
  7.8200E-02  2.6065E-01  2.5000E+02  9.2986E-01  2.1066E+00  1.9587E+00 -2.8434E-02
  7.8540E-02  2.6178E-01  2.5000E+02  9.2986E-01  2.1066E+00  1.9587E+00 -2.8434E-02
  7.8880E-02  2.6291E-01  2.5000E+02  9.2986E-01  2.1066E+00  1.9587E+00 -2.8434E-02
  7.9220E-02  2.6405E-01  2.5000E+02  9.2986E-01  2.1066E+00  1.9587E+00 -2.8434E-02
  7.9560E-02  2.6518E-01  2.5000E+02  9.2986E-01  2.1066E+00  1.9587E+00 -2.8434E-02
  7.9900E-02  2.6632E-01  2.5000E+02  9.2986E-01  2.1066E+00  1.9587E+00 -2.8434E-02
  8.0240E-02  2.6745E-01  2.5000E+02  9.2986E-01  2.1066E+00  1.9587E+00 -2.8434E-02
  8.0580E-02  2.6858E-01  2.5000E+02  9.2986E-01  2.1066E+00  1.9587E+00 -2.8434E-02
  8.0920E-02  2.6972E-01  2.5000E+02  9.2986E-01  2.1066E+00  1.9587E+00 -2.8434E-02
  8.1260E-02  2.7085E-01  2.5000E+02  9.2986E-01  2.1066E+00  1.9587E+00 -2.8434E-02
  8.1600E-02  2.7199E-01  2.5000E+02  9.2986E-01  2.1066E+00  1.9587E+00 -2.8434E-02
  8.1940E-02  2.7312E-01  2.5000E+02  9.2986E-01  2.1066E+00  1.9587E+00 -2.8434E-02
  8.2280E-02  2.7425E-01  2.5000E+02  9.2986E-01  2.1066E+00  1.9587E+00 -2.8434E-02
  8.2620E-02  2.7539E-01  2.5000E+02  9.2986E-01  2.1066E+00  1.9587E+00 -2.8434E-02
  8.2960E-02  2.7652E-01  2.5000E+02  9.2986E-01  2.1066E+00  1.9587E+00 -2.8434E-02
  8.3300E-02  2.7766E-01  2.5000E+02  9.2986E-01  2.1066E+00  1.9587E+00 -2.8434E-02
  8.3640E-02  2.7879E-01  2.5000E+02  9.2986E-01  2.1066E+00  1.9587E+00 -2.8434E-02
  8.3980E-02  2.7993E-01  2.5000E+02  9.2986E-01  2.1066E+00  1.9587E+00 -2.8434E-02
  8.4320E-02  2.8106E-01  2.5000E+02  9.2986E-01  2.1066E+00  1.9587E+00 -2.8434E-02
  8.4660E-02  2.8219E-01  2.5000E+02  9.2986E-01  2.1066E+00  1.9587E+00 -2.8434E-02
  8.5000E-02  2.8333E-01  2.5000E+02  9.2986E-01  2.1066E+00  1.9587E+00 -2.8434E-02
  8.5340E-02  2.8446E-01  2.5000E+02  9.2986E-01  2.1066E+00  1.9587E+00 -2.8434E-02
  8.5680E-02  2.8560E-01  2.5000E+02  9.2986E-01  2.1066E+00  1.9587E+00 -2.8434E-02
  8.6020E-02  2.8673E-01  2.5000E+02  9.2986E-01  2.1066E+00  1.9587E+00 -2.8434E-02
  8.6360E-02  2.8786E-01  2.5000E+02  9.2986E-01  2.1066E+00  1.9587E+00 -2.8434E-02
  8.6700E-02  2.8900E-01  2.5000E+02  9.2986E-01  2.1066E+00  1.9587E+00 -2.8434E-02
  8.7040E-02  2.9013E-01  2.5000E+02  9.2986E-01  2.1066E+00  1.9587E+00 -2.8434E-02
  8.7380E-02  2.9127E-01  2.5000E+02  9.2986E-01  2.1066E+00  1.9587E+00 -2.8434E-02
  8.7720E-02  2.9240E-01  2.5000E+02  9.2986E-01  2.1066E+00  1.9587E+00 -2.8434E-02
  8.8060E-02  2.9353E-01  2.5000E+02  9.2986E-01  2.1066E+00  1.9587E+00 -2.8434E-02
  8.8400E-02  2.9467E-01  2.5000E+02  9.2986E-01  2.1066E+00  1.9587E+00 -2.8434E-02
  8.8740E-02  2.9580E-01  2.5000E+02  9.2986E-01  2.1066E+00  1.9587E+00 -2.8434E-02
  8.9080E-02  2.9694E-01  2.5000E+02  9.2986E-01  2.1066E+00  1.9587E+00 -2.8434E-02
  8.9420E-02  2.9807E-01  2.5000E+02  9.2986E-01  2.1066E+00  1.9587E+00 -2.8434E-02
  8.9760E-02  2.9921E-01  2.5000E+02  9.2986E-01  2.1066E+00  1.9587E+00 -2.8434E-02
  9.0100E-02  3.0034E-01  2.5000E+02  9.2986E-01  2.1066E+00  1.9587E+00 -2.8434E-02
  9.0440E-02  3.0147E-01  2.5000E+02  9.2986E-01  2.1066E+00  1.9587E+00 -2.8434E-02
  9.0780E-02  3.0261E-01  2.5000E+02  9.2986E-01  2.1066E+00  1.9587E+00 -2.8434E-02
  9.1120E-02  3.0374E-01  2.5000E+02  9.2986E-01  2.1066E+00  1.9587E+00 -2.8434E-02
  9.1460E-02  3.0488E-01  2.5000E+02  9.2986E-01  2.1066E+00  1.9587E+00 -2.8434E-02
  9.1800E-02  3.0601E-01  2.5000E+02  9.2986E-01  2.1066E+00  1.9587E+00 -2.8434E-02
  9.2140E-02  3.0714E-01  2.5000E+02  9.2986E-01  2.1066E+00  1.9587E+00 -2.8434E-02
  9.2480E-02  3.0828E-01  2.5000E+02  9.2986E-01  2.1066E+00  1.9587E+00 -2.8434E-02
  9.2820E-02  3.0941E-01  2.5000E+02  9.2986E-01  2.1066E+00  1.9587E+00 -2.8434E-02
  9.3160E-02  3.1055E-01  2.5000E+02  9.2986E-01  2.1066E+00  1.9587E+00 -2.8434E-02
  9.3500E-02  3.1168E-01  2.5000E+02  9.2986E-01  2.1066E+00  1.9587E+00 -2.8434E-02
  9.3840E-02  3.1281E-01  2.5000E+02  9.2986E-01  2.1066E+00  1.9587E+00 -2.8434E-02
  9.4180E-02  3.1395E-01  2.5000E+02  9.2986E-01  2.1066E+00  1.9587E+00 -2.8434E-02
  9.4520E-02  3.1508E-01  2.5000E+02  9.2986E-01  2.1066E+00  1.9587E+00 -2.8434E-02
  9.4860E-02  3.1622E-01  2.5000E+02  9.2986E-01  2.1066E+00  1.9587E+00 -2.8434E-02
  9.5200E-02  3.1735E-01  2.5000E+02  9.2986E-01  2.1066E+00  1.9587E+00 -2.8434E-02
  9.5540E-02  3.1849E-01  2.5000E+02  9.2986E-01  2.1066E+00  1.9587E+00 -2.8434E-02
  9.5880E-02  3.1962E-01  2.5000E+02  9.2986E-01  2.1066E+00  1.9587E+00 -2.8434E-02
  9.6220E-02  3.2075E-01  2.5000E+02  9.2986E-01  2.1066E+00  1.9587E+00 -2.8434E-02
  9.6560E-02  3.2189E-01  2.5000E+02  9.2986E-01  2.1066E+00  1.9587E+00 -2.8434E-02
  9.6900E-02  3.2302E-01  2.5000E+02  9.2986E-01  2.1066E+00  1.9587E+00 -2.8434E-02
  9.7240E-02  3.2416E-01  2.5000E+02  9.2986E-01  2.1066E+00  1.9587E+00 -2.8434E-02
  9.7580E-02  3.2529E-01  2.5000E+02  9.2986E-01  2.1066E+00  1.9587E+00 -2.8434E-02
  9.7920E-02  3.2642E-01  2.5000E+02  9.2986E-01  2.1066E+00  1.9587E+00 -2.8434E-02
  9.8260E-02  3.2756E-01  2.5000E+02  9.2986E-01  2.1066E+00  1.9587E+00 -2.8434E-02
  9.8597E-02  3.2869E-01  2.5000E+02  9.2855E-01  2.1087E+00  1.9579E+00 -2.8560E-02
  9.8940E-02  3.2984E-01  2.5000E+02  9.2855E-01  2.1087E+00  1.9579E+00 -2.8560E-02
  9.9280E-02  3.3098E-01  2.5000E+02  9.2852E-01  2.1108E+00  1.9598E+00 -2.8637E-02
  9.9620E-02  3.3211E-01  2.5000E+02  9.2852E-01  2.1108E+00  1.9598E+00 -2.8637E-02
  9.9960E-02  3.3325E-01  2.5000E+02  9.2852E-01  2.1108E+00  1.9598E+00 -2.8637E-02
  1.0030E-01  3.3438E-01  2.5000E+02  9.2852E-01  2.1108E+00  1.9598E+00 -2.8637E-02
  1.0064E-01  3.3551E-01  2.5000E+02  9.2852E-01  2.1108E+00  1.9598E+00 -2.8637E-02
  1.0098E-01  3.3665E-01  2.5000E+02  9.2852E-01  2.1108E+00  1.9598E+00 -2.8637E-02
  1.0132E-01  3.3777E-01  2.5000E+02  9.2825E-01  2.1129E+00  1.9611E+00 -2.8682E-02
  1.0166E-01  3.3891E-01  2.5000E+02  9.2825E-01  2.1129E+00  1.9611E+00 -2.8682E-02
  1.0200E-01  3.4004E-01  2.5000E+02  9.2825E-01  2.1129E+00  1.9611E+00 -2.8682E-02
  1.0234E-01  3.4118E-01  2.5000E+02  9.2825E-01  2.1129E+00  1.9611E+00 -2.8682E-02
  1.0268E-01  3.4231E-01  2.5000E+02  9.2825E-01  2.1129E+00  1.9611E+00 -2.8682E-02
  1.0302E-01  3.4345E-01  2.5000E+02  9.2825E-01  2.1129E+00  1.9611E+00 -2.8682E-02
  1.0336E-01  3.4458E-01  2.5000E+02  9.2825E-01  2.1129E+00  1.9611E+00 -2.8682E-02
  1.0370E-01  3.4571E-01  2.5000E+02  9.2825E-01  2.1129E+00  1.9611E+00 -2.8682E-02
  1.0404E-01  3.4685E-01  2.5000E+02  9.2825E-01  2.1129E+00  1.9611E+00 -2.8682E-02
  1.0438E-01  3.4798E-01  2.5000E+02  9.2825E-01  2.1129E+00  1.9611E+00 -2.8682E-02
  1.0472E-01  3.4912E-01  2.5000E+02  9.2825E-01  2.1129E+00  1.9611E+00 -2.8682E-02
  1.0506E-01  3.5025E-01  2.5000E+02  9.2825E-01  2.1129E+00  1.9611E+00 -2.8682E-02
  1.0540E-01  3.5138E-01  2.5000E+02  9.2825E-01  2.1129E+00  1.9611E+00 -2.8682E-02
  1.0574E-01  3.5252E-01  2.5000E+02  9.2825E-01  2.1129E+00  1.9611E+00 -2.8682E-02
  1.0608E-01  3.5365E-01  2.5000E+02  9.2825E-01  2.1129E+00  1.9611E+00 -2.8682E-02
  1.0642E-01  3.5479E-01  2.5000E+02  9.2825E-01  2.1129E+00  1.9611E+00 -2.8682E-02
  1.0676E-01  3.5592E-01  2.5000E+02  9.2825E-01  2.1129E+00  1.9611E+00 -2.8682E-02
  1.0710E-01  3.5705E-01  2.5000E+02  9.2825E-01  2.1129E+00  1.9611E+00 -2.8682E-02
  1.0744E-01  3.5819E-01  2.5000E+02  9.2825E-01  2.1129E+00  1.9611E+00 -2.8682E-02
  1.0778E-01  3.5932E-01  2.5000E+02  9.2825E-01  2.1129E+00  1.9611E+00 -2.8682E-02
  1.0812E-01  3.6046E-01  2.5000E+02  9.2825E-01  2.1129E+00  1.9611E+00 -2.8682E-02
  1.0846E-01  3.6159E-01  2.5000E+02  9.2825E-01  2.1129E+00  1.9611E+00 -2.8682E-02
  1.0880E-01  3.6273E-01  2.5000E+02  9.2825E-01  2.1129E+00  1.9611E+00 -2.8682E-02
  1.0914E-01  3.6386E-01  2.5000E+02  9.2825E-01  2.1129E+00  1.9611E+00 -2.8682E-02
  1.0948E-01  3.6499E-01  2.5000E+02  9.2825E-01  2.1129E+00  1.9611E+00 -2.8682E-02
  1.0982E-01  3.6613E-01  2.5000E+02  9.2825E-01  2.1129E+00  1.9611E+00 -2.8682E-02
  1.1016E-01  3.6726E-01  2.5000E+02  9.2825E-01  2.1129E+00  1.9611E+00 -2.8682E-02
  1.1050E-01  3.6840E-01  2.5000E+02  9.2825E-01  2.1129E+00  1.9611E+00 -2.8682E-02
  1.1084E-01  3.6953E-01  2.5000E+02  9.2825E-01  2.1129E+00  1.9611E+00 -2.8682E-02
  1.1118E-01  3.7066E-01  2.5000E+02  9.2825E-01  2.1129E+00  1.9611E+00 -2.8682E-02
  1.1152E-01  3.7180E-01  2.5000E+02  9.2825E-01  2.1129E+00  1.9611E+00 -2.8682E-02
  1.1186E-01  3.7293E-01  2.5000E+02  9.2825E-01  2.1129E+00  1.9611E+00 -2.8682E-02
  1.1220E-01  3.7407E-01  2.5000E+02  9.2825E-01  2.1129E+00  1.9611E+00 -2.8682E-02
  1.1254E-01  3.7520E-01  2.5000E+02  9.2825E-01  2.1129E+00  1.9611E+00 -2.8682E-02
  1.1288E-01  3.7633E-01  2.5000E+02  9.2825E-01  2.1129E+00  1.9611E+00 -2.8682E-02
  1.1322E-01  3.7747E-01  2.5000E+02  9.2825E-01  2.1129E+00  1.9611E+00 -2.8682E-02
  1.1356E-01  3.7860E-01  2.5000E+02  9.2825E-01  2.1129E+00  1.9611E+00 -2.8682E-02
  1.1390E-01  3.7974E-01  2.5000E+02  9.2825E-01  2.1129E+00  1.9611E+00 -2.8682E-02
  1.1424E-01  3.8087E-01  2.5000E+02  9.2825E-01  2.1129E+00  1.9611E+00 -2.8682E-02
  1.1458E-01  3.8201E-01  2.5000E+02  9.2825E-01  2.1129E+00  1.9611E+00 -2.8682E-02
  1.1492E-01  3.8314E-01  2.5000E+02  9.2825E-01  2.1129E+00  1.9611E+00 -2.8682E-02
  1.1526E-01  3.8427E-01  2.5000E+02  9.2825E-01  2.1129E+00  1.9611E+00 -2.8682E-02
  1.1560E-01  3.8541E-01  2.5000E+02  9.2825E-01  2.1129E+00  1.9611E+00 -2.8682E-02
  1.1594E-01  3.8654E-01  2.5000E+02  9.2825E-01  2.1129E+00  1.9611E+00 -2.8682E-02
  1.1628E-01  3.8768E-01  2.5000E+02  9.2825E-01  2.1129E+00  1.9611E+00 -2.8682E-02
  1.1662E-01  3.8881E-01  2.5000E+02  9.2825E-01  2.1129E+00  1.9611E+00 -2.8682E-02
  1.1696E-01  3.8994E-01  2.5000E+02  9.2825E-01  2.1129E+00  1.9611E+00 -2.8682E-02
  1.1730E-01  3.9108E-01  2.5000E+02  9.2825E-01  2.1129E+00  1.9611E+00 -2.8682E-02
  1.1764E-01  3.9221E-01  2.5000E+02  9.2825E-01  2.1129E+00  1.9611E+00 -2.8682E-02
  1.1798E-01  3.9335E-01  2.5000E+02  9.2825E-01  2.1129E+00  1.9611E+00 -2.8682E-02
  1.1832E-01  3.9448E-01  2.5000E+02  9.2825E-01  2.1129E+00  1.9611E+00 -2.8682E-02
  1.1866E-01  3.9561E-01  2.5000E+02  9.2825E-01  2.1129E+00  1.9611E+00 -2.8682E-02
  1.1900E-01  3.9675E-01  2.5000E+02  9.2825E-01  2.1129E+00  1.9611E+00 -2.8682E-02
  1.1934E-01  3.9788E-01  2.5000E+02  9.2825E-01  2.1129E+00  1.9611E+00 -2.8682E-02
  1.1968E-01  3.9902E-01  2.5000E+02  9.2825E-01  2.1129E+00  1.9611E+00 -2.8682E-02
  1.2002E-01  4.0015E-01  2.5000E+02  9.2825E-01  2.1129E+00  1.9611E+00 -2.8682E-02
  1.2036E-01  4.0129E-01  2.5000E+02  9.2825E-01  2.1129E+00  1.9611E+00 -2.8682E-02
  1.2070E-01  4.0242E-01  2.5000E+02  9.2825E-01  2.1129E+00  1.9611E+00 -2.8682E-02
  1.2104E-01  4.0355E-01  2.5000E+02  9.2825E-01  2.1129E+00  1.9611E+00 -2.8682E-02
  1.2138E-01  4.0469E-01  2.5000E+02  9.2825E-01  2.1129E+00  1.9611E+00 -2.8682E-02
  1.2172E-01  4.0582E-01  2.5000E+02  9.2825E-01  2.1129E+00  1.9611E+00 -2.8682E-02
  1.2206E-01  4.0696E-01  2.5000E+02  9.2825E-01  2.1129E+00  1.9611E+00 -2.8682E-02
  1.2240E-01  4.0809E-01  2.5000E+02  9.2825E-01  2.1129E+00  1.9611E+00 -2.8682E-02
  1.2274E-01  4.0922E-01  2.5000E+02  9.2825E-01  2.1129E+00  1.9611E+00 -2.8682E-02
  1.2308E-01  4.1036E-01  2.5000E+02  9.2825E-01  2.1129E+00  1.9611E+00 -2.8682E-02
  1.2342E-01  4.1149E-01  2.5000E+02  9.2825E-01  2.1129E+00  1.9611E+00 -2.8682E-02
  1.2376E-01  4.1263E-01  2.5000E+02  9.2825E-01  2.1129E+00  1.9611E+00 -2.8682E-02
  1.2410E-01  4.1376E-01  2.5000E+02  9.2825E-01  2.1129E+00  1.9611E+00 -2.8682E-02
  1.2444E-01  4.1489E-01  2.5000E+02  9.2825E-01  2.1129E+00  1.9611E+00 -2.8682E-02
  1.2478E-01  4.1603E-01  2.5000E+02  9.2825E-01  2.1129E+00  1.9611E+00 -2.8682E-02
  1.2512E-01  4.1716E-01  2.5000E+02  9.2825E-01  2.1129E+00  1.9611E+00 -2.8682E-02
  1.2546E-01  4.1830E-01  2.5000E+02  9.2825E-01  2.1129E+00  1.9611E+00 -2.8682E-02
  1.2580E-01  4.1943E-01  2.5000E+02  9.2825E-01  2.1129E+00  1.9611E+00 -2.8682E-02
  1.2614E-01  4.2057E-01  2.5000E+02  9.2825E-01  2.1129E+00  1.9611E+00 -2.8682E-02
  1.2648E-01  4.2170E-01  2.5000E+02  9.2825E-01  2.1129E+00  1.9611E+00 -2.8682E-02
  1.2682E-01  4.2283E-01  2.5000E+02  9.2825E-01  2.1129E+00  1.9611E+00 -2.8682E-02
  1.2716E-01  4.2397E-01  2.5000E+02  9.2825E-01  2.1129E+00  1.9611E+00 -2.8682E-02
  1.2750E-01  4.2510E-01  2.5000E+02  9.2825E-01  2.1129E+00  1.9611E+00 -2.8682E-02
  1.2784E-01  4.2624E-01  2.5000E+02  9.2825E-01  2.1129E+00  1.9611E+00 -2.8682E-02
  1.2818E-01  4.2737E-01  2.5000E+02  9.2825E-01  2.1129E+00  1.9611E+00 -2.8682E-02
  1.2852E-01  4.2850E-01  2.5000E+02  9.2825E-01  2.1129E+00  1.9611E+00 -2.8682E-02
  1.2886E-01  4.2964E-01  2.5000E+02  9.2825E-01  2.1129E+00  1.9611E+00 -2.8682E-02
  1.2920E-01  4.3077E-01  2.5000E+02  9.2825E-01  2.1129E+00  1.9611E+00 -2.8682E-02
  1.2954E-01  4.3191E-01  2.5000E+02  9.2825E-01  2.1129E+00  1.9611E+00 -2.8682E-02
  1.2988E-01  4.3304E-01  2.5000E+02  9.2825E-01  2.1129E+00  1.9611E+00 -2.8682E-02
  1.3022E-01  4.3417E-01  2.5000E+02  9.2825E-01  2.1129E+00  1.9611E+00 -2.8682E-02
  1.3056E-01  4.3531E-01  2.5000E+02  9.2825E-01  2.1129E+00  1.9611E+00 -2.8682E-02
  1.3090E-01  4.3644E-01  2.5000E+02  9.2825E-01  2.1129E+00  1.9611E+00 -2.8682E-02
  1.3124E-01  4.3758E-01  2.5000E+02  9.2825E-01  2.1129E+00  1.9611E+00 -2.8682E-02
  1.3158E-01  4.3871E-01  2.5000E+02  9.2825E-01  2.1129E+00  1.9611E+00 -2.8682E-02
  1.3192E-01  4.3985E-01  2.5000E+02  9.2825E-01  2.1129E+00  1.9611E+00 -2.8682E-02
  1.3226E-01  4.4098E-01  2.5000E+02  9.2825E-01  2.1129E+00  1.9611E+00 -2.8682E-02
  1.3260E-01  4.4211E-01  2.5000E+02  9.2825E-01  2.1129E+00  1.9611E+00 -2.8682E-02
  1.3294E-01  4.4325E-01  2.5000E+02  9.2825E-01  2.1129E+00  1.9611E+00 -2.8682E-02
  1.3328E-01  4.4438E-01  2.5000E+02  9.2825E-01  2.1129E+00  1.9611E+00 -2.8682E-02
  1.3362E-01  4.4552E-01  2.5000E+02  9.2825E-01  2.1129E+00  1.9611E+00 -2.8682E-02
  1.3396E-01  4.4665E-01  2.5000E+02  9.2825E-01  2.1129E+00  1.9611E+00 -2.8682E-02
  1.3430E-01  4.4778E-01  2.5000E+02  9.2825E-01  2.1129E+00  1.9611E+00 -2.8682E-02
  1.3464E-01  4.4892E-01  2.5000E+02  9.2825E-01  2.1129E+00  1.9611E+00 -2.8682E-02
  1.3498E-01  4.5005E-01  2.5000E+02  9.2825E-01  2.1129E+00  1.9611E+00 -2.8682E-02
  1.3532E-01  4.5119E-01  2.5000E+02  9.2825E-01  2.1129E+00  1.9611E+00 -2.8682E-02
  1.3566E-01  4.5232E-01  2.5000E+02  9.2825E-01  2.1129E+00  1.9611E+00 -2.8682E-02
  1.3600E-01  4.5345E-01  2.5000E+02  9.2825E-01  2.1129E+00  1.9611E+00 -2.8682E-02
  1.3634E-01  4.5459E-01  2.5000E+02  9.2825E-01  2.1129E+00  1.9611E+00 -2.8682E-02
  1.3668E-01  4.5572E-01  2.5000E+02  9.2825E-01  2.1129E+00  1.9611E+00 -2.8682E-02
  1.3702E-01  4.5686E-01  2.5000E+02  9.2825E-01  2.1129E+00  1.9611E+00 -2.8682E-02
  1.3736E-01  4.5799E-01  2.5000E+02  9.2825E-01  2.1129E+00  1.9611E+00 -2.8682E-02
  1.3770E-01  4.5913E-01  2.5000E+02  9.2825E-01  2.1129E+00  1.9611E+00 -2.8682E-02
  1.3804E-01  4.6026E-01  2.5000E+02  9.2825E-01  2.1129E+00  1.9611E+00 -2.8682E-02
  1.3838E-01  4.6139E-01  2.5000E+02  9.2825E-01  2.1129E+00  1.9611E+00 -2.8682E-02
  1.3872E-01  4.6253E-01  2.5000E+02  9.2825E-01  2.1129E+00  1.9611E+00 -2.8682E-02
  1.3906E-01  4.6366E-01  2.5000E+02  9.2825E-01  2.1129E+00  1.9611E+00 -2.8682E-02
  1.3940E-01  4.6480E-01  2.5000E+02  9.2825E-01  2.1129E+00  1.9611E+00 -2.8682E-02
  1.3974E-01  4.6593E-01  2.5000E+02  9.2825E-01  2.1129E+00  1.9611E+00 -2.8682E-02
  1.4008E-01  4.6706E-01  2.5000E+02  9.2825E-01  2.1129E+00  1.9611E+00 -2.8682E-02
  1.4042E-01  4.6820E-01  2.5000E+02  9.2825E-01  2.1129E+00  1.9611E+00 -2.8682E-02
  1.4076E-01  4.6933E-01  2.5000E+02  9.2825E-01  2.1129E+00  1.9611E+00 -2.8682E-02
  1.4110E-01  4.7047E-01  2.5000E+02  9.2825E-01  2.1129E+00  1.9611E+00 -2.8682E-02
  1.4144E-01  4.7160E-01  2.5000E+02  9.2825E-01  2.1129E+00  1.9611E+00 -2.8682E-02
  1.4178E-01  4.7273E-01  2.5000E+02  9.2825E-01  2.1129E+00  1.9611E+00 -2.8682E-02
  1.4212E-01  4.7387E-01  2.5000E+02  9.2825E-01  2.1129E+00  1.9611E+00 -2.8682E-02
  1.4246E-01  4.7500E-01  2.5000E+02  9.2825E-01  2.1129E+00  1.9611E+00 -2.8682E-02
  1.4280E-01  4.7614E-01  2.5000E+02  9.2825E-01  2.1129E+00  1.9611E+00 -2.8682E-02
  1.4314E-01  4.7727E-01  2.5000E+02  9.2825E-01  2.1129E+00  1.9611E+00 -2.8682E-02
  1.4348E-01  4.7841E-01  2.5000E+02  9.2825E-01  2.1129E+00  1.9611E+00 -2.8682E-02
  1.4382E-01  4.7954E-01  2.5000E+02  9.2825E-01  2.1129E+00  1.9611E+00 -2.8682E-02
  1.4416E-01  4.8067E-01  2.5000E+02  9.2825E-01  2.1129E+00  1.9611E+00 -2.8682E-02
  1.4450E-01  4.8181E-01  2.5000E+02  9.2825E-01  2.1129E+00  1.9611E+00 -2.8682E-02
  1.4484E-01  4.8294E-01  2.5000E+02  9.2825E-01  2.1129E+00  1.9611E+00 -2.8682E-02
  1.4518E-01  4.8408E-01  2.5000E+02  9.2825E-01  2.1129E+00  1.9611E+00 -2.8682E-02
  1.4552E-01  4.8521E-01  2.5000E+02  9.2825E-01  2.1129E+00  1.9611E+00 -2.8682E-02
  1.4586E-01  4.8634E-01  2.5000E+02  9.2825E-01  2.1129E+00  1.9611E+00 -2.8682E-02
  1.4620E-01  4.8748E-01  2.5000E+02  9.2825E-01  2.1129E+00  1.9611E+00 -2.8682E-02
  1.4654E-01  4.8861E-01  2.5000E+02  9.2825E-01  2.1129E+00  1.9611E+00 -2.8682E-02
  1.4688E-01  4.8975E-01  2.5000E+02  9.2825E-01  2.1129E+00  1.9611E+00 -2.8682E-02
  1.4722E-01  4.9088E-01  2.5000E+02  9.2825E-01  2.1129E+00  1.9611E+00 -2.8682E-02
  1.4756E-01  4.9201E-01  2.5000E+02  9.2825E-01  2.1129E+00  1.9611E+00 -2.8682E-02
  1.4790E-01  4.9315E-01  2.5000E+02  9.2825E-01  2.1129E+00  1.9611E+00 -2.8682E-02
  1.4824E-01  4.9428E-01  2.5000E+02  9.2825E-01  2.1129E+00  1.9611E+00 -2.8682E-02
  1.4858E-01  4.9542E-01  2.5000E+02  9.2825E-01  2.1129E+00  1.9611E+00 -2.8682E-02
  1.4892E-01  4.9655E-01  2.5000E+02  9.2825E-01  2.1129E+00  1.9611E+00 -2.8682E-02
  1.4926E-01  4.9769E-01  2.5000E+02  9.2825E-01  2.1129E+00  1.9611E+00 -2.8682E-02
  1.4960E-01  4.9882E-01  2.5000E+02  9.2825E-01  2.1129E+00  1.9611E+00 -2.8682E-02
  1.4994E-01  4.9995E-01  2.5000E+02  9.2825E-01  2.1129E+00  1.9611E+00 -2.8682E-02
  1.5028E-01  5.0109E-01  2.5000E+02  9.2825E-01  2.1129E+00  1.9611E+00 -2.8682E-02
  1.5062E-01  5.0222E-01  2.5000E+02  9.2825E-01  2.1129E+00  1.9611E+00 -2.8682E-02
  1.5096E-01  5.0336E-01  2.5000E+02  9.2825E-01  2.1129E+00  1.9611E+00 -2.8682E-02
  1.5130E-01  5.0449E-01  2.5000E+02  9.2825E-01  2.1129E+00  1.9611E+00 -2.8682E-02
  1.5164E-01  5.0562E-01  2.5000E+02  9.2825E-01  2.1129E+00  1.9611E+00 -2.8682E-02
  1.5198E-01  5.0676E-01  2.5000E+02  9.2825E-01  2.1129E+00  1.9611E+00 -2.8682E-02
  1.5232E-01  5.0789E-01  2.5000E+02  9.2825E-01  2.1129E+00  1.9611E+00 -2.8682E-02
  1.5266E-01  5.0903E-01  2.5000E+02  9.2825E-01  2.1129E+00  1.9611E+00 -2.8682E-02
  1.5300E-01  5.1016E-01  2.5000E+02  9.2825E-01  2.1129E+00  1.9611E+00 -2.8682E-02
  1.5334E-01  5.1129E-01  2.5000E+02  9.2825E-01  2.1129E+00  1.9611E+00 -2.8682E-02
  1.5368E-01  5.1243E-01  2.5000E+02  9.2825E-01  2.1129E+00  1.9611E+00 -2.8682E-02
  1.5402E-01  5.1356E-01  2.5000E+02  9.2825E-01  2.1129E+00  1.9611E+00 -2.8682E-02
  1.5436E-01  5.1470E-01  2.5000E+02  9.2825E-01  2.1129E+00  1.9611E+00 -2.8682E-02
  1.5470E-01  5.1583E-01  2.5000E+02  9.2825E-01  2.1129E+00  1.9611E+00 -2.8682E-02
  1.5504E-01  5.1697E-01  2.5000E+02  9.2825E-01  2.1129E+00  1.9611E+00 -2.8682E-02
  1.5538E-01  5.1810E-01  2.5000E+02  9.2825E-01  2.1129E+00  1.9611E+00 -2.8682E-02
  1.5572E-01  5.1923E-01  2.5000E+02  9.2825E-01  2.1129E+00  1.9611E+00 -2.8682E-02
  1.5606E-01  5.2037E-01  2.5000E+02  9.2825E-01  2.1129E+00  1.9611E+00 -2.8682E-02
  1.5640E-01  5.2150E-01  2.5000E+02  9.2825E-01  2.1129E+00  1.9611E+00 -2.8682E-02
  1.5674E-01  5.2264E-01  2.5000E+02  9.2825E-01  2.1129E+00  1.9611E+00 -2.8682E-02
  1.5708E-01  5.2377E-01  2.5000E+02  9.2825E-01  2.1129E+00  1.9611E+00 -2.8682E-02
  1.5742E-01  5.2490E-01  2.5000E+02  9.2825E-01  2.1129E+00  1.9611E+00 -2.8682E-02
  1.5776E-01  5.2604E-01  2.5000E+02  9.2825E-01  2.1129E+00  1.9611E+00 -2.8682E-02
  1.5810E-01  5.2717E-01  2.5000E+02  9.2825E-01  2.1129E+00  1.9611E+00 -2.8682E-02
  1.5844E-01  5.2831E-01  2.5000E+02  9.2825E-01  2.1129E+00  1.9611E+00 -2.8682E-02
  1.5878E-01  5.2944E-01  2.5000E+02  9.2825E-01  2.1129E+00  1.9611E+00 -2.8682E-02
  1.5912E-01  5.3057E-01  2.5000E+02  9.2825E-01  2.1129E+00  1.9611E+00 -2.8682E-02
  1.5946E-01  5.3171E-01  2.5000E+02  9.2825E-01  2.1129E+00  1.9611E+00 -2.8682E-02
  1.5980E-01  5.3284E-01  2.5000E+02  9.2825E-01  2.1129E+00  1.9611E+00 -2.8682E-02
  1.6014E-01  5.3398E-01  2.5000E+02  9.2825E-01  2.1129E+00  1.9611E+00 -2.8682E-02
  1.6048E-01  5.3511E-01  2.5000E+02  9.2825E-01  2.1129E+00  1.9611E+00 -2.8682E-02
  1.6082E-01  5.3625E-01  2.5000E+02  9.2825E-01  2.1129E+00  1.9611E+00 -2.8682E-02
  1.6116E-01  5.3738E-01  2.5000E+02  9.2825E-01  2.1129E+00  1.9611E+00 -2.8682E-02
  1.6150E-01  5.3851E-01  2.5000E+02  9.2825E-01  2.1129E+00  1.9611E+00 -2.8682E-02
  1.6184E-01  5.3965E-01  2.5000E+02  9.2825E-01  2.1129E+00  1.9611E+00 -2.8682E-02
  1.6218E-01  5.4078E-01  2.5000E+02  9.2825E-01  2.1129E+00  1.9611E+00 -2.8682E-02
  1.6252E-01  5.4192E-01  2.5000E+02  9.2825E-01  2.1129E+00  1.9611E+00 -2.8682E-02
  1.6286E-01  5.4305E-01  2.5000E+02  9.2825E-01  2.1129E+00  1.9611E+00 -2.8682E-02
  1.6320E-01  5.4418E-01  2.5000E+02  9.2825E-01  2.1129E+00  1.9611E+00 -2.8682E-02
  1.6354E-01  5.4532E-01  2.5000E+02  9.2825E-01  2.1129E+00  1.9611E+00 -2.8682E-02
  1.6388E-01  5.4645E-01  2.5000E+02  9.2825E-01  2.1129E+00  1.9611E+00 -2.8682E-02
  1.6422E-01  5.4759E-01  2.5000E+02  9.2825E-01  2.1129E+00  1.9611E+00 -2.8682E-02
  1.6456E-01  5.4872E-01  2.5000E+02  9.2825E-01  2.1129E+00  1.9611E+00 -2.8682E-02
  1.6490E-01  5.4985E-01  2.5000E+02  9.2825E-01  2.1129E+00  1.9611E+00 -2.8682E-02
  1.6524E-01  5.5099E-01  2.5000E+02  9.2825E-01  2.1129E+00  1.9611E+00 -2.8682E-02
  1.6558E-01  5.5212E-01  2.5000E+02  9.2825E-01  2.1129E+00  1.9611E+00 -2.8682E-02
  1.6592E-01  5.5326E-01  2.5000E+02  9.2825E-01  2.1129E+00  1.9611E+00 -2.8682E-02
  1.6626E-01  5.5439E-01  2.5000E+02  9.2825E-01  2.1129E+00  1.9611E+00 -2.8682E-02
  1.6660E-01  5.5553E-01  2.5000E+02  9.2825E-01  2.1129E+00  1.9611E+00 -2.8682E-02
  1.6694E-01  5.5666E-01  2.5000E+02  9.2825E-01  2.1129E+00  1.9611E+00 -2.8682E-02
  1.6728E-01  5.5779E-01  2.5000E+02  9.2825E-01  2.1129E+00  1.9611E+00 -2.8682E-02
  1.6762E-01  5.5893E-01  2.5000E+02  9.2825E-01  2.1129E+00  1.9611E+00 -2.8682E-02
  1.6796E-01  5.6006E-01  2.5000E+02  9.2825E-01  2.1129E+00  1.9611E+00 -2.8682E-02
  1.6830E-01  5.6120E-01  2.5000E+02  9.2825E-01  2.1129E+00  1.9611E+00 -2.8682E-02
  1.6864E-01  5.6233E-01  2.5000E+02  9.2825E-01  2.1129E+00  1.9611E+00 -2.8682E-02
  1.6898E-01  5.6346E-01  2.5000E+02  9.2825E-01  2.1129E+00  1.9611E+00 -2.8682E-02
  1.6932E-01  5.6460E-01  2.5000E+02  9.2825E-01  2.1129E+00  1.9611E+00 -2.8682E-02
  1.7000E-01  5.6687E-01  2.5000E+02  9.2825E-01  2.1129E+00  1.9611E+00 -2.8682E-02
