  6.0624E-05  0.0000E+00  9.4720E-03  1.1986E-01  1.9696E-02  1.1574E+00  3.4784E-05
  3.4000E-04  9.3190E-04  9.4720E-03  1.1986E-01  1.9696E-02  1.1574E+00  3.5688E-05
  6.8000E-04  2.0660E-03  9.4721E-03  1.1986E-01  1.9696E-02  1.1574E+00  3.6789E-05
  1.0200E-03  3.2001E-03  9.4722E-03  1.1986E-01  1.9696E-02  1.1574E+00  3.7889E-05
  1.3600E-03  4.3343E-03  9.4723E-03  1.1986E-01  1.9696E-02  1.1574E+00  3.8990E-05
  1.7000E-03  5.4684E-03  9.4724E-03  1.1986E-01  1.9696E-02  1.1574E+00  4.0090E-05
  2.0400E-03  6.6025E-03  9.4725E-03  1.1986E-01  1.9696E-02  1.1574E+00  4.1191E-05
  2.3800E-03  7.7366E-03  9.4726E-03  1.1986E-01  1.9696E-02  1.1574E+00  4.2291E-05
  2.7200E-03  8.8707E-03  9.4727E-03  1.1986E-01  1.9696E-02  1.1574E+00  4.3391E-05
  3.0600E-03  1.0005E-02  9.4728E-03  1.1986E-01  1.9696E-02  1.1574E+00  4.4492E-05
  3.4000E-03  1.1139E-02  9.4729E-03  1.1986E-01  1.9696E-02  1.1574E+00  4.5592E-05
  3.7400E-03  1.2273E-02  9.4730E-03  1.1986E-01  1.9696E-02  1.1574E+00  4.6693E-05
  4.0800E-03  1.3407E-02  9.4731E-03  1.1986E-01  1.9696E-02  1.1574E+00  4.7793E-05
  4.4200E-03  1.4541E-02  9.4732E-03  1.1986E-01  1.9696E-02  1.1574E+00  4.8894E-05
  4.7600E-03  1.5675E-02  9.4733E-03  1.1986E-01  1.9696E-02  1.1574E+00  4.9994E-05
  5.1000E-03  1.6810E-02  9.4733E-03  1.1986E-01  1.9696E-02  1.1574E+00  5.1094E-05
  5.4400E-03  1.7944E-02  9.4734E-03  1.1986E-01  1.9696E-02  1.1574E+00  5.2195E-05
  5.7800E-03  1.9078E-02  9.4735E-03  1.1986E-01  1.9696E-02  1.1574E+00  5.3295E-05
  6.1200E-03  2.0212E-02  9.4736E-03  1.1986E-01  1.9696E-02  1.1574E+00  5.4396E-05
  6.4600E-03  2.1346E-02  9.4737E-03  1.1986E-01  1.9696E-02  1.1574E+00  5.5496E-05
  6.8000E-03  2.2480E-02  9.4738E-03  1.1986E-01  1.9696E-02  1.1574E+00  5.6597E-05
  7.1400E-03  2.3614E-02  9.4739E-03  1.1986E-01  1.9696E-02  1.1574E+00  5.7697E-05
  7.4800E-03  2.4748E-02  9.4740E-03  1.1986E-01  1.9696E-02  1.1574E+00  5.8797E-05
  7.8200E-03  2.5883E-02  9.4741E-03  1.1986E-01  1.9696E-02  1.1574E+00  5.9898E-05
  8.1600E-03  2.7017E-02  9.4742E-03  1.1986E-01  1.9696E-02  1.1574E+00  6.0998E-05
  8.5000E-03  2.8151E-02  9.4743E-03  1.1986E-01  1.9696E-02  1.1574E+00  6.2099E-05
  8.8400E-03  2.9285E-02  9.4744E-03  1.1986E-01  1.9696E-02  1.1574E+00  6.3199E-05
  9.1800E-03  3.0419E-02  9.4745E-03  1.1986E-01  1.9696E-02  1.1574E+00  6.4300E-05
  9.5200E-03  3.1553E-02  9.4746E-03  1.1986E-01  1.9696E-02  1.1574E+00  6.5400E-05
  9.8600E-03  3.2687E-02  9.4746E-03  1.1986E-01  1.9696E-02  1.1574E+00  6.6501E-05
  1.0200E-02  3.3821E-02  9.4747E-03  1.1986E-01  1.9696E-02  1.1574E+00  6.7601E-05
  1.0540E-02  3.4956E-02  9.4748E-03  1.1986E-01  1.9696E-02  1.1574E+00  6.8701E-05
  1.0880E-02  3.6090E-02  9.4749E-03  1.1986E-01  1.9696E-02  1.1574E+00  6.9802E-05
  1.1220E-02  3.7224E-02  9.4750E-03  1.1986E-01  1.9696E-02  1.1574E+00  7.0902E-05
  1.1560E-02  3.8358E-02  9.4751E-03  1.1986E-01  1.9696E-02  1.1574E+00  7.2003E-05
  1.1900E-02  3.9492E-02  9.4752E-03  1.1986E-01  1.9696E-02  1.1574E+00  7.3103E-05
  1.2240E-02  4.0626E-02  9.4753E-03  1.1986E-01  1.9696E-02  1.1574E+00  7.4203E-05
  1.2580E-02  4.1760E-02  9.4754E-03  1.1986E-01  1.9696E-02  1.1574E+00  7.5304E-05
  1.2920E-02  4.2894E-02  9.4755E-03  1.1986E-01  1.9696E-02  1.1574E+00  7.6404E-05
  1.3260E-02  4.4028E-02  9.4756E-03  1.1986E-01  1.9696E-02  1.1574E+00  7.7505E-05
  1.3600E-02  4.5163E-02  9.4757E-03  1.1986E-01  1.9696E-02  1.1574E+00  7.8605E-05
  1.3940E-02  4.6297E-02  9.4758E-03  1.1986E-01  1.9696E-02  1.1574E+00  7.9706E-05
  1.4280E-02  4.7431E-02  9.4759E-03  1.1986E-01  1.9696E-02  1.1574E+00  8.0806E-05
  1.4620E-02  4.8565E-02  9.4759E-03  1.1986E-01  1.9696E-02  1.1574E+00  8.1906E-05
  1.4960E-02  4.9699E-02  9.4760E-03  1.1986E-01  1.9696E-02  1.1574E+00  8.3007E-05
  1.5300E-02  5.0833E-02  9.4761E-03  1.1986E-01  1.9696E-02  1.1574E+00  8.4107E-05
  1.5640E-02  5.1967E-02  9.4762E-03  1.1986E-01  1.9696E-02  1.1574E+00  8.5208E-05
  1.5980E-02  5.3101E-02  9.4763E-03  1.1986E-01  1.9696E-02  1.1574E+00  8.6308E-05
  1.6320E-02  5.4236E-02  9.4764E-03  1.1986E-01  1.9696E-02  1.1574E+00  8.7408E-05
  1.6660E-02  5.5370E-02  9.4765E-03  1.1986E-01  1.9696E-02  1.1574E+00  8.8509E-05
  1.7000E-02  5.6504E-02  9.4766E-03  1.1986E-01  1.9696E-02  1.1574E+00  8.9609E-05
  1.7340E-02  5.7638E-02  9.4767E-03  1.1986E-01  1.9696E-02  1.1574E+00  9.0710E-05
  1.7680E-02  5.8772E-02  9.4768E-03  1.1986E-01  1.9696E-02  1.1574E+00  9.1810E-05
  1.8020E-02  5.9906E-02  9.4769E-03  1.1986E-01  1.9696E-02  1.1574E+00  9.2911E-05
  1.8360E-02  6.1040E-02  9.4770E-03  1.1986E-01  1.9696E-02  1.1574E+00  9.4011E-05
  1.8700E-02  6.2174E-02  9.4771E-03  1.1986E-01  1.9696E-02  1.1574E+00  9.5111E-05
  1.9040E-02  6.3309E-02  9.4772E-03  1.1986E-01  1.9696E-02  1.1574E+00  9.6212E-05
  1.9380E-02  6.4443E-02  9.4772E-03  1.1986E-01  1.9696E-02  1.1574E+00  9.7312E-05
  1.9720E-02  6.5577E-02  9.4773E-03  1.1986E-01  1.9696E-02  1.1574E+00  9.8413E-05
  2.0060E-02  6.6711E-02  9.4774E-03  1.1986E-01  1.9696E-02  1.1574E+00  9.9513E-05
  2.0400E-02  6.7845E-02  9.4775E-03  1.1986E-01  1.9696E-02  1.1574E+00  1.0061E-04
  2.0740E-02  6.8979E-02  9.4776E-03  1.1986E-01  1.9696E-02  1.1574E+00  1.0171E-04
  2.1080E-02  7.0113E-02  9.4777E-03  1.1986E-01  1.9696E-02  1.1574E+00  1.0281E-04
  2.1420E-02  7.1247E-02  9.4778E-03  1.1986E-01  1.9696E-02  1.1574E+00  1.0391E-04
  2.1760E-02  7.2381E-02  9.4779E-03  1.1986E-01  1.9696E-02  1.1574E+00  1.0501E-04
  2.2100E-02  7.3516E-02  9.4780E-03  1.1986E-01  1.9696E-02  1.1574E+00  1.0612E-04
  2.2440E-02  7.4650E-02  9.4781E-03  1.1986E-01  1.9696E-02  1.1574E+00  1.0722E-04
  2.2780E-02  7.5784E-02  9.4782E-03  1.1986E-01  1.9696E-02  1.1574E+00  1.0832E-04
  2.3120E-02  7.6918E-02  9.4783E-03  1.1986E-01  1.9696E-02  1.1574E+00  1.0942E-04
  2.3460E-02  7.8052E-02  9.4784E-03  1.1986E-01  1.9696E-02  1.1574E+00  1.1052E-04
  2.3800E-02  7.9186E-02  9.4785E-03  1.1986E-01  1.9696E-02  1.1574E+00  1.1162E-04
  2.4140E-02  8.0320E-02  9.4785E-03  1.1987E-01  1.9696E-02  1.1574E+00  1.1272E-04
  2.4480E-02  8.1454E-02  9.4786E-03  1.1987E-01  1.9696E-02  1.1574E+00  1.1382E-04
  2.4820E-02  8.2589E-02  9.4787E-03  1.1987E-01  1.9696E-02  1.1574E+00  1.1492E-04
  2.5160E-02  8.3723E-02  9.4788E-03  1.1987E-01  1.9696E-02  1.1574E+00  1.1602E-04
  2.5500E-02  8.4857E-02  9.4789E-03  1.1987E-01  1.9696E-02  1.1574E+00  1.1712E-04
  2.5840E-02  8.5991E-02  9.4790E-03  1.1987E-01  1.9696E-02  1.1574E+00  1.1822E-04
  2.6180E-02  8.7125E-02  9.4791E-03  1.1987E-01  1.9696E-02  1.1574E+00  1.1932E-04
  2.6520E-02  8.8259E-02  9.4792E-03  1.1987E-01  1.9696E-02  1.1574E+00  1.2042E-04
  2.6860E-02  8.9393E-02  9.4793E-03  1.1987E-01  1.9696E-02  1.1574E+00  1.2152E-04
  2.7200E-02  9.0527E-02  9.4794E-03  1.1987E-01  1.9696E-02  1.1574E+00  1.2262E-04
  2.7540E-02  9.1662E-02  9.4795E-03  1.1987E-01  1.9696E-02  1.1574E+00  1.2372E-04
  2.7880E-02  9.2796E-02  9.4796E-03  1.1987E-01  1.9696E-02  1.1574E+00  1.2482E-04
  2.8220E-02  9.3930E-02  9.4797E-03  1.1987E-01  1.9696E-02  1.1574E+00  1.2592E-04
  2.8560E-02  9.5064E-02  9.4798E-03  1.1987E-01  1.9696E-02  1.1574E+00  1.2702E-04
  2.8900E-02  9.6198E-02  9.4798E-03  1.1987E-01  1.9696E-02  1.1574E+00  1.2812E-04
  2.9240E-02  9.7332E-02  9.4799E-03  1.1987E-01  1.9696E-02  1.1574E+00  1.2922E-04
  2.9580E-02  9.8466E-02  9.4800E-03  1.1987E-01  1.9696E-02  1.1574E+00  1.3032E-04
  2.9920E-02  9.9600E-02  9.4801E-03  1.1987E-01  1.9696E-02  1.1574E+00  1.3142E-04
  3.0260E-02  1.0073E-01  9.4802E-03  1.1987E-01  1.9696E-02  1.1574E+00  1.3252E-04
  3.0600E-02  1.0187E-01  9.4803E-03  1.1987E-01  1.9696E-02  1.1574E+00  1.3363E-04
  3.0940E-02  1.0300E-01  9.4804E-03  1.1987E-01  1.9696E-02  1.1574E+00  1.3473E-04
  3.1280E-02  1.0414E-01  9.4805E-03  1.1987E-01  1.9696E-02  1.1574E+00  1.3583E-04
  3.1620E-02  1.0527E-01  9.4806E-03  1.1987E-01  1.9696E-02  1.1574E+00  1.3693E-04
  3.1960E-02  1.0641E-01  9.4807E-03  1.1987E-01  1.9696E-02  1.1574E+00  1.3803E-04
  3.2300E-02  1.0754E-01  9.4808E-03  1.1987E-01  1.9696E-02  1.1574E+00  1.3913E-04
  3.2640E-02  1.0867E-01  9.4809E-03  1.1987E-01  1.9696E-02  1.1574E+00  1.4023E-04
  3.2980E-02  1.0981E-01  9.4810E-03  1.1987E-01  1.9696E-02  1.1574E+00  1.4133E-04
  3.3320E-02  1.1094E-01  9.4811E-03  1.1987E-01  1.9696E-02  1.1574E+00  1.4243E-04
  3.3660E-02  1.1208E-01  9.4812E-03  1.1987E-01  1.9696E-02  1.1574E+00  1.4353E-04
  3.4000E-02  1.1321E-01  9.4812E-03  1.1987E-01  1.9696E-02  1.1574E+00  1.4463E-04
  3.4340E-02  1.1434E-01  9.4813E-03  1.1987E-01  1.9696E-02  1.1574E+00  1.4573E-04
  3.4680E-02  1.1548E-01  9.4814E-03  1.1987E-01  1.9696E-02  1.1574E+00  1.4683E-04
  3.5020E-02  1.1661E-01  9.4815E-03  1.1987E-01  1.9696E-02  1.1574E+00  1.4793E-04
  3.5360E-02  1.1775E-01  9.4816E-03  1.1987E-01  1.9696E-02  1.1574E+00  1.4903E-04
  3.5700E-02  1.1888E-01  9.4817E-03  1.1987E-01  1.9696E-02  1.1574E+00  1.5013E-04
  3.6040E-02  1.2001E-01  9.4818E-03  1.1987E-01  1.9696E-02  1.1574E+00  1.5123E-04
  3.6380E-02  1.2115E-01  9.4819E-03  1.1987E-01  1.9696E-02  1.1574E+00  1.5233E-04
  3.6720E-02  1.2228E-01  9.4820E-03  1.1987E-01  1.9696E-02  1.1574E+00  1.5343E-04
  3.7060E-02  1.2342E-01  9.4821E-03  1.1987E-01  1.9696E-02  1.1574E+00  1.5453E-04
  3.7400E-02  1.2455E-01  9.4822E-03  1.1987E-01  1.9696E-02  1.1574E+00  1.5563E-04
  3.7740E-02  1.2569E-01  9.4823E-03  1.1987E-01  1.9696E-02  1.1574E+00  1.5673E-04
  3.8080E-02  1.2682E-01  9.4824E-03  1.1987E-01  1.9696E-02  1.1574E+00  1.5783E-04
  3.8420E-02  1.2795E-01  9.4825E-03  1.1987E-01  1.9696E-02  1.1574E+00  1.5893E-04
  3.8760E-02  1.2909E-01  9.4825E-03  1.1987E-01  1.9696E-02  1.1574E+00  1.6003E-04
  3.9100E-02  1.3022E-01  9.4826E-03  1.1987E-01  1.9696E-02  1.1574E+00  1.6113E-04
  3.9440E-02  1.3136E-01  9.4827E-03  1.1987E-01  1.9696E-02  1.1574E+00  1.6223E-04
  3.9780E-02  1.3249E-01  9.4828E-03  1.1987E-01  1.9696E-02  1.1574E+00  1.6333E-04
  4.0120E-02  1.3362E-01  9.4829E-03  1.1987E-01  1.9696E-02  1.1574E+00  1.6443E-04
  4.0460E-02  1.3476E-01  9.4830E-03  1.1987E-01  1.9696E-02  1.1574E+00  1.6554E-04
  4.0800E-02  1.3589E-01  9.4831E-03  1.1987E-01  1.9696E-02  1.1574E+00  1.6664E-04
  4.1140E-02  1.3703E-01  9.4832E-03  1.1987E-01  1.9696E-02  1.1574E+00  1.6774E-04
  4.1480E-02  1.3816E-01  9.4833E-03  1.1987E-01  1.9696E-02  1.1574E+00  1.6884E-04
  4.1820E-02  1.3929E-01  9.4834E-03  1.1987E-01  1.9696E-02  1.1574E+00  1.6994E-04
  4.2160E-02  1.4043E-01  9.4835E-03  1.1987E-01  1.9696E-02  1.1574E+00  1.7104E-04
  4.2500E-02  1.4156E-01  9.4836E-03  1.1987E-01  1.9696E-02  1.1574E+00  1.7214E-04
  4.2840E-02  1.4270E-01  9.4837E-03  1.1987E-01  1.9696E-02  1.1574E+00  1.7324E-04
  4.3180E-02  1.4383E-01  9.4838E-03  1.1987E-01  1.9696E-02  1.1574E+00  1.7434E-04
  4.3520E-02  1.4497E-01  9.4838E-03  1.1987E-01  1.9696E-02  1.1574E+00  1.7544E-04
  4.3860E-02  1.4610E-01  9.4839E-03  1.1987E-01  1.9696E-02  1.1574E+00  1.7654E-04
  4.4200E-02  1.4723E-01  9.4840E-03  1.1987E-01  1.9696E-02  1.1574E+00  1.7764E-04
  4.4540E-02  1.4837E-01  9.4841E-03  1.1987E-01  1.9696E-02  1.1574E+00  1.7874E-04
  4.4880E-02  1.4950E-01  9.4842E-03  1.1987E-01  1.9696E-02  1.1574E+00  1.7984E-04
  4.5220E-02  1.5064E-01  9.4843E-03  1.1987E-01  1.9696E-02  1.1574E+00  1.8094E-04
  4.5560E-02  1.5177E-01  9.4844E-03  1.1987E-01  1.9696E-02  1.1574E+00  1.8204E-04
  4.5900E-02  1.5290E-01  9.4845E-03  1.1987E-01  1.9696E-02  1.1574E+00  1.8314E-04
  4.6240E-02  1.5404E-01  9.4846E-03  1.1987E-01  1.9696E-02  1.1574E+00  1.8424E-04
  4.6580E-02  1.5517E-01  9.4847E-03  1.1987E-01  1.9696E-02  1.1574E+00  1.8534E-04
  4.6920E-02  1.5631E-01  9.4848E-03  1.1987E-01  1.9696E-02  1.1574E+00  1.8644E-04
  4.7260E-02  1.5744E-01  9.4849E-03  1.1987E-01  1.9696E-02  1.1574E+00  1.8754E-04
  4.7600E-02  1.5857E-01  9.4850E-03  1.1987E-01  1.9696E-02  1.1574E+00  1.8864E-04
  4.7940E-02  1.5971E-01  9.4851E-03  1.1987E-01  1.9696E-02  1.1574E+00  1.8974E-04
  4.8280E-02  1.6084E-01  9.4851E-03  1.1987E-01  1.9696E-02  1.1574E+00  1.9084E-04
  4.8620E-02  1.6198E-01  9.4852E-03  1.1987E-01  1.9696E-02  1.1574E+00  1.9194E-04
  4.8960E-02  1.6311E-01  9.4853E-03  1.1987E-01  1.9696E-02  1.1574E+00  1.9304E-04
  4.9300E-02  1.6425E-01  9.4854E-03  1.1987E-01  1.9696E-02  1.1574E+00  1.9414E-04
  4.9640E-02  1.6538E-01  9.4855E-03  1.1987E-01  1.9696E-02  1.1574E+00  1.9524E-04
  4.9980E-02  1.6651E-01  9.4856E-03  1.1987E-01  1.9696E-02  1.1574E+00  1.9634E-04
  5.0320E-02  1.6765E-01  9.4857E-03  1.1987E-01  1.9696E-02  1.1574E+00  1.9744E-04
  5.0660E-02  1.6878E-01  9.4858E-03  1.1987E-01  1.9696E-02  1.1574E+00  1.9854E-04
  5.1000E-02  1.6992E-01  9.4859E-03  1.1987E-01  1.9696E-02  1.1574E+00  1.9964E-04
  5.1340E-02  1.7105E-01  9.4860E-03  1.1987E-01  1.9696E-02  1.1574E+00  2.0074E-04
  5.1680E-02  1.7218E-01  9.4861E-03  1.1987E-01  1.9696E-02  1.1574E+00  2.0185E-04
  5.2020E-02  1.7332E-01  9.4862E-03  1.1987E-01  1.9696E-02  1.1574E+00  2.0295E-04
  5.2360E-02  1.7445E-01  9.4863E-03  1.1987E-01  1.9696E-02  1.1574E+00  2.0405E-04
  5.2700E-02  1.7559E-01  9.4864E-03  1.1987E-01  1.9696E-02  1.1574E+00  2.0515E-04
  5.3040E-02  1.7672E-01  9.4864E-03  1.1987E-01  1.9696E-02  1.1574E+00  2.0625E-04
  5.3380E-02  1.7785E-01  9.4865E-03  1.1987E-01  1.9696E-02  1.1574E+00  2.0735E-04
  5.3720E-02  1.7899E-01  9.4866E-03  1.1987E-01  1.9696E-02  1.1574E+00  2.0845E-04
  5.4060E-02  1.8012E-01  9.4867E-03  1.1987E-01  1.9696E-02  1.1574E+00  2.0955E-04
  5.4400E-02  1.8126E-01  9.4868E-03  1.1987E-01  1.9696E-02  1.1574E+00  2.1065E-04
  5.4740E-02  1.8239E-01  9.4869E-03  1.1987E-01  1.9696E-02  1.1574E+00  2.1175E-04
  5.5080E-02  1.8353E-01  9.4870E-03  1.1987E-01  1.9696E-02  1.1574E+00  2.1285E-04
  5.5420E-02  1.8466E-01  9.4871E-03  1.1987E-01  1.9696E-02  1.1574E+00  2.1395E-04
  5.5760E-02  1.8579E-01  9.4872E-03  1.1987E-01  1.9696E-02  1.1574E+00  2.1505E-04
  5.6100E-02  1.8693E-01  9.4873E-03  1.1987E-01  1.9696E-02  1.1574E+00  2.1615E-04
  5.6440E-02  1.8806E-01  9.4874E-03  1.1987E-01  1.9696E-02  1.1574E+00  2.1725E-04
  5.6780E-02  1.8920E-01  9.4875E-03  1.1987E-01  1.9696E-02  1.1574E+00  2.1835E-04
  5.7120E-02  1.9033E-01  9.4876E-03  1.1987E-01  1.9696E-02  1.1574E+00  2.1945E-04
  5.7460E-02  1.9146E-01  9.4877E-03  1.1987E-01  1.9696E-02  1.1574E+00  2.2055E-04
  5.7800E-02  1.9260E-01  9.4877E-03  1.1987E-01  1.9696E-02  1.1574E+00  2.2165E-04
  5.8140E-02  1.9373E-01  9.4878E-03  1.1987E-01  1.9696E-02  1.1574E+00  2.2275E-04
  5.8480E-02  1.9487E-01  9.4879E-03  1.1987E-01  1.9696E-02  1.1574E+00  2.2385E-04
  5.8820E-02  1.9600E-01  9.4880E-03  1.1987E-01  1.9696E-02  1.1574E+00  2.2495E-04
  5.9160E-02  1.9713E-01  9.4881E-03  1.1987E-01  1.9696E-02  1.1574E+00  2.2605E-04
  5.9500E-02  1.9827E-01  9.4882E-03  1.1987E-01  1.9696E-02  1.1574E+00  2.2715E-04
  5.9840E-02  1.9940E-01  9.4883E-03  1.1987E-01  1.9696E-02  1.1574E+00  2.2825E-04
  6.0180E-02  2.0054E-01  9.4884E-03  1.1987E-01  1.9696E-02  1.1574E+00  2.2935E-04
  6.0520E-02  2.0167E-01  9.4885E-03  1.1987E-01  1.9696E-02  1.1574E+00  2.3045E-04
  6.0860E-02  2.0281E-01  9.4886E-03  1.1987E-01  1.9696E-02  1.1574E+00  2.3155E-04
  6.1200E-02  2.0394E-01  9.4887E-03  1.1987E-01  1.9696E-02  1.1574E+00  2.3265E-04
  6.1540E-02  2.0507E-01  9.4888E-03  1.1987E-01  1.9696E-02  1.1574E+00  2.3375E-04
  6.1880E-02  2.0621E-01  9.4889E-03  1.1987E-01  1.9696E-02  1.1574E+00  2.3485E-04
  6.2220E-02  2.0734E-01  9.4890E-03  1.1987E-01  1.9696E-02  1.1574E+00  2.3595E-04
  6.2560E-02  2.0848E-01  9.4890E-03  1.1987E-01  1.9696E-02  1.1574E+00  2.3705E-04
  6.2900E-02  2.0961E-01  9.4891E-03  1.1987E-01  1.9696E-02  1.1574E+00  2.3815E-04
  6.3240E-02  2.1074E-01  9.4892E-03  1.1987E-01  1.9696E-02  1.1574E+00  2.3925E-04
  6.3580E-02  2.1188E-01  9.4893E-03  1.1987E-01  1.9696E-02  1.1574E+00  2.4035E-04
  6.3920E-02  2.1301E-01  9.4894E-03  1.1987E-01  1.9696E-02  1.1574E+00  2.4145E-04
  6.4260E-02  2.1415E-01  9.4895E-03  1.1987E-01  1.9696E-02  1.1574E+00  2.4255E-04
  6.4600E-02  2.1528E-01  9.4896E-03  1.1987E-01  1.9696E-02  1.1574E+00  2.4365E-04
  6.4940E-02  2.1641E-01  9.4897E-03  1.1987E-01  1.9696E-02  1.1574E+00  2.4475E-04
  6.5280E-02  2.1755E-01  9.4898E-03  1.1987E-01  1.9696E-02  1.1574E+00  2.4585E-04
  6.5620E-02  2.1868E-01  9.4899E-03  1.1987E-01  1.9696E-02  1.1574E+00  2.4695E-04
  6.5960E-02  2.1982E-01  9.4900E-03  1.1987E-01  1.9696E-02  1.1574E+00  2.4805E-04
  6.6300E-02  2.2095E-01  9.4901E-03  1.1987E-01  1.9696E-02  1.1574E+00  2.4915E-04
  6.6640E-02  2.2209E-01  9.4902E-03  1.1987E-01  1.9696E-02  1.1574E+00  2.5026E-04
  6.6980E-02  2.2322E-01  9.4903E-03  1.1987E-01  1.9696E-02  1.1574E+00  2.5136E-04
  6.7320E-02  2.2435E-01  9.4903E-03  1.1987E-01  1.9696E-02  1.1574E+00  2.5246E-04
  6.7660E-02  2.2549E-01  9.4904E-03  1.1987E-01  1.9696E-02  1.1574E+00  2.5356E-04
  6.8000E-02  2.2662E-01  9.4905E-03  1.1987E-01  1.9696E-02  1.1574E+00  2.5466E-04
  6.8340E-02  2.2776E-01  9.4906E-03  1.1987E-01  1.9696E-02  1.1574E+00  2.5576E-04
  6.8680E-02  2.2889E-01  9.4907E-03  1.1987E-01  1.9696E-02  1.1574E+00  2.5686E-04
  6.9020E-02  2.3002E-01  9.4908E-03  1.1987E-01  1.9696E-02  1.1574E+00  2.5796E-04
  6.9360E-02  2.3116E-01  9.4909E-03  1.1987E-01  1.9696E-02  1.1574E+00  2.5906E-04
  6.9700E-02  2.3229E-01  9.4910E-03  1.1987E-01  1.9696E-02  1.1574E+00  2.6016E-04
  7.0040E-02  2.3343E-01  9.4911E-03  1.1987E-01  1.9696E-02  1.1574E+00  2.6126E-04
  7.0380E-02  2.3456E-01  9.4912E-03  1.1987E-01  1.9696E-02  1.1574E+00  2.6236E-04
  7.0720E-02  2.3569E-01  9.4913E-03  1.1987E-01  1.9696E-02  1.1574E+00  2.6346E-04
  7.1060E-02  2.3683E-01  9.4914E-03  1.1987E-01  1.9696E-02  1.1574E+00  2.6456E-04
  7.1400E-02  2.3796E-01  9.4915E-03  1.1987E-01  1.9696E-02  1.1574E+00  2.6566E-04
  7.1740E-02  2.3910E-01  9.4916E-03  1.1987E-01  1.9696E-02  1.1574E+00  2.6676E-04
  7.2080E-02  2.4023E-01  9.4916E-03  1.1987E-01  1.9696E-02  1.1574E+00  2.6786E-04
  7.2420E-02  2.4137E-01  9.4917E-03  1.1987E-01  1.9696E-02  1.1574E+00  2.6896E-04
  7.2760E-02  2.4250E-01  9.4918E-03  1.1987E-01  1.9696E-02  1.1574E+00  2.7006E-04
  7.3100E-02  2.4363E-01  9.4919E-03  1.1987E-01  1.9696E-02  1.1574E+00  2.7116E-04
  7.3440E-02  2.4477E-01  9.4920E-03  1.1987E-01  1.9696E-02  1.1574E+00  2.7226E-04
  7.3780E-02  2.4590E-01  9.4921E-03  1.1987E-01  1.9696E-02  1.1574E+00  2.7336E-04
  7.4120E-02  2.4704E-01  9.4922E-03  1.1987E-01  1.9696E-02  1.1574E+00  2.7446E-04
  7.4460E-02  2.4817E-01  9.4923E-03  1.1987E-01  1.9696E-02  1.1574E+00  2.7556E-04
  7.4800E-02  2.4930E-01  9.4924E-03  1.1987E-01  1.9696E-02  1.1574E+00  2.7666E-04
  7.5140E-02  2.5044E-01  9.4925E-03  1.1987E-01  1.9696E-02  1.1574E+00  2.7776E-04
  7.5480E-02  2.5157E-01  9.4926E-03  1.1988E-01  1.9696E-02  1.1574E+00  2.7886E-04
  7.5820E-02  2.5271E-01  9.4927E-03  1.1988E-01  1.9696E-02  1.1574E+00  2.7996E-04
  7.6160E-02  2.5384E-01  9.4928E-03  1.1988E-01  1.9696E-02  1.1574E+00  2.8106E-04
  7.6500E-02  2.5497E-01  9.4929E-03  1.1988E-01  1.9696E-02  1.1574E+00  2.8216E-04
  7.6840E-02  2.5611E-01  9.4929E-03  1.1988E-01  1.9696E-02  1.1574E+00  2.8326E-04
  7.7180E-02  2.5724E-01  9.4930E-03  1.1988E-01  1.9696E-02  1.1574E+00  2.8436E-04
  7.7520E-02  2.5838E-01  9.4931E-03  1.1988E-01  1.9696E-02  1.1574E+00  2.8546E-04
  7.7860E-02  2.5951E-01  9.4932E-03  1.1988E-01  1.9696E-02  1.1574E+00  2.8656E-04
  7.8200E-02  2.6065E-01  9.4933E-03  1.1988E-01  1.9696E-02  1.1574E+00  2.8766E-04
  7.8540E-02  2.6178E-01  9.4934E-03  1.1988E-01  1.9696E-02  1.1574E+00  2.8876E-04
  7.8880E-02  2.6291E-01  9.4935E-03  1.1988E-01  1.9696E-02  1.1574E+00  2.8986E-04
  7.9220E-02  2.6405E-01  9.4936E-03  1.1988E-01  1.9696E-02  1.1574E+00  2.9096E-04
  7.9560E-02  2.6518E-01  9.4937E-03  1.1988E-01  1.9696E-02  1.1574E+00  2.9206E-04
  7.9900E-02  2.6632E-01  9.4938E-03  1.1988E-01  1.9696E-02  1.1574E+00  2.9316E-04
  8.0240E-02  2.6745E-01  9.4939E-03  1.1988E-01  1.9696E-02  1.1574E+00  2.9426E-04
  8.0580E-02  2.6858E-01  9.4940E-03  1.1988E-01  1.9696E-02  1.1574E+00  2.9536E-04
  8.0920E-02  2.6972E-01  9.4941E-03  1.1988E-01  1.9696E-02  1.1574E+00  2.9646E-04
  8.1260E-02  2.7085E-01  9.4942E-03  1.1988E-01  1.9696E-02  1.1574E+00  2.9756E-04
  8.1600E-02  2.7199E-01  9.4942E-03  1.1988E-01  1.9696E-02  1.1574E+00  2.9866E-04
  8.1940E-02  2.7312E-01  9.4943E-03  1.1988E-01  1.9696E-02  1.1574E+00  2.9976E-04
  8.2280E-02  2.7425E-01  9.4944E-03  1.1988E-01  1.9696E-02  1.1574E+00  3.0086E-04
  8.2620E-02  2.7539E-01  9.4945E-03  1.1988E-01  1.9696E-02  1.1574E+00  3.0196E-04
  8.2960E-02  2.7652E-01  9.4946E-03  1.1988E-01  1.9696E-02  1.1574E+00  3.0306E-04
  8.3300E-02  2.7766E-01  9.4947E-03  1.1988E-01  1.9696E-02  1.1574E+00  3.0416E-04
  8.3640E-02  2.7879E-01  9.4948E-03  1.1988E-01  1.9696E-02  1.1574E+00  3.0526E-04
  8.3980E-02  2.7993E-01  9.4949E-03  1.1988E-01  1.9696E-02  1.1574E+00  3.0636E-04
  8.4320E-02  2.8106E-01  9.4950E-03  1.1988E-01  1.9696E-02  1.1574E+00  3.0746E-04
  8.4660E-02  2.8219E-01  9.4951E-03  1.1988E-01  1.9696E-02  1.1574E+00  3.0856E-04
  8.5000E-02  2.8333E-01  9.4952E-03  1.1988E-01  1.9696E-02  1.1574E+00  3.0966E-04
  8.5340E-02  2.8446E-01  9.4953E-03  1.1988E-01  1.9696E-02  1.1574E+00  3.1076E-04
  8.5680E-02  2.8560E-01  9.4954E-03  1.1988E-01  1.9696E-02  1.1574E+00  3.1186E-04
  8.6020E-02  2.8673E-01  9.4955E-03  1.1988E-01  1.9696E-02  1.1574E+00  3.1296E-04
  8.6360E-02  2.8786E-01  9.4955E-03  1.1988E-01  1.9696E-02  1.1574E+00  3.1406E-04
  8.6700E-02  2.8900E-01  9.4956E-03  1.1988E-01  1.9696E-02  1.1574E+00  3.1516E-04
  8.7040E-02  2.9013E-01  9.4957E-03  1.1988E-01  1.9696E-02  1.1574E+00  3.1626E-04
  8.7380E-02  2.9127E-01  9.4958E-03  1.1988E-01  1.9696E-02  1.1574E+00  3.1736E-04
  8.7720E-02  2.9240E-01  9.4959E-03  1.1988E-01  1.9696E-02  1.1574E+00  3.1846E-04
  8.8060E-02  2.9353E-01  9.4960E-03  1.1988E-01  1.9696E-02  1.1574E+00  3.1956E-04
  8.8400E-02  2.9467E-01  9.4961E-03  1.1988E-01  1.9696E-02  1.1574E+00  3.2066E-04
  8.8740E-02  2.9580E-01  9.4962E-03  1.1988E-01  1.9696E-02  1.1574E+00  3.2176E-04
  8.9080E-02  2.9694E-01  9.4963E-03  1.1988E-01  1.9696E-02  1.1574E+00  3.2286E-04
  8.9420E-02  2.9807E-01  9.4964E-03  1.1988E-01  1.9696E-02  1.1574E+00  3.2396E-04
  8.9760E-02  2.9921E-01  9.4965E-03  1.1988E-01  1.9696E-02  1.1574E+00  3.2506E-04
  9.0100E-02  3.0034E-01  9.4966E-03  1.1988E-01  1.9696E-02  1.1574E+00  3.2616E-04
  9.0440E-02  3.0147E-01  9.4967E-03  1.1988E-01  1.9696E-02  1.1574E+00  3.2726E-04
  9.0780E-02  3.0261E-01  9.4968E-03  1.1988E-01  1.9696E-02  1.1574E+00  3.2836E-04
  9.1120E-02  3.0374E-01  9.4968E-03  1.1988E-01  1.9696E-02  1.1574E+00  3.2946E-04
  9.1460E-02  3.0488E-01  9.4969E-03  1.1988E-01  1.9696E-02  1.1574E+00  3.3056E-04
  9.1800E-02  3.0601E-01  9.4970E-03  1.1988E-01  1.9696E-02  1.1574E+00  3.3166E-04
  9.2140E-02  3.0714E-01  9.4971E-03  1.1988E-01  1.9696E-02  1.1574E+00  3.3276E-04
  9.2480E-02  3.0828E-01  9.4972E-03  1.1988E-01  1.9696E-02  1.1574E+00  3.3386E-04
  9.2820E-02  3.0941E-01  9.4973E-03  1.1988E-01  1.9696E-02  1.1574E+00  3.3496E-04
  9.3160E-02  3.1055E-01  9.4974E-03  1.1988E-01  1.9696E-02  1.1574E+00  3.3606E-04
  9.3500E-02  3.1168E-01  9.4975E-03  1.1988E-01  1.9696E-02  1.1574E+00  3.3716E-04
  9.3840E-02  3.1281E-01  9.4976E-03  1.1988E-01  1.9696E-02  1.1574E+00  3.3826E-04
  9.4180E-02  3.1395E-01  9.4977E-03  1.1988E-01  1.9696E-02  1.1574E+00  3.3936E-04
  9.4520E-02  3.1508E-01  9.4978E-03  1.1988E-01  1.9696E-02  1.1574E+00  3.4046E-04
  9.4860E-02  3.1622E-01  9.4979E-03  1.1988E-01  1.9696E-02  1.1574E+00  3.4156E-04
  9.5200E-02  3.1735E-01  9.4980E-03  1.1988E-01  1.9696E-02  1.1574E+00  3.4266E-04
  9.5540E-02  3.1849E-01  9.4981E-03  1.1988E-01  1.9696E-02  1.1574E+00  3.4376E-04
  9.5880E-02  3.1962E-01  9.4981E-03  1.1988E-01  1.9696E-02  1.1574E+00  3.4486E-04
  9.6220E-02  3.2075E-01  9.4982E-03  1.1988E-01  1.9696E-02  1.1574E+00  3.4596E-04
  9.6560E-02  3.2189E-01  9.4983E-03  1.1988E-01  1.9696E-02  1.1574E+00  3.4706E-04
  9.6900E-02  3.2302E-01  9.4984E-03  1.1988E-01  1.9696E-02  1.1574E+00  3.4816E-04
  9.7240E-02  3.2416E-01  9.4985E-03  1.1988E-01  1.9696E-02  1.1574E+00  3.4926E-04
  9.7580E-02  3.2529E-01  9.4986E-03  1.1988E-01  1.9696E-02  1.1574E+00  3.5036E-04
  9.7920E-02  3.2642E-01  9.4987E-03  1.1988E-01  1.9696E-02  1.1574E+00  3.5146E-04
  9.8260E-02  3.2756E-01  9.4988E-03  1.1988E-01  1.9696E-02  1.1574E+00  3.5256E-04
  9.8597E-02  3.2869E-01  5.5099E-03  8.0278E-02  1.9716E-02  7.7564E-01  5.4279E-04
  9.8940E-02  3.2984E-01  5.5100E-03  8.0279E-02  1.9716E-02  7.7564E-01  5.4445E-04
  9.9280E-02  3.3098E-01  5.5212E-03  8.0359E-02  1.9736E-02  7.7719E-01  5.4662E-04
  9.9620E-02  3.3211E-01  5.5213E-03  8.0359E-02  1.9736E-02  7.7719E-01  5.4826E-04
  9.9960E-02  3.3325E-01  5.5213E-03  8.0359E-02  1.9736E-02  7.7719E-01  5.4991E-04
  1.0030E-01  3.3438E-01  5.5214E-03  8.0359E-02  1.9736E-02  7.7719E-01  5.5156E-04
  1.0064E-01  3.3551E-01  5.5215E-03  8.0360E-02  1.9736E-02  7.7719E-01  5.5320E-04
  1.0098E-01  3.3665E-01  5.5216E-03  8.0360E-02  1.9736E-02  7.7719E-01  5.5485E-04
  1.0132E-01  3.3777E-01  5.5328E-03  8.0440E-02  1.9756E-02  7.7875E-01  5.5701E-04
  1.0166E-01  3.3891E-01  5.5329E-03  8.0441E-02  1.9756E-02  7.7875E-01  5.5866E-04
  1.0200E-01  3.4004E-01  5.5330E-03  8.0441E-02  1.9756E-02  7.7875E-01  5.6031E-04
  1.0234E-01  3.4118E-01  5.5331E-03  8.0441E-02  1.9756E-02  7.7875E-01  5.6195E-04
  1.0268E-01  3.4231E-01  5.5332E-03  8.0441E-02  1.9756E-02  7.7875E-01  5.6360E-04
  1.0302E-01  3.4345E-01  5.5333E-03  8.0441E-02  1.9756E-02  7.7875E-01  5.6525E-04
  1.0336E-01  3.4458E-01  5.5334E-03  8.0442E-02  1.9756E-02  7.7875E-01  5.6690E-04
  1.0370E-01  3.4571E-01  5.5335E-03  8.0442E-02  1.9756E-02  7.7875E-01  5.6855E-04
  1.0404E-01  3.4685E-01  5.5336E-03  8.0442E-02  1.9756E-02  7.7875E-01  5.7020E-04
  1.0438E-01  3.4798E-01  5.5337E-03  8.0442E-02  1.9756E-02  7.7875E-01  5.7184E-04
  1.0472E-01  3.4912E-01  5.5338E-03  8.0442E-02  1.9756E-02  7.7875E-01  5.7349E-04
  1.0506E-01  3.5025E-01  5.5339E-03  8.0443E-02  1.9756E-02  7.7875E-01  5.7514E-04
  1.0540E-01  3.5138E-01  5.5339E-03  8.0443E-02  1.9756E-02  7.7875E-01  5.7679E-04
  1.0574E-01  3.5252E-01  5.5340E-03  8.0443E-02  1.9756E-02  7.7875E-01  5.7844E-04
  1.0608E-01  3.5365E-01  5.5341E-03  8.0443E-02  1.9756E-02  7.7875E-01  5.8009E-04
  1.0642E-01  3.5479E-01  5.5342E-03  8.0443E-02  1.9756E-02  7.7875E-01  5.8173E-04
  1.0676E-01  3.5592E-01  5.5343E-03  8.0444E-02  1.9756E-02  7.7875E-01  5.8338E-04
  1.0710E-01  3.5705E-01  5.5344E-03  8.0444E-02  1.9756E-02  7.7875E-01  5.8503E-04
  1.0744E-01  3.5819E-01  5.5345E-03  8.0444E-02  1.9756E-02  7.7875E-01  5.8668E-04
  1.0778E-01  3.5932E-01  5.5346E-03  8.0444E-02  1.9756E-02  7.7875E-01  5.8833E-04
  1.0812E-01  3.6046E-01  5.5347E-03  8.0444E-02  1.9756E-02  7.7875E-01  5.8997E-04
  1.0846E-01  3.6159E-01  5.5348E-03  8.0445E-02  1.9756E-02  7.7875E-01  5.9162E-04
  1.0880E-01  3.6273E-01  5.5349E-03  8.0445E-02  1.9756E-02  7.7875E-01  5.9327E-04
  1.0914E-01  3.6386E-01  5.5350E-03  8.0445E-02  1.9756E-02  7.7875E-01  5.9492E-04
  1.0948E-01  3.6499E-01  5.5351E-03  8.0445E-02  1.9756E-02  7.7875E-01  5.9657E-04
  1.0982E-01  3.6613E-01  5.5352E-03  8.0445E-02  1.9756E-02  7.7875E-01  5.9821E-04
  1.1016E-01  3.6726E-01  5.5353E-03  8.0446E-02  1.9756E-02  7.7875E-01  5.9986E-04
  1.1050E-01  3.6840E-01  5.5353E-03  8.0446E-02  1.9756E-02  7.7875E-01  6.0151E-04
  1.1084E-01  3.6953E-01  5.5354E-03  8.0446E-02  1.9756E-02  7.7875E-01  6.0316E-04
  1.1118E-01  3.7066E-01  5.5355E-03  8.0446E-02  1.9756E-02  7.7875E-01  6.0481E-04
  1.1152E-01  3.7180E-01  5.5356E-03  8.0446E-02  1.9756E-02  7.7875E-01  6.0645E-04
  1.1186E-01  3.7293E-01  5.5357E-03  8.0447E-02  1.9756E-02  7.7875E-01  6.0810E-04
  1.1220E-01  3.7407E-01  5.5358E-03  8.0447E-02  1.9756E-02  7.7875E-01  6.0975E-04
  1.1254E-01  3.7520E-01  5.5359E-03  8.0447E-02  1.9756E-02  7.7875E-01  6.1140E-04
  1.1288E-01  3.7633E-01  5.5360E-03  8.0447E-02  1.9756E-02  7.7875E-01  6.1305E-04
  1.1322E-01  3.7747E-01  5.5361E-03  8.0447E-02  1.9756E-02  7.7875E-01  6.1469E-04
  1.1356E-01  3.7860E-01  5.5362E-03  8.0448E-02  1.9756E-02  7.7875E-01  6.1634E-04
  1.1390E-01  3.7974E-01  5.5363E-03  8.0448E-02  1.9756E-02  7.7875E-01  6.1799E-04
  1.1424E-01  3.8087E-01  5.5364E-03  8.0448E-02  1.9756E-02  7.7875E-01  6.1964E-04
  1.1458E-01  3.8201E-01  5.5365E-03  8.0448E-02  1.9756E-02  7.7875E-01  6.2129E-04
  1.1492E-01  3.8314E-01  5.5366E-03  8.0448E-02  1.9756E-02  7.7875E-01  6.2293E-04
  1.1526E-01  3.8427E-01  5.5367E-03  8.0449E-02  1.9756E-02  7.7875E-01  6.2458E-04
  1.1560E-01  3.8541E-01  5.5368E-03  8.0449E-02  1.9756E-02  7.7875E-01  6.2623E-04
  1.1594E-01  3.8654E-01  5.5368E-03  8.0449E-02  1.9756E-02  7.7875E-01  6.2788E-04
  1.1628E-01  3.8768E-01  5.5369E-03  8.0449E-02  1.9756E-02  7.7875E-01  6.2953E-04
  1.1662E-01  3.8881E-01  5.5370E-03  8.0450E-02  1.9756E-02  7.7875E-01  6.3117E-04
  1.1696E-01  3.8994E-01  5.5371E-03  8.0450E-02  1.9756E-02  7.7875E-01  6.3282E-04
  1.1730E-01  3.9108E-01  5.5372E-03  8.0450E-02  1.9756E-02  7.7875E-01  6.3447E-04
  1.1764E-01  3.9221E-01  5.5373E-03  8.0450E-02  1.9756E-02  7.7875E-01  6.3612E-04
  1.1798E-01  3.9335E-01  5.5374E-03  8.0450E-02  1.9756E-02  7.7875E-01  6.3776E-04
  1.1832E-01  3.9448E-01  5.5375E-03  8.0451E-02  1.9756E-02  7.7875E-01  6.3941E-04
  1.1866E-01  3.9561E-01  5.5376E-03  8.0451E-02  1.9756E-02  7.7875E-01  6.4106E-04
  1.1900E-01  3.9675E-01  5.5377E-03  8.0451E-02  1.9756E-02  7.7875E-01  6.4271E-04
  1.1934E-01  3.9788E-01  5.5378E-03  8.0451E-02  1.9756E-02  7.7875E-01  6.4435E-04
  1.1968E-01  3.9902E-01  5.5379E-03  8.0451E-02  1.9756E-02  7.7875E-01  6.4600E-04
  1.2002E-01  4.0015E-01  5.5380E-03  8.0452E-02  1.9756E-02  7.7875E-01  6.4765E-04
  1.2036E-01  4.0129E-01  5.5381E-03  8.0452E-02  1.9756E-02  7.7875E-01  6.4930E-04
  1.2070E-01  4.0242E-01  5.5382E-03  8.0452E-02  1.9756E-02  7.7875E-01  6.5095E-04
  1.2104E-01  4.0355E-01  5.5382E-03  8.0452E-02  1.9756E-02  7.7875E-01  6.5259E-04
  1.2138E-01  4.0469E-01  5.5383E-03  8.0453E-02  1.9756E-02  7.7875E-01  6.5424E-04
  1.2172E-01  4.0582E-01  5.5384E-03  8.0453E-02  1.9756E-02  7.7875E-01  6.5589E-04
  1.2206E-01  4.0696E-01  5.5385E-03  8.0453E-02  1.9756E-02  7.7875E-01  6.5754E-04
  1.2240E-01  4.0809E-01  5.5386E-03  8.0453E-02  1.9756E-02  7.7875E-01  6.5918E-04
  1.2274E-01  4.0922E-01  5.5387E-03  8.0453E-02  1.9756E-02  7.7875E-01  6.6083E-04
  1.2308E-01  4.1036E-01  5.5388E-03  8.0454E-02  1.9756E-02  7.7875E-01  6.6248E-04
  1.2342E-01  4.1149E-01  5.5389E-03  8.0454E-02  1.9756E-02  7.7875E-01  6.6413E-04
  1.2376E-01  4.1263E-01  5.5390E-03  8.0454E-02  1.9756E-02  7.7875E-01  6.6577E-04
  1.2410E-01  4.1376E-01  5.5391E-03  8.0454E-02  1.9756E-02  7.7875E-01  6.6742E-04
  1.2444E-01  4.1489E-01  5.5392E-03  8.0455E-02  1.9756E-02  7.7875E-01  6.6907E-04
  1.2478E-01  4.1603E-01  5.5393E-03  8.0455E-02  1.9756E-02  7.7875E-01  6.7072E-04
  1.2512E-01  4.1716E-01  5.5394E-03  8.0455E-02  1.9756E-02  7.7875E-01  6.7236E-04
  1.2546E-01  4.1830E-01  5.5395E-03  8.0455E-02  1.9756E-02  7.7875E-01  6.7401E-04
  1.2580E-01  4.1943E-01  5.5396E-03  8.0456E-02  1.9756E-02  7.7875E-01  6.7566E-04
  1.2614E-01  4.2057E-01  5.5396E-03  8.0456E-02  1.9756E-02  7.7875E-01  6.7731E-04
  1.2648E-01  4.2170E-01  5.5397E-03  8.0456E-02  1.9756E-02  7.7875E-01  6.7895E-04
  1.2682E-01  4.2283E-01  5.5398E-03  8.0456E-02  1.9756E-02  7.7875E-01  6.8060E-04
  1.2716E-01  4.2397E-01  5.5399E-03  8.0456E-02  1.9756E-02  7.7875E-01  6.8225E-04
  1.2750E-01  4.2510E-01  5.5400E-03  8.0457E-02  1.9756E-02  7.7875E-01  6.8389E-04
  1.2784E-01  4.2624E-01  5.5401E-03  8.0457E-02  1.9756E-02  7.7875E-01  6.8554E-04
  1.2818E-01  4.2737E-01  5.5402E-03  8.0457E-02  1.9756E-02  7.7875E-01  6.8719E-04
  1.2852E-01  4.2850E-01  5.5403E-03  8.0457E-02  1.9756E-02  7.7875E-01  6.8884E-04
  1.2886E-01  4.2964E-01  5.5404E-03  8.0458E-02  1.9756E-02  7.7875E-01  6.9048E-04
  1.2920E-01  4.3077E-01  5.5405E-03  8.0458E-02  1.9756E-02  7.7875E-01  6.9213E-04
  1.2954E-01  4.3191E-01  5.5406E-03  8.0458E-02  1.9756E-02  7.7875E-01  6.9378E-04
  1.2988E-01  4.3304E-01  5.5407E-03  8.0458E-02  1.9756E-02  7.7875E-01  6.9543E-04
  1.3022E-01  4.3417E-01  5.5408E-03  8.0459E-02  1.9756E-02  7.7875E-01  6.9707E-04
  1.3056E-01  4.3531E-01  5.5409E-03  8.0459E-02  1.9756E-02  7.7875E-01  6.9872E-04
  1.3090E-01  4.3644E-01  5.5410E-03  8.0459E-02  1.9756E-02  7.7875E-01  7.0037E-04
  1.3124E-01  4.3758E-01  5.5410E-03  8.0459E-02  1.9756E-02  7.7875E-01  7.0201E-04
  1.3158E-01  4.3871E-01  5.5411E-03  8.0459E-02  1.9756E-02  7.7875E-01  7.0366E-04
  1.3192E-01  4.3985E-01  5.5412E-03  8.0460E-02  1.9756E-02  7.7875E-01  7.0531E-04
  1.3226E-01  4.4098E-01  5.5413E-03  8.0460E-02  1.9756E-02  7.7875E-01  7.0696E-04
  1.3260E-01  4.4211E-01  5.5414E-03  8.0460E-02  1.9756E-02  7.7875E-01  7.0860E-04
  1.3294E-01  4.4325E-01  5.5415E-03  8.0460E-02  1.9756E-02  7.7875E-01  7.1025E-04
  1.3328E-01  4.4438E-01  5.5416E-03  8.0461E-02  1.9756E-02  7.7875E-01  7.1190E-04
  1.3362E-01  4.4552E-01  5.5417E-03  8.0461E-02  1.9756E-02  7.7875E-01  7.1354E-04
  1.3396E-01  4.4665E-01  5.5418E-03  8.0461E-02  1.9756E-02  7.7875E-01  7.1519E-04
  1.3430E-01  4.4778E-01  5.5419E-03  8.0461E-02  1.9756E-02  7.7875E-01  7.1684E-04
  1.3464E-01  4.4892E-01  5.5420E-03  8.0462E-02  1.9756E-02  7.7875E-01  7.1849E-04
  1.3498E-01  4.5005E-01  5.5421E-03  8.0462E-02  1.9756E-02  7.7875E-01  7.2013E-04
  1.3532E-01  4.5119E-01  5.5422E-03  8.0462E-02  1.9756E-02  7.7875E-01  7.2178E-04
  1.3566E-01  4.5232E-01  5.5423E-03  8.0462E-02  1.9756E-02  7.7875E-01  7.2343E-04
  1.3600E-01  4.5345E-01  5.5424E-03  8.0463E-02  1.9756E-02  7.7875E-01  7.2507E-04
  1.3634E-01  4.5459E-01  5.5424E-03  8.0463E-02  1.9756E-02  7.7875E-01  7.2672E-04
  1.3668E-01  4.5572E-01  5.5425E-03  8.0463E-02  1.9756E-02  7.7875E-01  7.2837E-04
  1.3702E-01  4.5686E-01  5.5426E-03  8.0463E-02  1.9756E-02  7.7875E-01  7.3001E-04
  1.3736E-01  4.5799E-01  5.5427E-03  8.0464E-02  1.9756E-02  7.7875E-01  7.3166E-04
  1.3770E-01  4.5913E-01  5.5428E-03  8.0464E-02  1.9756E-02  7.7875E-01  7.3331E-04
  1.3804E-01  4.6026E-01  5.5429E-03  8.0464E-02  1.9756E-02  7.7875E-01  7.3496E-04
  1.3838E-01  4.6139E-01  5.5430E-03  8.0464E-02  1.9756E-02  7.7875E-01  7.3660E-04
  1.3872E-01  4.6253E-01  5.5431E-03  8.0465E-02  1.9756E-02  7.7875E-01  7.3825E-04
  1.3906E-01  4.6366E-01  5.5432E-03  8.0465E-02  1.9756E-02  7.7875E-01  7.3990E-04
  1.3940E-01  4.6480E-01  5.5433E-03  8.0465E-02  1.9756E-02  7.7875E-01  7.4154E-04
  1.3974E-01  4.6593E-01  5.5434E-03  8.0465E-02  1.9756E-02  7.7875E-01  7.4319E-04
  1.4008E-01  4.6706E-01  5.5435E-03  8.0466E-02  1.9756E-02  7.7875E-01  7.4484E-04
  1.4042E-01  4.6820E-01  5.5436E-03  8.0466E-02  1.9756E-02  7.7875E-01  7.4648E-04
  1.4076E-01  4.6933E-01  5.5437E-03  8.0466E-02  1.9756E-02  7.7875E-01  7.4813E-04
  1.4110E-01  4.7047E-01  5.5438E-03  8.0466E-02  1.9756E-02  7.7875E-01  7.4978E-04
  1.4144E-01  4.7160E-01  5.5439E-03  8.0467E-02  1.9756E-02  7.7875E-01  7.5142E-04
  1.4178E-01  4.7273E-01  5.5439E-03  8.0467E-02  1.9756E-02  7.7875E-01  7.5307E-04
  1.4212E-01  4.7387E-01  5.5440E-03  8.0467E-02  1.9756E-02  7.7875E-01  7.5472E-04
  1.4246E-01  4.7500E-01  5.5441E-03  8.0467E-02  1.9756E-02  7.7875E-01  7.5636E-04
  1.4280E-01  4.7614E-01  5.5442E-03  8.0468E-02  1.9756E-02  7.7875E-01  7.5801E-04
  1.4314E-01  4.7727E-01  5.5443E-03  8.0468E-02  1.9756E-02  7.7875E-01  7.5966E-04
  1.4348E-01  4.7841E-01  5.5444E-03  8.0468E-02  1.9756E-02  7.7875E-01  7.6130E-04
  1.4382E-01  4.7954E-01  5.5445E-03  8.0468E-02  1.9756E-02  7.7875E-01  7.6295E-04
  1.4416E-01  4.8067E-01  5.5446E-03  8.0469E-02  1.9756E-02  7.7875E-01  7.6460E-04
  1.4450E-01  4.8181E-01  5.5447E-03  8.0469E-02  1.9756E-02  7.7875E-01  7.6624E-04
  1.4484E-01  4.8294E-01  5.5448E-03  8.0469E-02  1.9756E-02  7.7875E-01  7.6789E-04
  1.4518E-01  4.8408E-01  5.5449E-03  8.0470E-02  1.9756E-02  7.7875E-01  7.6954E-04
  1.4552E-01  4.8521E-01  5.5450E-03  8.0470E-02  1.9756E-02  7.7875E-01  7.7118E-04
  1.4586E-01  4.8634E-01  5.5451E-03  8.0470E-02  1.9756E-02  7.7875E-01  7.7283E-04
  1.4620E-01  4.8748E-01  5.5452E-03  8.0470E-02  1.9756E-02  7.7875E-01  7.7448E-04
  1.4654E-01  4.8861E-01  5.5453E-03  8.0471E-02  1.9756E-02  7.7875E-01  7.7612E-04
  1.4688E-01  4.8975E-01  5.5453E-03  8.0471E-02  1.9756E-02  7.7875E-01  7.7777E-04
  1.4722E-01  4.9088E-01  5.5454E-03  8.0471E-02  1.9756E-02  7.7875E-01  7.7942E-04
  1.4756E-01  4.9201E-01  5.5455E-03  8.0471E-02  1.9756E-02  7.7875E-01  7.8106E-04
  1.4790E-01  4.9315E-01  5.5456E-03  8.0472E-02  1.9756E-02  7.7875E-01  7.8271E-04
  1.4824E-01  4.9428E-01  5.5457E-03  8.0472E-02  1.9756E-02  7.7875E-01  7.8436E-04
  1.4858E-01  4.9542E-01  5.5458E-03  8.0472E-02  1.9756E-02  7.7875E-01  7.8600E-04
  1.4892E-01  4.9655E-01  5.5459E-03  8.0472E-02  1.9756E-02  7.7875E-01  7.8765E-04
  1.4926E-01  4.9769E-01  5.5460E-03  8.0473E-02  1.9756E-02  7.7875E-01  7.8929E-04
  1.4960E-01  4.9882E-01  5.5461E-03  8.0473E-02  1.9756E-02  7.7875E-01  7.9094E-04
  1.4994E-01  4.9995E-01  5.5462E-03  8.0473E-02  1.9756E-02  7.7875E-01  7.9259E-04
  1.5028E-01  5.0109E-01  5.5463E-03  8.0474E-02  1.9756E-02  7.7875E-01  7.9423E-04
  1.5062E-01  5.0222E-01  5.5464E-03  8.0474E-02  1.9756E-02  7.7875E-01  7.9588E-04
  1.5096E-01  5.0336E-01  5.5465E-03  8.0474E-02  1.9756E-02  7.7875E-01  7.9753E-04
  1.5130E-01  5.0449E-01  5.5466E-03  8.0474E-02  1.9756E-02  7.7875E-01  7.9917E-04
  1.5164E-01  5.0562E-01  5.5467E-03  8.0475E-02  1.9756E-02  7.7875E-01  8.0082E-04
  1.5198E-01  5.0676E-01  5.5467E-03  8.0475E-02  1.9756E-02  7.7875E-01  8.0246E-04
  1.5232E-01  5.0789E-01  5.5468E-03  8.0475E-02  1.9756E-02  7.7875E-01  8.0411E-04
  1.5266E-01  5.0903E-01  5.5469E-03  8.0475E-02  1.9756E-02  7.7875E-01  8.0576E-04
  1.5300E-01  5.1016E-01  5.5470E-03  8.0476E-02  1.9756E-02  7.7875E-01  8.0740E-04
  1.5334E-01  5.1129E-01  5.5471E-03  8.0476E-02  1.9756E-02  7.7875E-01  8.0905E-04
  1.5368E-01  5.1243E-01  5.5472E-03  8.0476E-02  1.9756E-02  7.7875E-01  8.1070E-04
  1.5402E-01  5.1356E-01  5.5473E-03  8.0477E-02  1.9756E-02  7.7875E-01  8.1234E-04
  1.5436E-01  5.1470E-01  5.5474E-03  8.0477E-02  1.9756E-02  7.7875E-01  8.1399E-04
  1.5470E-01  5.1583E-01  5.5475E-03  8.0477E-02  1.9756E-02  7.7875E-01  8.1563E-04
  1.5504E-01  5.1697E-01  5.5476E-03  8.0477E-02  1.9756E-02  7.7875E-01  8.1728E-04
  1.5538E-01  5.1810E-01  5.5477E-03  8.0478E-02  1.9756E-02  7.7875E-01  8.1893E-04
  1.5572E-01  5.1923E-01  5.5478E-03  8.0478E-02  1.9756E-02  7.7875E-01  8.2057E-04
  1.5606E-01  5.2037E-01  5.5479E-03  8.0478E-02  1.9756E-02  7.7875E-01  8.2222E-04
  1.5640E-01  5.2150E-01  5.5480E-03  8.0478E-02  1.9756E-02  7.7875E-01  8.2386E-04
  1.5674E-01  5.2264E-01  5.5481E-03  8.0479E-02  1.9756E-02  7.7875E-01  8.2551E-04
  1.5708E-01  5.2377E-01  5.5481E-03  8.0479E-02  1.9756E-02  7.7875E-01  8.2716E-04
  1.5742E-01  5.2490E-01  5.5482E-03  8.0479E-02  1.9756E-02  7.7875E-01  8.2880E-04
  1.5776E-01  5.2604E-01  5.5483E-03  8.0480E-02  1.9756E-02  7.7875E-01  8.3045E-04
  1.5810E-01  5.2717E-01  5.5484E-03  8.0480E-02  1.9756E-02  7.7875E-01  8.3209E-04
  1.5844E-01  5.2831E-01  5.5485E-03  8.0480E-02  1.9756E-02  7.7875E-01  8.3374E-04
  1.5878E-01  5.2944E-01  5.5486E-03  8.0480E-02  1.9756E-02  7.7875E-01  8.3539E-04
  1.5912E-01  5.3057E-01  5.5487E-03  8.0481E-02  1.9756E-02  7.7875E-01  8.3703E-04
  1.5946E-01  5.3171E-01  5.5488E-03  8.0481E-02  1.9756E-02  7.7875E-01  8.3868E-04
  1.5980E-01  5.3284E-01  5.5489E-03  8.0481E-02  1.9756E-02  7.7875E-01  8.4032E-04
  1.6014E-01  5.3398E-01  5.5490E-03  8.0482E-02  1.9756E-02  7.7875E-01  8.4197E-04
  1.6048E-01  5.3511E-01  5.5491E-03  8.0482E-02  1.9756E-02  7.7875E-01  8.4361E-04
  1.6082E-01  5.3625E-01  5.5492E-03  8.0482E-02  1.9756E-02  7.7875E-01  8.4526E-04
  1.6116E-01  5.3738E-01  5.5493E-03  8.0482E-02  1.9756E-02  7.7875E-01  8.4691E-04
  1.6150E-01  5.3851E-01  5.5494E-03  8.0483E-02  1.9756E-02  7.7875E-01  8.4855E-04
  1.6184E-01  5.3965E-01  5.5495E-03  8.0483E-02  1.9756E-02  7.7875E-01  8.5020E-04
  1.6218E-01  5.4078E-01  5.5495E-03  8.0483E-02  1.9756E-02  7.7875E-01  8.5184E-04
  1.6252E-01  5.4192E-01  5.5496E-03  8.0484E-02  1.9756E-02  7.7875E-01  8.5349E-04
  1.6286E-01  5.4305E-01  5.5497E-03  8.0484E-02  1.9756E-02  7.7875E-01  8.5514E-04
  1.6320E-01  5.4418E-01  5.5498E-03  8.0484E-02  1.9756E-02  7.7875E-01  8.5678E-04
  1.6354E-01  5.4532E-01  5.5499E-03  8.0484E-02  1.9756E-02  7.7875E-01  8.5843E-04
  1.6388E-01  5.4645E-01  5.5500E-03  8.0485E-02  1.9756E-02  7.7875E-01  8.6007E-04
  1.6422E-01  5.4759E-01  5.5501E-03  8.0485E-02  1.9756E-02  7.7875E-01  8.6172E-04
  1.6456E-01  5.4872E-01  5.5502E-03  8.0485E-02  1.9756E-02  7.7875E-01  8.6336E-04
  1.6490E-01  5.4985E-01  5.5503E-03  8.0486E-02  1.9756E-02  7.7875E-01  8.6501E-04
  1.6524E-01  5.5099E-01  5.5504E-03  8.0486E-02  1.9756E-02  7.7875E-01  8.6665E-04
  1.6558E-01  5.5212E-01  5.5505E-03  8.0486E-02  1.9756E-02  7.7875E-01  8.6830E-04
  1.6592E-01  5.5326E-01  5.5506E-03  8.0487E-02  1.9756E-02  7.7875E-01  8.6995E-04
  1.6626E-01  5.5439E-01  5.5507E-03  8.0487E-02  1.9756E-02  7.7875E-01  8.7159E-04
  1.6660E-01  5.5553E-01  5.5508E-03  8.0487E-02  1.9756E-02  7.7875E-01  8.7324E-04
  1.6694E-01  5.5666E-01  5.5509E-03  8.0487E-02  1.9756E-02  7.7875E-01  8.7488E-04
  1.6728E-01  5.5779E-01  5.5510E-03  8.0488E-02  1.9756E-02  7.7875E-01  8.7653E-04
  1.6762E-01  5.5893E-01  5.5510E-03  8.0488E-02  1.9756E-02  7.7875E-01  8.7817E-04
  1.6796E-01  5.6006E-01  5.5511E-03  8.0488E-02  1.9756E-02  7.7875E-01  8.7982E-04
  1.6830E-01  5.6120E-01  5.5512E-03  8.0489E-02  1.9756E-02  7.7875E-01  8.8146E-04
  1.6864E-01  5.6233E-01  5.5513E-03  8.0489E-02  1.9756E-02  7.7875E-01  8.8311E-04
  1.6898E-01  5.6346E-01  5.5514E-03  8.0489E-02  1.9756E-02  7.7875E-01  8.8475E-04
  1.6932E-01  5.6460E-01  5.5515E-03  8.0490E-02  1.9756E-02  7.7875E-01  8.8640E-04
  1.7000E-01  5.6687E-01  5.5517E-03  8.0490E-02  1.9756E-02  7.7875E-01  8.8969E-04
