  2.9979E-04  1.0000E-03  2.5051E+02  0.0000E+00  0.0000E+00  1.5789E-01  1.1986E-01  0.0000E+00  0.0000E+00
  5.9958E-04  2.0000E-03  2.5051E+02  0.0000E+00  0.0000E+00  1.5789E-01  1.1986E-01  0.0000E+00  0.0000E+00
  8.9938E-04  3.0000E-03  2.5051E+02  0.0000E+00  0.0000E+00  1.5789E-01  1.1986E-01  0.0000E+00  0.0000E+00
  1.1992E-03  4.0000E-03  2.5051E+02  0.0000E+00  0.0000E+00  1.5789E-01  1.1986E-01  0.0000E+00  0.0000E+00
  1.4990E-03  5.0000E-03  2.5051E+02  0.0000E+00  0.0000E+00  1.5789E-01  1.1986E-01  0.0000E+00  0.0000E+00
  1.7988E-03  6.0000E-03  2.5051E+02  0.0000E+00  0.0000E+00  1.5789E-01  1.1986E-01  0.0000E+00  0.0000E+00
  2.0985E-03  7.0000E-03  2.5051E+02  0.0000E+00  0.0000E+00  1.5789E-01  1.1986E-01  0.0000E+00  0.0000E+00
  2.3983E-03  8.0000E-03  2.5051E+02  0.0000E+00  0.0000E+00  1.5789E-01  1.1986E-01  0.0000E+00  0.0000E+00
  2.6981E-03  9.0000E-03  2.5051E+02  0.0000E+00  0.0000E+00  1.5789E-01  1.1986E-01  0.0000E+00  0.0000E+00
  2.9979E-03  1.0000E-02  2.5051E+02  0.0000E+00  0.0000E+00  1.5789E-01  1.1986E-01  0.0000E+00  0.0000E+00
  3.2977E-03  1.1000E-02  2.5051E+02  0.0000E+00  0.0000E+00  1.5789E-01  1.1986E-01  0.0000E+00  0.0000E+00
  3.5975E-03  1.2000E-02  2.5051E+02  0.0000E+00  0.0000E+00  1.5789E-01  1.1986E-01  0.0000E+00  0.0000E+00
  3.8973E-03  1.3000E-02  2.5051E+02  0.0000E+00  0.0000E+00  1.5789E-01  1.1986E-01  0.0000E+00  0.0000E+00
  4.1971E-03  1.4000E-02  2.5051E+02  0.0000E+00  0.0000E+00  1.5789E-01  1.1986E-01  0.0000E+00  0.0000E+00
  4.4969E-03  1.5000E-02  2.5051E+02  0.0000E+00  0.0000E+00  1.5789E-01  1.1986E-01  0.0000E+00  0.0000E+00
  4.7967E-03  1.6000E-02  2.5051E+02  0.0000E+00  0.0000E+00  1.5789E-01  1.1986E-01  0.0000E+00  0.0000E+00
  5.0965E-03  1.7000E-02  2.5051E+02  0.0000E+00  0.0000E+00  1.5789E-01  1.1986E-01  0.0000E+00  0.0000E+00
  5.3963E-03  1.8000E-02  2.5051E+02  0.0000E+00  0.0000E+00  1.5789E-01  1.1986E-01  0.0000E+00  0.0000E+00
  5.6960E-03  1.9000E-02  2.5051E+02  0.0000E+00  0.0000E+00  1.5789E-01  1.1986E-01  0.0000E+00  0.0000E+00
  5.9958E-03  2.0000E-02  2.5051E+02  0.0000E+00  0.0000E+00  1.5789E-01  1.1986E-01  0.0000E+00  0.0000E+00
  6.2956E-03  2.1000E-02  2.5051E+02  0.0000E+00  0.0000E+00  1.5789E-01  1.1986E-01  0.0000E+00  0.0000E+00
  6.5954E-03  2.2000E-02  2.5051E+02  0.0000E+00  0.0000E+00  1.5789E-01  1.1986E-01  0.0000E+00  0.0000E+00
  6.8952E-03  2.3000E-02  2.5051E+02  0.0000E+00  0.0000E+00  1.5789E-01  1.1986E-01  0.0000E+00  0.0000E+00
  7.1950E-03  2.4000E-02  2.5051E+02  0.0000E+00  0.0000E+00  1.5789E-01  1.1986E-01  0.0000E+00  0.0000E+00
  7.4948E-03  2.5000E-02  2.5051E+02  0.0000E+00  0.0000E+00  1.5789E-01  1.1986E-01  0.0000E+00  0.0000E+00
  7.7946E-03  2.6000E-02  2.5051E+02  0.0000E+00  0.0000E+00  1.5789E-01  1.1986E-01  0.0000E+00  0.0000E+00
  8.0944E-03  2.7000E-02  2.5051E+02  0.0000E+00  0.0000E+00  1.5789E-01  1.1986E-01  0.0000E+00  0.0000E+00
  8.3942E-03  2.8000E-02  2.5051E+02  0.0000E+00  0.0000E+00  1.5789E-01  1.1986E-01  0.0000E+00  0.0000E+00
  8.6940E-03  2.9000E-02  2.5051E+02  0.0000E+00  0.0000E+00  1.5789E-01  1.1986E-01  0.0000E+00  0.0000E+00
  8.9938E-03  3.0000E-02  2.5051E+02  0.0000E+00  0.0000E+00  1.5789E-01  1.1986E-01  0.0000E+00  0.0000E+00
  9.2935E-03  3.1000E-02  2.5051E+02  0.0000E+00  0.0000E+00  1.5789E-01  1.1986E-01  0.0000E+00  0.0000E+00
  9.5933E-03  3.2000E-02  2.5051E+02  0.0000E+00  0.0000E+00  1.5789E-01  1.1986E-01  0.0000E+00  0.0000E+00
  9.8931E-03  3.3000E-02  2.5051E+02  0.0000E+00  0.0000E+00  1.5789E-01  1.1986E-01  0.0000E+00  0.0000E+00
  1.0193E-02  3.4000E-02  2.5051E+02  0.0000E+00  0.0000E+00  1.5789E-01  1.1986E-01  0.0000E+00  0.0000E+00
  1.0493E-02  3.5000E-02  2.5051E+02  0.0000E+00  0.0000E+00  1.5789E-01  1.1986E-01  0.0000E+00  0.0000E+00
  1.0793E-02  3.6000E-02  2.5051E+02  0.0000E+00  0.0000E+00  1.5789E-01  1.1986E-01  0.0000E+00  0.0000E+00
  1.1092E-02  3.7000E-02  2.5051E+02  0.0000E+00  0.0000E+00  1.5789E-01  1.1986E-01  0.0000E+00  0.0000E+00
  1.1392E-02  3.8000E-02  2.5051E+02  0.0000E+00  0.0000E+00  1.5789E-01  1.1986E-01  0.0000E+00  0.0000E+00
  1.1692E-02  3.9000E-02  2.5051E+02  0.0000E+00  0.0000E+00  1.5789E-01  1.1986E-01  0.0000E+00  0.0000E+00
  1.1992E-02  4.0000E-02  2.5051E+02  0.0000E+00  0.0000E+00  1.5789E-01  1.1986E-01  0.0000E+00  0.0000E+00
  1.2291E-02  4.1000E-02  2.5051E+02  0.0000E+00  0.0000E+00  1.5789E-01  1.1986E-01  0.0000E+00  0.0000E+00
  1.2591E-02  4.2000E-02  2.5051E+02  0.0000E+00  0.0000E+00  1.5789E-01  1.1986E-01  0.0000E+00  0.0000E+00
  1.2891E-02  4.3000E-02  2.5051E+02  0.0000E+00  0.0000E+00  1.5789E-01  1.1986E-01  0.0000E+00  0.0000E+00
  1.3191E-02  4.4000E-02  2.5051E+02  0.0000E+00  0.0000E+00  1.5789E-01  1.1986E-01  0.0000E+00  0.0000E+00
  1.3491E-02  4.5000E-02  2.5051E+02  0.0000E+00  0.0000E+00  1.5789E-01  1.1986E-01  0.0000E+00  0.0000E+00
  1.3790E-02  4.6000E-02  2.5051E+02  0.0000E+00  0.0000E+00  1.5789E-01  1.1986E-01  0.0000E+00  0.0000E+00
  1.4090E-02  4.7000E-02  2.5051E+02  0.0000E+00  0.0000E+00  1.5789E-01  1.1986E-01  0.0000E+00  0.0000E+00
  1.4390E-02  4.8000E-02  2.5051E+02  0.0000E+00  0.0000E+00  1.5789E-01  1.1986E-01  0.0000E+00  0.0000E+00
  1.4690E-02  4.9000E-02  2.5051E+02  0.0000E+00  0.0000E+00  1.5789E-01  1.1986E-01  0.0000E+00  0.0000E+00
  1.4990E-02  5.0000E-02  2.5051E+02  0.0000E+00  0.0000E+00  1.5789E-01  1.1986E-01  0.0000E+00  0.0000E+00
  1.5289E-02  5.1000E-02  2.5051E+02  0.0000E+00  0.0000E+00  1.5789E-01  1.1986E-01  0.0000E+00  0.0000E+00
  1.5589E-02  5.2000E-02  2.5051E+02  0.0000E+00  0.0000E+00  1.5789E-01  1.1986E-01  0.0000E+00  0.0000E+00
  1.5889E-02  5.3000E-02  2.5051E+02  0.0000E+00  0.0000E+00  1.5789E-01  1.1986E-01  0.0000E+00  0.0000E+00
  1.6189E-02  5.4000E-02  2.5051E+02  0.0000E+00  0.0000E+00  1.5789E-01  1.1986E-01  0.0000E+00  0.0000E+00
  1.6489E-02  5.5000E-02  2.5051E+02  0.0000E+00  0.0000E+00  1.5789E-01  1.1986E-01  0.0000E+00  0.0000E+00
  1.6788E-02  5.6000E-02  2.5051E+02  0.0000E+00  0.0000E+00  1.5789E-01  1.1986E-01  0.0000E+00  0.0000E+00
  1.7088E-02  5.7000E-02  2.5051E+02  0.0000E+00  0.0000E+00  1.5789E-01  1.1986E-01  0.0000E+00  0.0000E+00
  1.7388E-02  5.8000E-02  2.5051E+02  0.0000E+00  0.0000E+00  1.5789E-01  1.1986E-01  0.0000E+00  0.0000E+00
  1.7688E-02  5.9000E-02  2.5051E+02  0.0000E+00  0.0000E+00  1.5789E-01  1.1986E-01  0.0000E+00  0.0000E+00
  1.7988E-02  6.0000E-02  2.5051E+02  0.0000E+00  0.0000E+00  1.5789E-01  1.1986E-01  0.0000E+00  0.0000E+00
  1.8287E-02  6.1000E-02  2.5051E+02  0.0000E+00  0.0000E+00  1.5789E-01  1.1986E-01  0.0000E+00  0.0000E+00
  1.8587E-02  6.2000E-02  2.5051E+02  0.0000E+00  0.0000E+00  1.5789E-01  1.1986E-01  0.0000E+00  0.0000E+00
  1.8887E-02  6.3000E-02  2.5051E+02  0.0000E+00  0.0000E+00  1.5789E-01  1.1986E-01  0.0000E+00  0.0000E+00
  1.9187E-02  6.4000E-02  2.5051E+02  0.0000E+00  0.0000E+00  1.5789E-01  1.1986E-01  0.0000E+00  0.0000E+00
  1.9486E-02  6.5000E-02  2.5051E+02  0.0000E+00  0.0000E+00  1.5789E-01  1.1986E-01  0.0000E+00  0.0000E+00
  1.9786E-02  6.6000E-02  2.5051E+02  0.0000E+00  0.0000E+00  1.5789E-01  1.1986E-01  0.0000E+00  0.0000E+00
  2.0086E-02  6.7000E-02  2.5051E+02  0.0000E+00  0.0000E+00  1.5789E-01  1.1986E-01  0.0000E+00  0.0000E+00
  2.0386E-02  6.8000E-02  2.5051E+02  0.0000E+00  0.0000E+00  1.5789E-01  1.1986E-01  0.0000E+00  0.0000E+00
  2.0686E-02  6.9000E-02  2.5051E+02  0.0000E+00  0.0000E+00  1.5789E-01  1.1986E-01  0.0000E+00  0.0000E+00
  2.0985E-02  7.0000E-02  2.5051E+02  0.0000E+00  0.0000E+00  1.5789E-01  1.1986E-01  0.0000E+00  0.0000E+00
  2.1285E-02  7.1000E-02  2.5051E+02  0.0000E+00  0.0000E+00  1.5789E-01  1.1986E-01  0.0000E+00  0.0000E+00
  2.1585E-02  7.2000E-02  2.5051E+02  0.0000E+00  0.0000E+00  1.5789E-01  1.1986E-01  0.0000E+00  0.0000E+00
  2.1885E-02  7.3000E-02  2.5051E+02  0.0000E+00  0.0000E+00  1.5789E-01  1.1986E-01  0.0000E+00  0.0000E+00
  2.2185E-02  7.4000E-02  2.5051E+02  0.0000E+00  0.0000E+00  1.5789E-01  1.1986E-01  0.0000E+00  0.0000E+00
  2.2484E-02  7.5000E-02  2.5051E+02  0.0000E+00  0.0000E+00  1.5789E-01  1.1986E-01  0.0000E+00  0.0000E+00
  2.2784E-02  7.6000E-02  2.5051E+02  0.0000E+00  0.0000E+00  1.5789E-01  1.1986E-01  0.0000E+00  0.0000E+00
  2.3084E-02  7.7000E-02  2.5051E+02  0.0000E+00  0.0000E+00  1.5789E-01  1.1986E-01  0.0000E+00  0.0000E+00
  2.3384E-02  7.8000E-02  2.5051E+02  0.0000E+00  0.0000E+00  1.5789E-01  1.1986E-01  0.0000E+00  0.0000E+00
  2.3684E-02  7.9000E-02  2.5051E+02  0.0000E+00  0.0000E+00  1.5789E-01  1.1986E-01  0.0000E+00  0.0000E+00
  2.3983E-02  8.0000E-02  2.5051E+02  0.0000E+00  0.0000E+00  1.5789E-01  1.1986E-01  0.0000E+00  0.0000E+00
  2.4283E-02  8.1000E-02  2.5051E+02  0.0000E+00  0.0000E+00  1.5789E-01  1.1986E-01  0.0000E+00  0.0000E+00
  2.4583E-02  8.2000E-02  2.5051E+02  0.0000E+00  0.0000E+00  1.5789E-01  1.1986E-01  0.0000E+00  0.0000E+00
  2.4883E-02  8.3000E-02  2.5051E+02  0.0000E+00  0.0000E+00  1.5789E-01  1.1986E-01  0.0000E+00  0.0000E+00
  2.5183E-02  8.4000E-02  2.5051E+02  0.0000E+00  0.0000E+00  1.5789E-01  1.1986E-01  0.0000E+00  0.0000E+00
  2.5482E-02  8.5000E-02  2.5051E+02  0.0000E+00  0.0000E+00  1.5789E-01  1.1986E-01  0.0000E+00  0.0000E+00
  2.5782E-02  8.6000E-02  2.5051E+02  0.0000E+00  0.0000E+00  1.5789E-01  1.1986E-01  0.0000E+00  0.0000E+00
  2.6082E-02  8.7000E-02  2.5051E+02  0.0000E+00  0.0000E+00  1.5789E-01  1.1986E-01  0.0000E+00  0.0000E+00
  2.6382E-02  8.8000E-02  2.5051E+02  0.0000E+00  0.0000E+00  1.5789E-01  1.1986E-01  0.0000E+00  0.0000E+00
  2.6681E-02  8.9000E-02  2.5051E+02  0.0000E+00  0.0000E+00  1.5789E-01  1.1986E-01  0.0000E+00  0.0000E+00
  2.6981E-02  9.0000E-02  2.5051E+02  0.0000E+00  0.0000E+00  1.5789E-01  1.1986E-01  0.0000E+00  0.0000E+00
  2.7281E-02  9.1000E-02  2.5051E+02  0.0000E+00  0.0000E+00  1.5789E-01  1.1986E-01  0.0000E+00  0.0000E+00
  2.7581E-02  9.2000E-02  2.5051E+02  0.0000E+00  0.0000E+00  1.5789E-01  1.1986E-01  0.0000E+00  0.0000E+00
  2.7881E-02  9.3000E-02  2.5051E+02  0.0000E+00  0.0000E+00  1.5789E-01  1.1986E-01  0.0000E+00  0.0000E+00
  2.8180E-02  9.4000E-02  2.5051E+02  0.0000E+00  0.0000E+00  1.5789E-01  1.1986E-01  0.0000E+00  0.0000E+00
  2.8480E-02  9.5000E-02  2.5051E+02  0.0000E+00  0.0000E+00  1.5789E-01  1.1986E-01  0.0000E+00  0.0000E+00
  2.8780E-02  9.6000E-02  2.5051E+02  0.0000E+00  0.0000E+00  1.5789E-01  1.1986E-01  0.0000E+00  0.0000E+00
  2.9080E-02  9.7000E-02  2.5051E+02  0.0000E+00  0.0000E+00  1.5789E-01  1.1986E-01  0.0000E+00  0.0000E+00
  2.9380E-02  9.8000E-02  2.5051E+02  0.0000E+00  0.0000E+00  1.5789E-01  1.1986E-01  0.0000E+00  0.0000E+00
  2.9679E-02  9.9000E-02  2.5051E+02  0.0000E+00  0.0000E+00  1.5789E-01  1.1986E-01  0.0000E+00  0.0000E+00
  2.9979E-02  1.0000E-01  2.5051E+02  0.0000E+00  0.0000E+00  1.5789E-01  1.1986E-01  0.0000E+00  0.0000E+00
  3.0279E-02  1.0100E-01  2.5051E+02  0.0000E+00  0.0000E+00  1.5789E-01  1.1986E-01  0.0000E+00  0.0000E+00
  3.0579E-02  1.0200E-01  2.5051E+02  0.0000E+00  0.0000E+00  1.5789E-01  1.1986E-01  0.0000E+00  0.0000E+00
  3.0879E-02  1.0300E-01  2.5051E+02  0.0000E+00  0.0000E+00  1.5789E-01  1.1986E-01  0.0000E+00  0.0000E+00
  3.1178E-02  1.0400E-01  2.5051E+02  0.0000E+00  0.0000E+00  1.5789E-01  1.1986E-01  0.0000E+00  0.0000E+00
  3.1478E-02  1.0500E-01  2.5051E+02  0.0000E+00  0.0000E+00  1.5789E-01  1.1986E-01  0.0000E+00  0.0000E+00
  3.1778E-02  1.0600E-01  2.5051E+02  0.0000E+00  0.0000E+00  1.5789E-01  1.1986E-01  0.0000E+00  0.0000E+00
  3.2078E-02  1.0700E-01  2.5051E+02  0.0000E+00  0.0000E+00  1.5789E-01  1.1986E-01  0.0000E+00  0.0000E+00
  3.2378E-02  1.0800E-01  2.5051E+02  0.0000E+00  0.0000E+00  1.5789E-01  1.1986E-01  0.0000E+00  0.0000E+00
  3.2677E-02  1.0900E-01  2.5051E+02  0.0000E+00  0.0000E+00  1.5789E-01  1.1986E-01  0.0000E+00  0.0000E+00
  3.2977E-02  1.1000E-01  2.5051E+02  0.0000E+00  0.0000E+00  1.5789E-01  1.1986E-01  0.0000E+00  0.0000E+00
  3.3277E-02  1.1100E-01  2.5051E+02  0.0000E+00  0.0000E+00  1.5789E-01  1.1986E-01  0.0000E+00  0.0000E+00
  3.3577E-02  1.1200E-01  2.5051E+02  0.0000E+00  0.0000E+00  1.5789E-01  1.1986E-01  0.0000E+00  0.0000E+00
  3.3876E-02  1.1300E-01  2.5051E+02  0.0000E+00  0.0000E+00  1.5789E-01  1.1986E-01  0.0000E+00  0.0000E+00
  3.4176E-02  1.1400E-01  2.5051E+02  0.0000E+00  0.0000E+00  1.5789E-01  1.1986E-01  0.0000E+00  0.0000E+00
  3.4476E-02  1.1500E-01  2.5051E+02  0.0000E+00  0.0000E+00  1.5789E-01  1.1986E-01  0.0000E+00  0.0000E+00
  3.4776E-02  1.1600E-01  2.5051E+02  0.0000E+00  0.0000E+00  1.5789E-01  1.1986E-01  0.0000E+00  0.0000E+00
  3.5076E-02  1.1700E-01  2.5051E+02  0.0000E+00  0.0000E+00  1.5789E-01  1.1986E-01  0.0000E+00  0.0000E+00
  3.5375E-02  1.1800E-01  2.5051E+02  0.0000E+00  0.0000E+00  1.5789E-01  1.1986E-01  0.0000E+00  0.0000E+00
  3.5675E-02  1.1900E-01  2.5051E+02  0.0000E+00  0.0000E+00  1.5789E-01  1.1986E-01  0.0000E+00  0.0000E+00
  3.5975E-02  1.2000E-01  2.5051E+02  0.0000E+00  0.0000E+00  1.5789E-01  1.1986E-01  0.0000E+00  0.0000E+00
  3.6275E-02  1.2100E-01  2.5051E+02  0.0000E+00  0.0000E+00  1.5789E-01  1.1986E-01  0.0000E+00  0.0000E+00
  3.6575E-02  1.2200E-01  2.5051E+02  0.0000E+00  0.0000E+00  1.5789E-01  1.1986E-01  0.0000E+00  0.0000E+00
  3.6874E-02  1.2300E-01  2.5051E+02  0.0000E+00  0.0000E+00  1.5789E-01  1.1986E-01  0.0000E+00  0.0000E+00
  3.7174E-02  1.2400E-01  2.5051E+02  0.0000E+00  0.0000E+00  1.5789E-01  1.1986E-01  0.0000E+00  0.0000E+00
  3.7474E-02  1.2500E-01  2.5051E+02  0.0000E+00  0.0000E+00  1.5789E-01  1.1986E-01  0.0000E+00  0.0000E+00
  3.7774E-02  1.2600E-01  2.5051E+02  0.0000E+00  0.0000E+00  1.5789E-01  1.1986E-01  0.0000E+00  0.0000E+00
  3.8074E-02  1.2700E-01  2.5051E+02  0.0000E+00  0.0000E+00  1.5789E-01  1.1986E-01  0.0000E+00  0.0000E+00
  3.8373E-02  1.2800E-01  2.5051E+02  0.0000E+00  0.0000E+00  1.5789E-01  1.1986E-01  0.0000E+00  0.0000E+00
  3.8673E-02  1.2900E-01  2.5051E+02  0.0000E+00  0.0000E+00  1.5789E-01  1.1986E-01  0.0000E+00  0.0000E+00
  3.8973E-02  1.3000E-01  2.5051E+02  0.0000E+00  0.0000E+00  1.5789E-01  1.1986E-01  0.0000E+00  0.0000E+00
  3.9273E-02  1.3100E-01  2.5051E+02  0.0000E+00  0.0000E+00  1.5789E-01  1.1986E-01  0.0000E+00  0.0000E+00
  3.9573E-02  1.3200E-01  2.5051E+02  0.0000E+00  0.0000E+00  1.5789E-01  1.1986E-01  0.0000E+00  0.0000E+00
  3.9872E-02  1.3300E-01  2.5051E+02  0.0000E+00  0.0000E+00  1.5789E-01  1.1986E-01  0.0000E+00  0.0000E+00
  4.0172E-02  1.3400E-01  2.5051E+02  0.0000E+00  0.0000E+00  1.5789E-01  1.1986E-01  0.0000E+00  0.0000E+00
  4.0472E-02  1.3500E-01  2.5051E+02  0.0000E+00  0.0000E+00  1.5789E-01  1.1986E-01  0.0000E+00  0.0000E+00
  4.0772E-02  1.3600E-01  2.5051E+02  0.0000E+00  0.0000E+00  1.5789E-01  1.1986E-01  0.0000E+00  0.0000E+00
  4.1071E-02  1.3700E-01  2.5051E+02  0.0000E+00  0.0000E+00  1.5789E-01  1.1986E-01  0.0000E+00  0.0000E+00
  4.1371E-02  1.3800E-01  2.5051E+02  0.0000E+00  0.0000E+00  1.5789E-01  1.1986E-01  0.0000E+00  0.0000E+00
  4.1671E-02  1.3900E-01  2.5051E+02  0.0000E+00  0.0000E+00  1.5789E-01  1.1986E-01  0.0000E+00  0.0000E+00
  4.1971E-02  1.4000E-01  2.5051E+02  0.0000E+00  0.0000E+00  1.5789E-01  1.1986E-01  0.0000E+00  0.0000E+00
  4.2271E-02  1.4100E-01  2.5051E+02  0.0000E+00  0.0000E+00  1.5789E-01  1.1986E-01  0.0000E+00  0.0000E+00
  4.2570E-02  1.4200E-01  2.5051E+02  0.0000E+00  0.0000E+00  1.5789E-01  1.1986E-01  0.0000E+00  0.0000E+00
  4.2870E-02  1.4300E-01  2.5051E+02  0.0000E+00  0.0000E+00  1.5789E-01  1.1986E-01  0.0000E+00  0.0000E+00
  4.3170E-02  1.4400E-01  2.5051E+02  0.0000E+00  0.0000E+00  1.5789E-01  1.1986E-01  0.0000E+00  0.0000E+00
  4.3470E-02  1.4500E-01  2.5051E+02  0.0000E+00  0.0000E+00  1.5789E-01  1.1986E-01  0.0000E+00  0.0000E+00
  4.3770E-02  1.4600E-01  2.5051E+02  0.0000E+00  0.0000E+00  1.5789E-01  1.1986E-01  0.0000E+00  0.0000E+00
  4.4069E-02  1.4700E-01  2.5051E+02  0.0000E+00  0.0000E+00  1.5789E-01  1.1986E-01  0.0000E+00  0.0000E+00
  4.4369E-02  1.4800E-01  2.5051E+02  0.0000E+00  0.0000E+00  1.5789E-01  1.1986E-01  0.0000E+00  0.0000E+00
  4.4669E-02  1.4900E-01  2.5051E+02  0.0000E+00  0.0000E+00  1.5789E-01  1.1986E-01  0.0000E+00  0.0000E+00
  4.4969E-02  1.5000E-01  2.5051E+02  0.0000E+00  0.0000E+00  1.5789E-01  1.1986E-01  0.0000E+00  0.0000E+00
  4.5269E-02  1.5100E-01  2.5051E+02  0.0000E+00  0.0000E+00  1.5789E-01  1.1986E-01  0.0000E+00  0.0000E+00
  4.5568E-02  1.5200E-01  2.5051E+02  0.0000E+00  0.0000E+00  1.5789E-01  1.1986E-01  0.0000E+00  0.0000E+00
  4.5868E-02  1.5300E-01  2.5051E+02  0.0000E+00  0.0000E+00  1.5789E-01  1.1986E-01  0.0000E+00  0.0000E+00
  4.6168E-02  1.5400E-01  2.5051E+02  0.0000E+00  0.0000E+00  1.5789E-01  1.1986E-01  0.0000E+00  0.0000E+00
  4.6468E-02  1.5500E-01  2.5051E+02  0.0000E+00  0.0000E+00  1.5789E-01  1.1986E-01  0.0000E+00  0.0000E+00
  4.6768E-02  1.5600E-01  2.5051E+02  0.0000E+00  0.0000E+00  1.5789E-01  1.1986E-01  0.0000E+00  0.0000E+00
  4.7067E-02  1.5700E-01  2.5051E+02  0.0000E+00  0.0000E+00  1.5789E-01  1.1986E-01  0.0000E+00  0.0000E+00
  4.7367E-02  1.5800E-01  2.5051E+02  0.0000E+00  0.0000E+00  1.5789E-01  1.1986E-01  0.0000E+00  0.0000E+00
  4.7667E-02  1.5900E-01  2.5051E+02  0.0000E+00  0.0000E+00  1.5789E-01  1.1986E-01  0.0000E+00  0.0000E+00
  4.7967E-02  1.6000E-01  2.5051E+02  0.0000E+00  0.0000E+00  1.5789E-01  1.1986E-01  0.0000E+00  0.0000E+00
  4.8266E-02  1.6100E-01  2.5051E+02  0.0000E+00  0.0000E+00  1.5789E-01  1.1986E-01  0.0000E+00  0.0000E+00
  4.8566E-02  1.6200E-01  2.5051E+02  0.0000E+00  0.0000E+00  1.5789E-01  1.1986E-01  0.0000E+00  0.0000E+00
  4.8866E-02  1.6300E-01  2.5051E+02  0.0000E+00  0.0000E+00  1.5789E-01  1.1986E-01  0.0000E+00  0.0000E+00
  4.9166E-02  1.6400E-01  2.5051E+02  0.0000E+00  0.0000E+00  1.5789E-01  1.1986E-01  0.0000E+00  0.0000E+00
  4.9466E-02  1.6500E-01  2.5051E+02  0.0000E+00  0.0000E+00  1.5789E-01  1.1986E-01  0.0000E+00  0.0000E+00
  4.9765E-02  1.6600E-01  2.5051E+02  0.0000E+00  0.0000E+00  1.5789E-01  1.1986E-01  0.0000E+00  0.0000E+00
  5.0065E-02  1.6700E-01  2.5051E+02  0.0000E+00  0.0000E+00  1.5789E-01  1.1986E-01  0.0000E+00  0.0000E+00
  5.0365E-02  1.6800E-01  2.5051E+02  0.0000E+00  0.0000E+00  1.5789E-01  1.1986E-01  0.0000E+00  0.0000E+00
  5.0665E-02  1.6900E-01  2.5051E+02  0.0000E+00  0.0000E+00  1.5789E-01  1.1986E-01  0.0000E+00  0.0000E+00
  5.0965E-02  1.7000E-01  2.5051E+02  0.0000E+00  0.0000E+00  1.5789E-01  1.1986E-01  0.0000E+00  0.0000E+00
  5.1264E-02  1.7100E-01  2.5051E+02  0.0000E+00  0.0000E+00  1.5789E-01  1.1986E-01  0.0000E+00  0.0000E+00
  5.1564E-02  1.7200E-01  2.5051E+02  0.0000E+00  0.0000E+00  1.5789E-01  1.1986E-01  0.0000E+00  0.0000E+00
  5.1864E-02  1.7300E-01  2.5051E+02  0.0000E+00  0.0000E+00  1.5789E-01  1.1986E-01  0.0000E+00  0.0000E+00
  5.2164E-02  1.7400E-01  2.5051E+02  0.0000E+00  0.0000E+00  1.5789E-01  1.1986E-01  0.0000E+00  0.0000E+00
  5.2464E-02  1.7500E-01  2.5051E+02  0.0000E+00  0.0000E+00  1.5789E-01  1.1986E-01  0.0000E+00  0.0000E+00
  5.2763E-02  1.7600E-01  2.5051E+02  0.0000E+00  0.0000E+00  1.5789E-01  1.1986E-01  0.0000E+00  0.0000E+00
  5.3063E-02  1.7700E-01  2.5051E+02  0.0000E+00  0.0000E+00  1.5789E-01  1.1986E-01  0.0000E+00  0.0000E+00
  5.3363E-02  1.7800E-01  2.5051E+02  0.0000E+00  0.0000E+00  1.5789E-01  1.1986E-01  0.0000E+00  0.0000E+00
  5.3663E-02  1.7900E-01  2.5051E+02  0.0000E+00  0.0000E+00  1.5789E-01  1.1986E-01  0.0000E+00  0.0000E+00
  5.3963E-02  1.8000E-01  2.5051E+02  0.0000E+00  0.0000E+00  1.5789E-01  1.1986E-01  0.0000E+00  0.0000E+00
  5.4262E-02  1.8100E-01  2.5051E+02  0.0000E+00  0.0000E+00  1.5789E-01  1.1986E-01  0.0000E+00  0.0000E+00
  5.4562E-02  1.8200E-01  2.5051E+02  0.0000E+00  0.0000E+00  1.5789E-01  1.1986E-01  0.0000E+00  0.0000E+00
  5.4862E-02  1.8300E-01  2.5051E+02  0.0000E+00  0.0000E+00  1.5789E-01  1.1986E-01  0.0000E+00  0.0000E+00
  5.5162E-02  1.8400E-01  2.5051E+02  0.0000E+00  0.0000E+00  1.5789E-01  1.1986E-01  0.0000E+00  0.0000E+00
  5.5461E-02  1.8500E-01  2.5051E+02  0.0000E+00  0.0000E+00  1.5789E-01  1.1986E-01  0.0000E+00  0.0000E+00
  5.5761E-02  1.8600E-01  2.5051E+02  0.0000E+00  0.0000E+00  1.5789E-01  1.1986E-01  0.0000E+00  0.0000E+00
  5.6061E-02  1.8700E-01  2.5051E+02  0.0000E+00  0.0000E+00  1.5789E-01  1.1986E-01  0.0000E+00  0.0000E+00
  5.6361E-02  1.8800E-01  2.5051E+02  0.0000E+00  0.0000E+00  1.5789E-01  1.1986E-01  0.0000E+00  0.0000E+00
  5.6661E-02  1.8900E-01  2.5051E+02  0.0000E+00  0.0000E+00  1.5789E-01  1.1986E-01  0.0000E+00  0.0000E+00
  5.6960E-02  1.9000E-01  2.5051E+02  0.0000E+00  0.0000E+00  1.5789E-01  1.1986E-01  0.0000E+00  0.0000E+00
  5.7260E-02  1.9100E-01  2.5051E+02  0.0000E+00  0.0000E+00  1.5789E-01  1.1986E-01  0.0000E+00  0.0000E+00
  5.7560E-02  1.9200E-01  2.5051E+02  0.0000E+00  0.0000E+00  1.5789E-01  1.1986E-01  0.0000E+00  0.0000E+00
  5.7860E-02  1.9300E-01  2.5051E+02  0.0000E+00  0.0000E+00  1.5789E-01  1.1986E-01  0.0000E+00  0.0000E+00
  5.8160E-02  1.9400E-01  2.5051E+02  0.0000E+00  0.0000E+00  1.5789E-01  1.1986E-01  0.0000E+00  0.0000E+00
  5.8459E-02  1.9500E-01  2.5051E+02  0.0000E+00  0.0000E+00  1.5789E-01  1.1986E-01  0.0000E+00  0.0000E+00
  5.8759E-02  1.9600E-01  2.5051E+02  0.0000E+00  0.0000E+00  1.5789E-01  1.1986E-01  0.0000E+00  0.0000E+00
  5.9059E-02  1.9700E-01  2.5051E+02  0.0000E+00  0.0000E+00  1.5789E-01  1.1986E-01  0.0000E+00  0.0000E+00
  5.9359E-02  1.9800E-01  2.5051E+02  0.0000E+00  0.0000E+00  1.5789E-01  1.1986E-01  0.0000E+00  0.0000E+00
  5.9659E-02  1.9900E-01  2.5051E+02  0.0000E+00  0.0000E+00  1.5789E-01  1.1986E-01  0.0000E+00  0.0000E+00
  5.9958E-02  2.0000E-01  2.5051E+02  0.0000E+00  0.0000E+00  1.5789E-01  1.1986E-01  0.0000E+00  0.0000E+00
  6.0258E-02  2.0100E-01  2.5051E+02  0.0000E+00  0.0000E+00  1.5789E-01  1.1986E-01  0.0000E+00  0.0000E+00
  6.0558E-02  2.0200E-01  2.5051E+02  0.0000E+00  0.0000E+00  1.5789E-01  1.1986E-01  0.0000E+00  0.0000E+00
  6.0858E-02  2.0300E-01  2.5051E+02  0.0000E+00  0.0000E+00  1.5789E-01  1.1986E-01  0.0000E+00  0.0000E+00
  6.1158E-02  2.0400E-01  2.5051E+02  0.0000E+00  0.0000E+00  1.5789E-01  1.1986E-01  0.0000E+00  0.0000E+00
  6.1457E-02  2.0500E-01  2.5051E+02  0.0000E+00  0.0000E+00  1.5789E-01  1.1986E-01  0.0000E+00  0.0000E+00
  6.1757E-02  2.0600E-01  2.5051E+02  0.0000E+00  0.0000E+00  1.5789E-01  1.1986E-01  0.0000E+00  0.0000E+00
  6.2057E-02  2.0700E-01  2.5051E+02  0.0000E+00  0.0000E+00  1.5789E-01  1.1986E-01  0.0000E+00  0.0000E+00
  6.2357E-02  2.0800E-01  2.5051E+02  0.0000E+00  0.0000E+00  1.5789E-01  1.1986E-01  0.0000E+00  0.0000E+00
  6.2656E-02  2.0900E-01  2.5051E+02  0.0000E+00  0.0000E+00  1.5789E-01  1.1986E-01  0.0000E+00  0.0000E+00
  6.2956E-02  2.1000E-01  2.5051E+02  0.0000E+00  0.0000E+00  1.5789E-01  1.1986E-01  0.0000E+00  0.0000E+00
  6.3256E-02  2.1100E-01  2.5051E+02  0.0000E+00  0.0000E+00  1.5789E-01  1.1986E-01  0.0000E+00  0.0000E+00
  6.3556E-02  2.1200E-01  2.5051E+02  0.0000E+00  0.0000E+00  1.5789E-01  1.1986E-01  0.0000E+00  0.0000E+00
  6.3856E-02  2.1300E-01  2.5051E+02  0.0000E+00  0.0000E+00  1.5789E-01  1.1986E-01  0.0000E+00  0.0000E+00
  6.4155E-02  2.1400E-01  2.5051E+02  0.0000E+00  0.0000E+00  1.5789E-01  1.1986E-01  0.0000E+00  0.0000E+00
  6.4455E-02  2.1500E-01  2.5051E+02  0.0000E+00  0.0000E+00  1.5789E-01  1.1986E-01  0.0000E+00  0.0000E+00
  6.4755E-02  2.1600E-01  2.5051E+02  0.0000E+00  0.0000E+00  1.5789E-01  1.1986E-01  0.0000E+00  0.0000E+00
  6.5055E-02  2.1700E-01  2.5051E+02  0.0000E+00  0.0000E+00  1.5789E-01  1.1986E-01  0.0000E+00  0.0000E+00
  6.5355E-02  2.1800E-01  2.5051E+02  0.0000E+00  0.0000E+00  1.5789E-01  1.1986E-01  0.0000E+00  0.0000E+00
  6.5654E-02  2.1900E-01  2.5051E+02  0.0000E+00  0.0000E+00  1.5789E-01  1.1986E-01  0.0000E+00  0.0000E+00
  6.5954E-02  2.2000E-01  2.5051E+02  0.0000E+00  0.0000E+00  1.5789E-01  1.1986E-01  0.0000E+00  0.0000E+00
  6.6254E-02  2.2100E-01  2.5051E+02  0.0000E+00  0.0000E+00  1.5789E-01  1.1986E-01  0.0000E+00  0.0000E+00
  6.6554E-02  2.2200E-01  2.5051E+02  0.0000E+00  0.0000E+00  1.5789E-01  1.1986E-01  0.0000E+00  0.0000E+00
  6.6854E-02  2.2300E-01  2.5051E+02  0.0000E+00  0.0000E+00  1.5789E-01  1.1986E-01  0.0000E+00  0.0000E+00
  6.7153E-02  2.2400E-01  2.5051E+02  0.0000E+00  0.0000E+00  1.5789E-01  1.1986E-01  0.0000E+00  0.0000E+00
  6.7453E-02  2.2500E-01  2.5051E+02  0.0000E+00  0.0000E+00  1.5789E-01  1.1986E-01  0.0000E+00  0.0000E+00
  6.7753E-02  2.2600E-01  2.5051E+02  0.0000E+00  0.0000E+00  1.5789E-01  1.1986E-01  0.0000E+00  0.0000E+00
  6.8053E-02  2.2700E-01  2.5051E+02  0.0000E+00  0.0000E+00  1.5789E-01  1.1986E-01  0.0000E+00  0.0000E+00
  6.8353E-02  2.2800E-01  2.5051E+02  0.0000E+00  0.0000E+00  1.5789E-01  1.1986E-01  0.0000E+00  0.0000E+00
  6.8652E-02  2.2900E-01  2.5051E+02  0.0000E+00  0.0000E+00  1.5789E-01  1.1986E-01  0.0000E+00  0.0000E+00
  6.8952E-02  2.3000E-01  2.5051E+02  0.0000E+00  0.0000E+00  1.5789E-01  1.1986E-01  0.0000E+00  0.0000E+00
  6.9252E-02  2.3100E-01  2.5051E+02  0.0000E+00  0.0000E+00  1.5789E-01  1.1986E-01  0.0000E+00  0.0000E+00
  6.9552E-02  2.3200E-01  2.5051E+02  0.0000E+00  0.0000E+00  1.5789E-01  1.1986E-01  0.0000E+00  0.0000E+00
  6.9851E-02  2.3300E-01  2.5051E+02  0.0000E+00  0.0000E+00  1.5789E-01  1.1986E-01  0.0000E+00  0.0000E+00
  7.0151E-02  2.3400E-01  2.5051E+02  0.0000E+00  0.0000E+00  1.5789E-01  1.1986E-01  0.0000E+00  0.0000E+00
  7.0451E-02  2.3500E-01  2.5051E+02  0.0000E+00  0.0000E+00  1.5789E-01  1.1986E-01  0.0000E+00  0.0000E+00
  7.0751E-02  2.3600E-01  2.5051E+02  0.0000E+00  0.0000E+00  1.5789E-01  1.1986E-01  0.0000E+00  0.0000E+00
  7.1051E-02  2.3700E-01  2.5051E+02  0.0000E+00  0.0000E+00  1.5789E-01  1.1986E-01  0.0000E+00  0.0000E+00
  7.1350E-02  2.3800E-01  2.5051E+02  0.0000E+00  0.0000E+00  1.5789E-01  1.1986E-01  0.0000E+00  0.0000E+00
  7.1650E-02  2.3900E-01  2.5051E+02  0.0000E+00  0.0000E+00  1.5789E-01  1.1986E-01  0.0000E+00  0.0000E+00
  7.1950E-02  2.4000E-01  2.5051E+02  0.0000E+00  0.0000E+00  1.5789E-01  1.1986E-01  0.0000E+00  0.0000E+00
  7.2250E-02  2.4100E-01  2.5051E+02  0.0000E+00  0.0000E+00  1.5789E-01  1.1986E-01  0.0000E+00  0.0000E+00
  7.2550E-02  2.4200E-01  2.5051E+02  0.0000E+00  0.0000E+00  1.5789E-01  1.1986E-01  0.0000E+00  0.0000E+00
  7.2849E-02  2.4300E-01  2.5051E+02  0.0000E+00  0.0000E+00  1.5789E-01  1.1986E-01  0.0000E+00  0.0000E+00
  7.3149E-02  2.4400E-01  2.5051E+02  0.0000E+00  0.0000E+00  1.5789E-01  1.1986E-01  0.0000E+00  0.0000E+00
  7.3449E-02  2.4500E-01  2.5051E+02  0.0000E+00  0.0000E+00  1.5789E-01  1.1986E-01  0.0000E+00  0.0000E+00
  7.3749E-02  2.4600E-01  2.5051E+02  0.0000E+00  0.0000E+00  1.5789E-01  1.1986E-01  0.0000E+00  0.0000E+00
  7.4049E-02  2.4700E-01  2.5051E+02  0.0000E+00  0.0000E+00  1.5789E-01  1.1986E-01  0.0000E+00  0.0000E+00
  7.4348E-02  2.4800E-01  2.5051E+02  0.0000E+00  0.0000E+00  1.5789E-01  1.1986E-01  0.0000E+00  0.0000E+00
  7.4648E-02  2.4900E-01  2.5051E+02  0.0000E+00  0.0000E+00  1.5789E-01  1.1986E-01  0.0000E+00  0.0000E+00
  7.4948E-02  2.5000E-01  2.5051E+02  0.0000E+00  0.0000E+00  1.5789E-01  1.1986E-01  0.0000E+00  0.0000E+00
  7.5248E-02  2.5100E-01  2.5051E+02  0.0000E+00  0.0000E+00  1.5789E-01  1.1986E-01  0.0000E+00  0.0000E+00
  7.5548E-02  2.5200E-01  2.5051E+02  0.0000E+00  0.0000E+00  1.5789E-01  1.1986E-01  0.0000E+00  0.0000E+00
  7.5847E-02  2.5300E-01  2.5051E+02  0.0000E+00  0.0000E+00  1.5789E-01  1.1986E-01  0.0000E+00  0.0000E+00
  7.6147E-02  2.5400E-01  2.5051E+02  0.0000E+00  0.0000E+00  1.5789E-01  1.1986E-01  0.0000E+00  0.0000E+00
  7.6447E-02  2.5500E-01  2.5051E+02  0.0000E+00  0.0000E+00  1.5789E-01  1.1986E-01  0.0000E+00  0.0000E+00
  7.6747E-02  2.5600E-01  2.5051E+02  0.0000E+00  0.0000E+00  1.5789E-01  1.1986E-01  0.0000E+00  0.0000E+00
  7.7047E-02  2.5700E-01  2.5051E+02  0.0000E+00  0.0000E+00  1.5789E-01  1.1986E-01  0.0000E+00  0.0000E+00
  7.7346E-02  2.5800E-01  2.5051E+02  0.0000E+00  0.0000E+00  1.5789E-01  1.1986E-01  0.0000E+00  0.0000E+00
  7.7646E-02  2.5900E-01  2.5051E+02  0.0000E+00  0.0000E+00  1.5789E-01  1.1986E-01  0.0000E+00  0.0000E+00
  7.7946E-02  2.6000E-01  2.5051E+02  0.0000E+00  0.0000E+00  1.5789E-01  1.1986E-01  0.0000E+00  0.0000E+00
  7.8246E-02  2.6100E-01  2.5051E+02  0.0000E+00  0.0000E+00  1.5789E-01  1.1986E-01  0.0000E+00  0.0000E+00
  7.8545E-02  2.6200E-01  2.5051E+02  0.0000E+00  0.0000E+00  1.5789E-01  1.1986E-01  0.0000E+00  0.0000E+00
  7.8845E-02  2.6300E-01  2.5051E+02  0.0000E+00  0.0000E+00  1.5789E-01  1.1986E-01  0.0000E+00  0.0000E+00
  7.9145E-02  2.6400E-01  2.5051E+02  0.0000E+00  0.0000E+00  1.5789E-01  1.1986E-01  0.0000E+00  0.0000E+00
  7.9445E-02  2.6500E-01  2.5051E+02  0.0000E+00  0.0000E+00  1.5789E-01  1.1986E-01  0.0000E+00  0.0000E+00
  7.9745E-02  2.6600E-01  2.5051E+02  0.0000E+00  0.0000E+00  1.5789E-01  1.1986E-01  0.0000E+00  0.0000E+00
  8.0044E-02  2.6700E-01  2.5051E+02  0.0000E+00  0.0000E+00  1.5789E-01  1.1986E-01  0.0000E+00  0.0000E+00
  8.0344E-02  2.6800E-01  2.5051E+02  0.0000E+00  0.0000E+00  1.5789E-01  1.1986E-01  0.0000E+00  0.0000E+00
  8.0644E-02  2.6900E-01  2.5051E+02  0.0000E+00  0.0000E+00  1.5789E-01  1.1986E-01  0.0000E+00  0.0000E+00
  8.0944E-02  2.7000E-01  2.5051E+02  0.0000E+00  0.0000E+00  1.5789E-01  1.1986E-01  0.0000E+00  0.0000E+00
  8.1244E-02  2.7100E-01  2.5051E+02  0.0000E+00  0.0000E+00  1.5789E-01  1.1986E-01  0.0000E+00  0.0000E+00
  8.1543E-02  2.7200E-01  2.5051E+02  0.0000E+00  0.0000E+00  1.5789E-01  1.1986E-01  0.0000E+00  0.0000E+00
  8.1843E-02  2.7300E-01  2.5051E+02  0.0000E+00  0.0000E+00  1.5789E-01  1.1986E-01  0.0000E+00  0.0000E+00
  8.2143E-02  2.7400E-01  2.5051E+02  0.0000E+00  0.0000E+00  1.5789E-01  1.1986E-01  0.0000E+00  0.0000E+00
  8.2443E-02  2.7500E-01  2.5051E+02  0.0000E+00  0.0000E+00  1.5789E-01  1.1986E-01  0.0000E+00  0.0000E+00
  8.2743E-02  2.7600E-01  2.5051E+02  0.0000E+00  0.0000E+00  1.5789E-01  1.1986E-01  0.0000E+00  0.0000E+00
  8.3042E-02  2.7700E-01  2.5051E+02  0.0000E+00  0.0000E+00  1.5789E-01  1.1986E-01  0.0000E+00  0.0000E+00
  8.3342E-02  2.7800E-01  2.5051E+02  0.0000E+00  0.0000E+00  1.5789E-01  1.1986E-01  0.0000E+00  0.0000E+00
  8.3642E-02  2.7900E-01  2.5051E+02  0.0000E+00  0.0000E+00  1.5789E-01  1.1986E-01  0.0000E+00  0.0000E+00
  8.3942E-02  2.8000E-01  2.5051E+02  0.0000E+00  0.0000E+00  1.5789E-01  1.1986E-01  0.0000E+00  0.0000E+00
  8.4242E-02  2.8100E-01  2.5051E+02  0.0000E+00  0.0000E+00  1.5789E-01  1.1986E-01  0.0000E+00  0.0000E+00
  8.4541E-02  2.8200E-01  2.5051E+02  0.0000E+00  0.0000E+00  1.5789E-01  1.1986E-01  0.0000E+00  0.0000E+00
  8.4841E-02  2.8300E-01  2.5051E+02  0.0000E+00  0.0000E+00  1.5789E-01  1.1986E-01  0.0000E+00  0.0000E+00
  8.5141E-02  2.8400E-01  2.5051E+02  0.0000E+00  0.0000E+00  1.5789E-01  1.1986E-01  0.0000E+00  0.0000E+00
  8.5441E-02  2.8500E-01  2.5051E+02  0.0000E+00  0.0000E+00  1.5789E-01  1.1986E-01  0.0000E+00  0.0000E+00
  8.5740E-02  2.8600E-01  2.5051E+02  0.0000E+00  0.0000E+00  1.5789E-01  1.1986E-01  0.0000E+00  0.0000E+00
  8.6040E-02  2.8700E-01  2.5051E+02  0.0000E+00  0.0000E+00  1.5789E-01  1.1986E-01  0.0000E+00  0.0000E+00
  8.6340E-02  2.8800E-01  2.5051E+02  0.0000E+00  0.0000E+00  1.5789E-01  1.1986E-01  0.0000E+00  0.0000E+00
  8.6640E-02  2.8900E-01  2.5051E+02  0.0000E+00  0.0000E+00  1.5789E-01  1.1986E-01  0.0000E+00  0.0000E+00
  8.6940E-02  2.9000E-01  2.5051E+02  0.0000E+00  0.0000E+00  1.5789E-01  1.1986E-01  0.0000E+00  0.0000E+00
  8.7239E-02  2.9100E-01  2.5051E+02  0.0000E+00  0.0000E+00  1.5789E-01  1.1986E-01  0.0000E+00  0.0000E+00
  8.7539E-02  2.9200E-01  2.5051E+02  0.0000E+00  0.0000E+00  1.5789E-01  1.1986E-01  0.0000E+00  0.0000E+00
  8.7839E-02  2.9300E-01  2.5051E+02  0.0000E+00  0.0000E+00  1.5789E-01  1.1986E-01  0.0000E+00  0.0000E+00
  8.8139E-02  2.9400E-01  2.5051E+02  0.0000E+00  0.0000E+00  1.5789E-01  1.1986E-01  0.0000E+00  0.0000E+00
  8.8439E-02  2.9500E-01  2.5051E+02  0.0000E+00  0.0000E+00  1.5789E-01  1.1986E-01  0.0000E+00  0.0000E+00
  8.8738E-02  2.9600E-01  2.5051E+02  0.0000E+00  0.0000E+00  1.5789E-01  1.1986E-01  0.0000E+00  0.0000E+00
  8.9038E-02  2.9700E-01  2.5051E+02  0.0000E+00  0.0000E+00  1.5789E-01  1.1986E-01  0.0000E+00  0.0000E+00
  8.9338E-02  2.9800E-01  2.5051E+02  0.0000E+00  0.0000E+00  1.5789E-01  1.1986E-01  0.0000E+00  0.0000E+00
  8.9638E-02  2.9900E-01  2.5051E+02  0.0000E+00  0.0000E+00  1.5789E-01  1.1986E-01  0.0000E+00  0.0000E+00
  8.9938E-02  3.0000E-01  2.5051E+02  0.0000E+00  0.0000E+00  1.5789E-01  1.1986E-01  0.0000E+00  0.0000E+00
  9.0237E-02  3.0100E-01  2.5051E+02  0.0000E+00  0.0000E+00  1.5789E-01  1.1986E-01  0.0000E+00  0.0000E+00
  9.0537E-02  3.0200E-01  2.5051E+02  0.0000E+00  0.0000E+00  1.5789E-01  1.1986E-01  0.0000E+00  0.0000E+00
  9.0837E-02  3.0300E-01  2.5051E+02  0.0000E+00  0.0000E+00  1.5789E-01  1.1986E-01  0.0000E+00  0.0000E+00
  9.1137E-02  3.0400E-01  2.5051E+02  0.0000E+00  0.0000E+00  1.5789E-01  1.1986E-01  0.0000E+00  0.0000E+00
  9.1437E-02  3.0500E-01  2.5051E+02  0.0000E+00  0.0000E+00  1.5789E-01  1.1986E-01  0.0000E+00  0.0000E+00
  9.1736E-02  3.0600E-01  2.5051E+02  0.0000E+00  0.0000E+00  1.5789E-01  1.1986E-01  0.0000E+00  0.0000E+00
  9.2036E-02  3.0700E-01  2.5051E+02  0.0000E+00  0.0000E+00  1.5789E-01  1.1986E-01  0.0000E+00  0.0000E+00
  9.2336E-02  3.0800E-01  2.5051E+02  0.0000E+00  0.0000E+00  1.5789E-01  1.1986E-01  0.0000E+00  0.0000E+00
  9.2636E-02  3.0900E-01  2.5051E+02  0.0000E+00  0.0000E+00  1.5789E-01  1.1986E-01  0.0000E+00  0.0000E+00
  9.2935E-02  3.1000E-01  2.5051E+02  0.0000E+00  0.0000E+00  1.5789E-01  1.1986E-01  0.0000E+00  0.0000E+00
  9.3235E-02  3.1100E-01  2.5051E+02  0.0000E+00  0.0000E+00  1.5789E-01  1.1986E-01  0.0000E+00  0.0000E+00
  9.3535E-02  3.1200E-01  2.5051E+02  0.0000E+00  0.0000E+00  1.5789E-01  1.1986E-01  0.0000E+00  0.0000E+00
  9.3835E-02  3.1300E-01  2.5051E+02  0.0000E+00  0.0000E+00  1.5789E-01  1.1986E-01  0.0000E+00  0.0000E+00
  9.4135E-02  3.1400E-01  2.5051E+02  0.0000E+00  0.0000E+00  1.5789E-01  1.1986E-01  0.0000E+00  0.0000E+00
  9.4434E-02  3.1500E-01  2.5051E+02  0.0000E+00  0.0000E+00  1.5789E-01  1.1986E-01  0.0000E+00  0.0000E+00
  9.4734E-02  3.1600E-01  2.5051E+02  0.0000E+00  0.0000E+00  1.5789E-01  1.1986E-01  0.0000E+00  0.0000E+00
  9.5034E-02  3.1700E-01  2.5051E+02  0.0000E+00  0.0000E+00  1.5789E-01  1.1986E-01  0.0000E+00  0.0000E+00
  9.5334E-02  3.1800E-01  2.5051E+02  0.0000E+00  0.0000E+00  1.5789E-01  1.1986E-01  0.0000E+00  0.0000E+00
  9.5634E-02  3.1900E-01  2.5051E+02  0.0000E+00  0.0000E+00  1.5789E-01  1.1986E-01  0.0000E+00  0.0000E+00
  9.5933E-02  3.2000E-01  2.5051E+02  0.0000E+00  0.0000E+00  1.5789E-01  1.1986E-01  0.0000E+00  0.0000E+00
  9.6233E-02  3.2100E-01  2.5051E+02  0.0000E+00  0.0000E+00  1.5789E-01  1.1986E-01  0.0000E+00  0.0000E+00
  9.6533E-02  3.2200E-01  2.5051E+02  0.0000E+00  0.0000E+00  1.5789E-01  1.1986E-01  0.0000E+00  0.0000E+00
  9.6833E-02  3.2300E-01  2.5051E+02  0.0000E+00  0.0000E+00  1.5789E-01  1.1986E-01  0.0000E+00  0.0000E+00
  9.7133E-02  3.2400E-01  2.5051E+02  0.0000E+00  0.0000E+00  1.5789E-01  1.1986E-01  0.0000E+00  0.0000E+00
  9.7432E-02  3.2500E-01  2.5051E+02  0.0000E+00  0.0000E+00  1.5789E-01  1.1986E-01  0.0000E+00  0.0000E+00
  9.7732E-02  3.2600E-01  2.5051E+02  0.0000E+00  0.0000E+00  1.5789E-01  1.1986E-01  0.0000E+00  0.0000E+00
  9.8032E-02  3.2700E-01  2.5051E+02  0.0000E+00  0.0000E+00  1.5789E-01  1.1986E-01  0.0000E+00  0.0000E+00
  9.8332E-02  3.2800E-01  2.5051E+02  0.0000E+00  0.0000E+00  1.5789E-01  1.1986E-01  0.0000E+00  0.0000E+00
  9.8632E-02  3.2900E-01  2.5051E+02  0.0000E+00  0.0000E+00  1.5789E-01  1.1986E-01  0.0000E+00  0.0000E+00
  9.8931E-02  3.3000E-01  2.5051E+02  0.0000E+00  0.0000E+00  1.5789E-01  1.1986E-01  0.0000E+00  0.0000E+00
  9.9231E-02  3.3100E-01  2.5051E+02  0.0000E+00  0.0000E+00  1.5789E-01  1.1986E-01  0.0000E+00  0.0000E+00
  9.9531E-02  3.3200E-01  2.5051E+02  0.0000E+00  0.0000E+00  1.5789E-01  1.1986E-01  0.0000E+00  0.0000E+00
  9.9831E-02  3.3300E-01  2.5051E+02  0.0000E+00  0.0000E+00  1.5789E-01  1.1986E-01  0.0000E+00  0.0000E+00
  1.0013E-01  3.3400E-01  2.5051E+02  0.0000E+00  0.0000E+00  1.5789E-01  1.1986E-01  0.0000E+00  0.0000E+00
  1.0043E-01  3.3500E-01  2.5051E+02  0.0000E+00  0.0000E+00  1.5789E-01  1.1986E-01  0.0000E+00  0.0000E+00
  1.0073E-01  3.3600E-01  2.5051E+02  0.0000E+00  0.0000E+00  1.5789E-01  1.1986E-01  0.0000E+00  0.0000E+00
  1.0103E-01  3.3700E-01  2.5051E+02  0.0000E+00  0.0000E+00  1.5789E-01  1.1986E-01  0.0000E+00  0.0000E+00
  1.0133E-01  3.3800E-01  2.5051E+02  0.0000E+00  0.0000E+00  1.5789E-01  1.1986E-01  0.0000E+00  0.0000E+00
  1.0163E-01  3.3900E-01  2.5051E+02  0.0000E+00  0.0000E+00  1.5789E-01  1.1986E-01  0.0000E+00  0.0000E+00
  1.0193E-01  3.4000E-01  2.5051E+02  0.0000E+00  0.0000E+00  1.5789E-01  1.1986E-01  0.0000E+00  0.0000E+00
  1.0223E-01  3.4100E-01  2.5051E+02  0.0000E+00  0.0000E+00  1.5789E-01  1.1986E-01  0.0000E+00  0.0000E+00
  1.0253E-01  3.4200E-01  2.5051E+02  0.0000E+00  0.0000E+00  1.5789E-01  1.1986E-01  0.0000E+00  0.0000E+00
  1.0283E-01  3.4300E-01  2.5051E+02  0.0000E+00  0.0000E+00  1.5789E-01  1.1986E-01  0.0000E+00  0.0000E+00
  1.0313E-01  3.4400E-01  2.5051E+02  0.0000E+00  0.0000E+00  1.5789E-01  1.1986E-01  0.0000E+00  0.0000E+00
  1.0343E-01  3.4500E-01  2.5051E+02  0.0000E+00  0.0000E+00  1.5789E-01  1.1986E-01  0.0000E+00  0.0000E+00
  1.0373E-01  3.4600E-01  2.5051E+02  0.0000E+00  0.0000E+00  1.5789E-01  1.1986E-01  0.0000E+00  0.0000E+00
  1.0403E-01  3.4700E-01  2.5051E+02  0.0000E+00  0.0000E+00  1.5789E-01  1.1986E-01  0.0000E+00  0.0000E+00
  1.0433E-01  3.4800E-01  2.5051E+02  0.0000E+00  0.0000E+00  1.5789E-01  1.1986E-01  0.0000E+00  0.0000E+00
  1.0463E-01  3.4900E-01  2.5051E+02  0.0000E+00  0.0000E+00  1.5789E-01  1.1986E-01  0.0000E+00  0.0000E+00
  1.0493E-01  3.5000E-01  2.5051E+02  0.0000E+00  0.0000E+00  1.5789E-01  1.1986E-01  0.0000E+00  0.0000E+00
  1.0523E-01  3.5100E-01  2.5051E+02  0.0000E+00  0.0000E+00  1.5789E-01  1.1986E-01  0.0000E+00  0.0000E+00
  1.0553E-01  3.5200E-01  2.5051E+02  0.0000E+00  0.0000E+00  1.5789E-01  1.1986E-01  0.0000E+00  0.0000E+00
  1.0583E-01  3.5300E-01  2.5051E+02  0.0000E+00  0.0000E+00  1.5789E-01  1.1986E-01  0.0000E+00  0.0000E+00
  1.0613E-01  3.5400E-01  2.5051E+02  0.0000E+00  0.0000E+00  1.5789E-01  1.1986E-01  0.0000E+00  0.0000E+00
  1.0643E-01  3.5500E-01  2.5051E+02  0.0000E+00  0.0000E+00  1.5789E-01  1.1986E-01  0.0000E+00  0.0000E+00
  1.0673E-01  3.5600E-01  2.5051E+02  0.0000E+00  0.0000E+00  1.5789E-01  1.1986E-01  0.0000E+00  0.0000E+00
  1.0703E-01  3.5700E-01  2.5051E+02  0.0000E+00  0.0000E+00  1.5789E-01  1.1986E-01  0.0000E+00  0.0000E+00
  1.0733E-01  3.5800E-01  2.5051E+02  0.0000E+00  0.0000E+00  1.5789E-01  1.1986E-01  0.0000E+00  0.0000E+00
  1.0763E-01  3.5900E-01  2.5051E+02  0.0000E+00  0.0000E+00  1.5789E-01  1.1986E-01  0.0000E+00  0.0000E+00
  1.0793E-01  3.6000E-01  2.5051E+02  0.0000E+00  0.0000E+00  1.5789E-01  1.1986E-01  0.0000E+00  0.0000E+00
  1.0822E-01  3.6100E-01  2.5051E+02  0.0000E+00  0.0000E+00  1.5789E-01  1.1986E-01  0.0000E+00  0.0000E+00
  1.0852E-01  3.6200E-01  2.5051E+02  0.0000E+00  0.0000E+00  1.5789E-01  1.1986E-01  0.0000E+00  0.0000E+00
  1.0882E-01  3.6300E-01  2.5051E+02  0.0000E+00  0.0000E+00  1.5789E-01  1.1986E-01  0.0000E+00  0.0000E+00
  1.0912E-01  3.6400E-01  2.5051E+02  0.0000E+00  0.0000E+00  1.5789E-01  1.1986E-01  0.0000E+00  0.0000E+00
  1.0942E-01  3.6500E-01  2.5051E+02  0.0000E+00  0.0000E+00  1.5789E-01  1.1986E-01  0.0000E+00  0.0000E+00
  1.0972E-01  3.6600E-01  2.5051E+02  0.0000E+00  0.0000E+00  1.5789E-01  1.1986E-01  0.0000E+00  0.0000E+00
  1.1002E-01  3.6700E-01  2.5051E+02  0.0000E+00  0.0000E+00  1.5789E-01  1.1986E-01  0.0000E+00  0.0000E+00
  1.1032E-01  3.6800E-01  2.5051E+02  0.0000E+00  0.0000E+00  1.5789E-01  1.1986E-01  0.0000E+00  0.0000E+00
  1.1062E-01  3.6900E-01  2.5051E+02  0.0000E+00  0.0000E+00  1.5789E-01  1.1986E-01  0.0000E+00  0.0000E+00
  1.1092E-01  3.7000E-01  2.5051E+02  0.0000E+00  0.0000E+00  1.5789E-01  1.1986E-01  0.0000E+00  0.0000E+00
  1.1122E-01  3.7100E-01  2.5051E+02  0.0000E+00  0.0000E+00  1.5789E-01  1.1986E-01  0.0000E+00  0.0000E+00
  1.1152E-01  3.7200E-01  2.5051E+02  0.0000E+00  0.0000E+00  1.5789E-01  1.1986E-01  0.0000E+00  0.0000E+00
  1.1182E-01  3.7300E-01  2.5051E+02  0.0000E+00  0.0000E+00  1.5789E-01  1.1986E-01  0.0000E+00  0.0000E+00
  1.1212E-01  3.7400E-01  2.5051E+02  0.0000E+00  0.0000E+00  1.5789E-01  1.1986E-01  0.0000E+00  0.0000E+00
  1.1242E-01  3.7500E-01  2.5051E+02  0.0000E+00  0.0000E+00  1.5789E-01  1.1986E-01  0.0000E+00  0.0000E+00
  1.1272E-01  3.7600E-01  2.5051E+02  0.0000E+00  0.0000E+00  1.5789E-01  1.1986E-01  0.0000E+00  0.0000E+00
  1.1302E-01  3.7700E-01  2.5051E+02  0.0000E+00  0.0000E+00  1.5789E-01  1.1986E-01  0.0000E+00  0.0000E+00
  1.1332E-01  3.7800E-01  2.5051E+02  0.0000E+00  0.0000E+00  1.5789E-01  1.1986E-01  0.0000E+00  0.0000E+00
  1.1362E-01  3.7900E-01  2.5051E+02  0.0000E+00  0.0000E+00  1.5789E-01  1.1986E-01  0.0000E+00  0.0000E+00
  1.1392E-01  3.8000E-01  2.5051E+02  0.0000E+00  0.0000E+00  1.5789E-01  1.1986E-01  0.0000E+00  0.0000E+00
  1.1422E-01  3.8100E-01  2.5051E+02  0.0000E+00  0.0000E+00  1.5789E-01  1.1986E-01  0.0000E+00  0.0000E+00
  1.1452E-01  3.8200E-01  2.5051E+02  0.0000E+00  0.0000E+00  1.5789E-01  1.1986E-01  0.0000E+00  0.0000E+00
  1.1482E-01  3.8300E-01  2.5051E+02  0.0000E+00  0.0000E+00  1.5789E-01  1.1986E-01  0.0000E+00  0.0000E+00
  1.1512E-01  3.8400E-01  2.5051E+02  0.0000E+00  0.0000E+00  1.5789E-01  1.1986E-01  0.0000E+00  0.0000E+00
  1.1542E-01  3.8500E-01  2.5051E+02  0.0000E+00  0.0000E+00  1.5789E-01  1.1986E-01  0.0000E+00  0.0000E+00
  1.1572E-01  3.8600E-01  2.5051E+02  0.0000E+00  0.0000E+00  1.5789E-01  1.1986E-01  0.0000E+00  0.0000E+00
  1.1602E-01  3.8700E-01  2.5051E+02  0.0000E+00  0.0000E+00  1.5789E-01  1.1986E-01  0.0000E+00  0.0000E+00
  1.1632E-01  3.8800E-01  2.5051E+02  0.0000E+00  0.0000E+00  1.5789E-01  1.1986E-01  0.0000E+00  0.0000E+00
  1.1662E-01  3.8900E-01  2.5051E+02  0.0000E+00  0.0000E+00  1.5789E-01  1.1986E-01  0.0000E+00  0.0000E+00
  1.1692E-01  3.9000E-01  2.5051E+02  0.0000E+00  0.0000E+00  1.5789E-01  1.1986E-01  0.0000E+00  0.0000E+00
  1.1722E-01  3.9100E-01  2.5051E+02  0.0000E+00  0.0000E+00  1.5789E-01  1.1986E-01  0.0000E+00  0.0000E+00
  1.1752E-01  3.9200E-01  2.5051E+02  0.0000E+00  0.0000E+00  1.5789E-01  1.1986E-01  0.0000E+00  0.0000E+00
  1.1782E-01  3.9300E-01  2.5051E+02  0.0000E+00  0.0000E+00  1.5789E-01  1.1986E-01  0.0000E+00  0.0000E+00
  1.1812E-01  3.9400E-01  2.5051E+02  0.0000E+00  0.0000E+00  1.5789E-01  1.1986E-01  0.0000E+00  0.0000E+00
  1.1842E-01  3.9500E-01  2.5051E+02  0.0000E+00  0.0000E+00  1.5789E-01  1.1986E-01  0.0000E+00  0.0000E+00
  1.1872E-01  3.9600E-01  2.5051E+02  0.0000E+00  0.0000E+00  1.5789E-01  1.1986E-01  0.0000E+00  0.0000E+00
  1.1902E-01  3.9700E-01  2.5051E+02  0.0000E+00  0.0000E+00  1.5789E-01  1.1986E-01  0.0000E+00  0.0000E+00
  1.1932E-01  3.9800E-01  2.5051E+02  0.0000E+00  0.0000E+00  1.5789E-01  1.1986E-01  0.0000E+00  0.0000E+00
  1.1962E-01  3.9900E-01  2.5051E+02  0.0000E+00  0.0000E+00  1.5789E-01  1.1986E-01  0.0000E+00  0.0000E+00
  1.1992E-01  4.0000E-01  2.5051E+02  0.0000E+00  0.0000E+00  1.5789E-01  1.1986E-01  0.0000E+00  0.0000E+00
  1.2022E-01  4.0100E-01  2.5051E+02  0.0000E+00  0.0000E+00  1.5789E-01  1.1986E-01  0.0000E+00  0.0000E+00
  1.2052E-01  4.0200E-01  2.5051E+02  0.0000E+00  0.0000E+00  1.5789E-01  1.1986E-01  0.0000E+00  0.0000E+00
  1.2082E-01  4.0300E-01  2.5051E+02  0.0000E+00  0.0000E+00  1.5789E-01  1.1986E-01  0.0000E+00  0.0000E+00
  1.2112E-01  4.0400E-01  2.5051E+02  0.0000E+00  0.0000E+00  1.5789E-01  1.1986E-01  0.0000E+00  0.0000E+00
  1.2142E-01  4.0500E-01  2.5051E+02  0.0000E+00  0.0000E+00  1.5789E-01  1.1986E-01  0.0000E+00  0.0000E+00
  1.2172E-01  4.0600E-01  2.5051E+02  0.0000E+00  0.0000E+00  1.5789E-01  1.1986E-01  0.0000E+00  0.0000E+00
  1.2202E-01  4.0700E-01  2.5051E+02  0.0000E+00  0.0000E+00  1.5789E-01  1.1986E-01  0.0000E+00  0.0000E+00
  1.2232E-01  4.0800E-01  2.5051E+02  0.0000E+00  0.0000E+00  1.5789E-01  1.1986E-01  0.0000E+00  0.0000E+00
  1.2261E-01  4.0900E-01  2.5051E+02  0.0000E+00  0.0000E+00  1.5789E-01  1.1986E-01  0.0000E+00  0.0000E+00
  1.2291E-01  4.1000E-01  2.5051E+02  0.0000E+00  0.0000E+00  1.5789E-01  1.1986E-01  0.0000E+00  0.0000E+00
  1.2321E-01  4.1100E-01  2.5051E+02  0.0000E+00  0.0000E+00  1.5789E-01  1.1986E-01  0.0000E+00  0.0000E+00
  1.2351E-01  4.1200E-01  2.5051E+02  0.0000E+00  0.0000E+00  1.5789E-01  1.1986E-01  0.0000E+00  0.0000E+00
  1.2381E-01  4.1300E-01  2.5051E+02  0.0000E+00  0.0000E+00  1.5789E-01  1.1986E-01  0.0000E+00  0.0000E+00
  1.2411E-01  4.1400E-01  2.5051E+02  0.0000E+00  0.0000E+00  1.5789E-01  1.1986E-01  0.0000E+00  0.0000E+00
  1.2441E-01  4.1500E-01  2.5051E+02  0.0000E+00  0.0000E+00  1.5789E-01  1.1986E-01  0.0000E+00  0.0000E+00
  1.2471E-01  4.1600E-01  2.5051E+02  0.0000E+00  0.0000E+00  1.5789E-01  1.1986E-01  0.0000E+00  0.0000E+00
  1.2501E-01  4.1700E-01  2.5051E+02  0.0000E+00  0.0000E+00  1.5789E-01  1.1986E-01  0.0000E+00  0.0000E+00
  1.2531E-01  4.1800E-01  2.5051E+02  0.0000E+00  0.0000E+00  1.5789E-01  1.1986E-01  0.0000E+00  0.0000E+00
  1.2561E-01  4.1900E-01  2.5051E+02  0.0000E+00  0.0000E+00  1.5789E-01  1.1986E-01  0.0000E+00  0.0000E+00
  1.2591E-01  4.2000E-01  2.5051E+02  0.0000E+00  0.0000E+00  1.5789E-01  1.1986E-01  0.0000E+00  0.0000E+00
  1.2621E-01  4.2100E-01  2.5051E+02  0.0000E+00  0.0000E+00  1.5789E-01  1.1986E-01  0.0000E+00  0.0000E+00
  1.2651E-01  4.2200E-01  2.5051E+02  0.0000E+00  0.0000E+00  1.5789E-01  1.1986E-01  0.0000E+00  0.0000E+00
  1.2681E-01  4.2300E-01  2.5051E+02  0.0000E+00  0.0000E+00  1.5789E-01  1.1986E-01  0.0000E+00  0.0000E+00
  1.2711E-01  4.2400E-01  2.5051E+02  0.0000E+00  0.0000E+00  1.5789E-01  1.1986E-01  0.0000E+00  0.0000E+00
  1.2741E-01  4.2500E-01  2.5051E+02  0.0000E+00  0.0000E+00  1.5789E-01  1.1986E-01  0.0000E+00  0.0000E+00
  1.2771E-01  4.2600E-01  2.5051E+02  0.0000E+00  0.0000E+00  1.5789E-01  1.1986E-01  0.0000E+00  0.0000E+00
  1.2801E-01  4.2700E-01  2.5051E+02  0.0000E+00  0.0000E+00  1.5789E-01  1.1986E-01  0.0000E+00  0.0000E+00
  1.2831E-01  4.2800E-01  2.5051E+02  0.0000E+00  0.0000E+00  1.5789E-01  1.1986E-01  0.0000E+00  0.0000E+00
  1.2861E-01  4.2900E-01  2.5051E+02  0.0000E+00  0.0000E+00  1.5789E-01  1.1986E-01  0.0000E+00  0.0000E+00
  1.2891E-01  4.3000E-01  2.5051E+02  0.0000E+00  0.0000E+00  1.5789E-01  1.1986E-01  0.0000E+00  0.0000E+00
  1.2921E-01  4.3100E-01  2.5051E+02  0.0000E+00  0.0000E+00  1.5789E-01  1.1986E-01  0.0000E+00  0.0000E+00
  1.2951E-01  4.3200E-01  2.5051E+02  0.0000E+00  0.0000E+00  1.5789E-01  1.1986E-01  0.0000E+00  0.0000E+00
  1.2981E-01  4.3300E-01  2.5051E+02  0.0000E+00  0.0000E+00  1.5789E-01  1.1986E-01  0.0000E+00  0.0000E+00
  1.3011E-01  4.3400E-01  2.5051E+02  0.0000E+00  0.0000E+00  1.5789E-01  1.1986E-01  0.0000E+00  0.0000E+00
  1.3041E-01  4.3500E-01  2.5051E+02  0.0000E+00  0.0000E+00  1.5789E-01  1.1986E-01  0.0000E+00  0.0000E+00
  1.3071E-01  4.3600E-01  2.5051E+02  0.0000E+00  0.0000E+00  1.5789E-01  1.1986E-01  0.0000E+00  0.0000E+00
  1.3101E-01  4.3700E-01  2.5051E+02  0.0000E+00  0.0000E+00  1.5789E-01  1.1986E-01  0.0000E+00  0.0000E+00
  1.3131E-01  4.3800E-01  2.5051E+02  0.0000E+00  0.0000E+00  1.5789E-01  1.1986E-01  0.0000E+00  0.0000E+00
  1.3161E-01  4.3900E-01  2.5051E+02  0.0000E+00  0.0000E+00  1.5789E-01  1.1986E-01  0.0000E+00  0.0000E+00
  1.3191E-01  4.4000E-01  2.5051E+02  0.0000E+00  0.0000E+00  1.5789E-01  1.1986E-01  0.0000E+00  0.0000E+00
  1.3221E-01  4.4100E-01  2.5051E+02  0.0000E+00  0.0000E+00  1.5789E-01  1.1986E-01  0.0000E+00  0.0000E+00
  1.3251E-01  4.4200E-01  2.5051E+02  0.0000E+00  0.0000E+00  1.5789E-01  1.1986E-01  0.0000E+00  0.0000E+00
  1.3281E-01  4.4300E-01  2.5051E+02  0.0000E+00  0.0000E+00  1.5789E-01  1.1986E-01  0.0000E+00  0.0000E+00
  1.3311E-01  4.4400E-01  2.5051E+02  0.0000E+00  0.0000E+00  1.5789E-01  1.1986E-01  0.0000E+00  0.0000E+00
  1.3341E-01  4.4500E-01  2.5051E+02  0.0000E+00  0.0000E+00  1.5789E-01  1.1986E-01  0.0000E+00  0.0000E+00
  1.3371E-01  4.4600E-01  2.5051E+02  0.0000E+00  0.0000E+00  1.5789E-01  1.1986E-01  0.0000E+00  0.0000E+00
  1.3401E-01  4.4700E-01  2.5051E+02  0.0000E+00  0.0000E+00  1.5789E-01  1.1986E-01  0.0000E+00  0.0000E+00
  1.3431E-01  4.4800E-01  2.5051E+02  0.0000E+00  0.0000E+00  1.5789E-01  1.1986E-01  0.0000E+00  0.0000E+00
  1.3461E-01  4.4900E-01  2.5051E+02  0.0000E+00  0.0000E+00  1.5789E-01  1.1986E-01  0.0000E+00  0.0000E+00
  1.3491E-01  4.5000E-01  2.5051E+02  0.0000E+00  0.0000E+00  1.5789E-01  1.1986E-01  0.0000E+00  0.0000E+00
  1.3521E-01  4.5100E-01  2.5051E+02  0.0000E+00  0.0000E+00  1.5789E-01  1.1986E-01  0.0000E+00  0.0000E+00
  1.3551E-01  4.5200E-01  2.5051E+02  0.0000E+00  0.0000E+00  1.5789E-01  1.1986E-01  0.0000E+00  0.0000E+00
  1.3581E-01  4.5300E-01  2.5051E+02  0.0000E+00  0.0000E+00  1.5789E-01  1.1986E-01  0.0000E+00  0.0000E+00
  1.3611E-01  4.5400E-01  2.5051E+02  0.0000E+00  0.0000E+00  1.5789E-01  1.1986E-01  0.0000E+00  0.0000E+00
  1.3641E-01  4.5500E-01  2.5051E+02  0.0000E+00  0.0000E+00  1.5789E-01  1.1986E-01  0.0000E+00  0.0000E+00
  1.3671E-01  4.5600E-01  2.5051E+02  0.0000E+00  0.0000E+00  1.5789E-01  1.1986E-01  0.0000E+00  0.0000E+00
  1.3700E-01  4.5700E-01  2.5051E+02  0.0000E+00  0.0000E+00  1.5789E-01  1.1986E-01  0.0000E+00  0.0000E+00
  1.3730E-01  4.5800E-01  2.5051E+02  0.0000E+00  0.0000E+00  1.5789E-01  1.1986E-01  0.0000E+00  0.0000E+00
  1.3760E-01  4.5900E-01  2.5051E+02  0.0000E+00  0.0000E+00  1.5789E-01  1.1986E-01  0.0000E+00  0.0000E+00
  1.3790E-01  4.6000E-01  2.5051E+02  0.0000E+00  0.0000E+00  1.5789E-01  1.1986E-01  0.0000E+00  0.0000E+00
  1.3820E-01  4.6100E-01  2.5051E+02  0.0000E+00  0.0000E+00  1.5789E-01  1.1986E-01  0.0000E+00  0.0000E+00
  1.3850E-01  4.6200E-01  2.5051E+02  0.0000E+00  0.0000E+00  1.5789E-01  1.1986E-01  0.0000E+00  0.0000E+00
  1.3880E-01  4.6300E-01  2.5051E+02  0.0000E+00  0.0000E+00  1.5789E-01  1.1986E-01  0.0000E+00  0.0000E+00
  1.3910E-01  4.6400E-01  2.5051E+02  0.0000E+00  0.0000E+00  1.5789E-01  1.1986E-01  0.0000E+00  0.0000E+00
  1.3940E-01  4.6500E-01  2.5051E+02  0.0000E+00  0.0000E+00  1.5789E-01  1.1986E-01  0.0000E+00  0.0000E+00
  1.3970E-01  4.6600E-01  2.5051E+02  0.0000E+00  0.0000E+00  1.5789E-01  1.1986E-01  0.0000E+00  0.0000E+00
  1.4000E-01  4.6700E-01  2.5051E+02  0.0000E+00  0.0000E+00  1.5789E-01  1.1986E-01  0.0000E+00  0.0000E+00
  1.4030E-01  4.6800E-01  2.5051E+02  0.0000E+00  0.0000E+00  1.5789E-01  1.1986E-01  0.0000E+00  0.0000E+00
  1.4060E-01  4.6900E-01  2.5051E+02  0.0000E+00  0.0000E+00  1.5789E-01  1.1986E-01  0.0000E+00  0.0000E+00
  1.4090E-01  4.7000E-01  2.5051E+02  0.0000E+00  0.0000E+00  1.5789E-01  1.1986E-01  0.0000E+00  0.0000E+00
  1.4120E-01  4.7100E-01  2.5051E+02  0.0000E+00  0.0000E+00  1.5789E-01  1.1986E-01  0.0000E+00  0.0000E+00
  1.4150E-01  4.7200E-01  2.5051E+02  0.0000E+00  0.0000E+00  1.5789E-01  1.1986E-01  0.0000E+00  0.0000E+00
  1.4180E-01  4.7300E-01  2.5051E+02  0.0000E+00  0.0000E+00  1.5789E-01  1.1986E-01  0.0000E+00  0.0000E+00
  1.4210E-01  4.7400E-01  2.5051E+02  0.0000E+00  0.0000E+00  1.5789E-01  1.1986E-01  0.0000E+00  0.0000E+00
  1.4240E-01  4.7500E-01  2.5051E+02  0.0000E+00  0.0000E+00  1.5789E-01  1.1986E-01  0.0000E+00  0.0000E+00
  1.4270E-01  4.7600E-01  2.5051E+02  0.0000E+00  0.0000E+00  1.5789E-01  1.1986E-01  0.0000E+00  0.0000E+00
  1.4300E-01  4.7700E-01  2.5051E+02  0.0000E+00  0.0000E+00  1.5789E-01  1.1986E-01  0.0000E+00  0.0000E+00
  1.4330E-01  4.7800E-01  2.5051E+02  0.0000E+00  0.0000E+00  1.5789E-01  1.1986E-01  0.0000E+00  0.0000E+00
  1.4360E-01  4.7900E-01  2.5051E+02  0.0000E+00  0.0000E+00  1.5789E-01  1.1986E-01  0.0000E+00  0.0000E+00
  1.4390E-01  4.8000E-01  2.5051E+02  0.0000E+00  0.0000E+00  1.5789E-01  1.1986E-01  0.0000E+00  0.0000E+00
  1.4420E-01  4.8100E-01  2.5051E+02  0.0000E+00  0.0000E+00  1.5789E-01  1.1986E-01  0.0000E+00  0.0000E+00
  1.4450E-01  4.8200E-01  2.5051E+02  0.0000E+00  0.0000E+00  1.5789E-01  1.1986E-01  0.0000E+00  0.0000E+00
  1.4480E-01  4.8300E-01  2.5051E+02  0.0000E+00  0.0000E+00  1.5789E-01  1.1986E-01  0.0000E+00  0.0000E+00
  1.4510E-01  4.8400E-01  2.5051E+02  0.0000E+00  0.0000E+00  1.5789E-01  1.1986E-01  0.0000E+00  0.0000E+00
  1.4540E-01  4.8500E-01  2.5051E+02  0.0000E+00  0.0000E+00  1.5789E-01  1.1986E-01  0.0000E+00  0.0000E+00
  1.4570E-01  4.8600E-01  2.5051E+02  0.0000E+00  0.0000E+00  1.5789E-01  1.1986E-01  0.0000E+00  0.0000E+00
  1.4600E-01  4.8700E-01  2.5051E+02  0.0000E+00  0.0000E+00  1.5789E-01  1.1986E-01  0.0000E+00  0.0000E+00
  1.4630E-01  4.8800E-01  2.5051E+02  0.0000E+00  0.0000E+00  1.5789E-01  1.1986E-01  0.0000E+00  0.0000E+00
  1.4660E-01  4.8900E-01  2.5051E+02  0.0000E+00  0.0000E+00  1.5789E-01  1.1986E-01  0.0000E+00  0.0000E+00
  1.4690E-01  4.9000E-01  2.5051E+02  0.0000E+00  0.0000E+00  1.5789E-01  1.1986E-01  0.0000E+00  0.0000E+00
  1.4720E-01  4.9100E-01  2.5051E+02  0.0000E+00  0.0000E+00  1.5789E-01  1.1986E-01  0.0000E+00  0.0000E+00
  1.4750E-01  4.9200E-01  2.5051E+02  0.0000E+00  0.0000E+00  1.5789E-01  1.1986E-01  0.0000E+00  0.0000E+00
  1.4780E-01  4.9300E-01  2.5051E+02  0.0000E+00  0.0000E+00  1.5789E-01  1.1986E-01  0.0000E+00  0.0000E+00
  1.4810E-01  4.9400E-01  2.5051E+02  0.0000E+00  0.0000E+00  1.5789E-01  1.1986E-01  0.0000E+00  0.0000E+00
  1.4840E-01  4.9500E-01  2.5051E+02  0.0000E+00  0.0000E+00  1.5789E-01  1.1986E-01  0.0000E+00  0.0000E+00
  1.4870E-01  4.9600E-01  2.5051E+02  0.0000E+00  0.0000E+00  1.5789E-01  1.1986E-01  0.0000E+00  0.0000E+00
  1.4900E-01  4.9700E-01  2.5051E+02  0.0000E+00  0.0000E+00  1.5789E-01  1.1986E-01  0.0000E+00  0.0000E+00
  1.4930E-01  4.9800E-01  2.5051E+02  0.0000E+00  0.0000E+00  1.5789E-01  1.1986E-01  0.0000E+00  0.0000E+00
  1.4960E-01  4.9900E-01  2.5051E+02  0.0000E+00  0.0000E+00  1.5789E-01  1.1986E-01  0.0000E+00  0.0000E+00
  1.4990E-01  5.0000E-01  2.5051E+02  0.0000E+00  0.0000E+00  1.5789E-01  1.1986E-01  0.0000E+00  0.0000E+00
  1.5020E-01  5.0100E-01  2.5051E+02  0.0000E+00  0.0000E+00  1.5789E-01  1.1986E-01  0.0000E+00  0.0000E+00
  1.5050E-01  5.0200E-01  2.5051E+02  0.0000E+00  0.0000E+00  1.5789E-01  1.1986E-01  0.0000E+00  0.0000E+00
  1.5080E-01  5.0300E-01  2.5051E+02  0.0000E+00  0.0000E+00  1.5789E-01  1.1986E-01  0.0000E+00  0.0000E+00
  1.5110E-01  5.0400E-01  2.5051E+02  0.0000E+00  0.0000E+00  1.5789E-01  1.1986E-01  0.0000E+00  0.0000E+00
  1.5139E-01  5.0500E-01  2.5051E+02  0.0000E+00  0.0000E+00  1.5789E-01  1.1986E-01  0.0000E+00  0.0000E+00
  1.5169E-01  5.0600E-01  2.5051E+02  0.0000E+00  0.0000E+00  1.5789E-01  1.1986E-01  0.0000E+00  0.0000E+00
  1.5199E-01  5.0700E-01  2.5051E+02  0.0000E+00  0.0000E+00  1.5789E-01  1.1986E-01  0.0000E+00  0.0000E+00
  1.5229E-01  5.0800E-01  2.5051E+02  0.0000E+00  0.0000E+00  1.5789E-01  1.1986E-01  0.0000E+00  0.0000E+00
  1.5259E-01  5.0900E-01  2.5051E+02  0.0000E+00  0.0000E+00  1.5789E-01  1.1986E-01  0.0000E+00  0.0000E+00
  1.5289E-01  5.1000E-01  2.5051E+02  0.0000E+00  0.0000E+00  1.5789E-01  1.1986E-01  0.0000E+00  0.0000E+00
  1.5319E-01  5.1100E-01  2.5051E+02  0.0000E+00  0.0000E+00  1.5789E-01  1.1986E-01  0.0000E+00  0.0000E+00
  1.5349E-01  5.1200E-01  2.5051E+02  0.0000E+00  0.0000E+00  1.5789E-01  1.1986E-01  0.0000E+00  0.0000E+00
  1.5379E-01  5.1300E-01  2.5051E+02  0.0000E+00  0.0000E+00  1.5789E-01  1.1986E-01  0.0000E+00  0.0000E+00
  1.5409E-01  5.1400E-01  2.5051E+02  0.0000E+00  0.0000E+00  1.5789E-01  1.1986E-01  0.0000E+00  0.0000E+00
  1.5439E-01  5.1500E-01  2.5051E+02  0.0000E+00  0.0000E+00  1.5789E-01  1.1986E-01  0.0000E+00  0.0000E+00
  1.5469E-01  5.1600E-01  2.5051E+02  0.0000E+00  0.0000E+00  1.5789E-01  1.1986E-01  0.0000E+00  0.0000E+00
  1.5499E-01  5.1700E-01  2.5051E+02  0.0000E+00  0.0000E+00  1.5789E-01  1.1986E-01  0.0000E+00  0.0000E+00
  1.5529E-01  5.1800E-01  2.5051E+02  0.0000E+00  0.0000E+00  1.5789E-01  1.1986E-01  0.0000E+00  0.0000E+00
  1.5559E-01  5.1900E-01  2.5051E+02  0.0000E+00  0.0000E+00  1.5789E-01  1.1986E-01  0.0000E+00  0.0000E+00
  1.5589E-01  5.2000E-01  2.5051E+02  0.0000E+00  0.0000E+00  1.5789E-01  1.1986E-01  0.0000E+00  0.0000E+00
  1.5619E-01  5.2100E-01  2.5051E+02  0.0000E+00  0.0000E+00  1.5789E-01  1.1986E-01  0.0000E+00  0.0000E+00
  1.5649E-01  5.2200E-01  2.5051E+02  0.0000E+00  0.0000E+00  1.5789E-01  1.1986E-01  0.0000E+00  0.0000E+00
  1.5679E-01  5.2300E-01  2.5051E+02  0.0000E+00  0.0000E+00  1.5789E-01  1.1986E-01  0.0000E+00  0.0000E+00
  1.5709E-01  5.2400E-01  2.5051E+02  0.0000E+00  0.0000E+00  1.5789E-01  1.1986E-01  0.0000E+00  0.0000E+00
  1.5739E-01  5.2500E-01  2.5051E+02  0.0000E+00  0.0000E+00  1.5789E-01  1.1986E-01  0.0000E+00  0.0000E+00
  1.5769E-01  5.2600E-01  2.5051E+02  0.0000E+00  0.0000E+00  1.5789E-01  1.1986E-01  0.0000E+00  0.0000E+00
  1.5799E-01  5.2700E-01  2.5051E+02  0.0000E+00  0.0000E+00  1.5789E-01  1.1986E-01  0.0000E+00  0.0000E+00
  1.5829E-01  5.2800E-01  2.5051E+02  0.0000E+00  0.0000E+00  1.5789E-01  1.1986E-01  0.0000E+00  0.0000E+00
  1.5859E-01  5.2900E-01  2.5051E+02  0.0000E+00  0.0000E+00  1.5789E-01  1.1986E-01  0.0000E+00  0.0000E+00
  1.5889E-01  5.3000E-01  2.5051E+02  0.0000E+00  0.0000E+00  1.5789E-01  1.1986E-01  0.0000E+00  0.0000E+00
  1.5919E-01  5.3100E-01  2.5051E+02  0.0000E+00  0.0000E+00  1.5789E-01  1.1986E-01  0.0000E+00  0.0000E+00
  1.5949E-01  5.3200E-01  2.5051E+02  0.0000E+00  0.0000E+00  1.5789E-01  1.1986E-01  0.0000E+00  0.0000E+00
  1.5979E-01  5.3300E-01  2.5051E+02  0.0000E+00  0.0000E+00  1.5789E-01  1.1986E-01  0.0000E+00  0.0000E+00
  1.6009E-01  5.3400E-01  2.5051E+02  0.0000E+00  0.0000E+00  1.5789E-01  1.1986E-01  0.0000E+00  0.0000E+00
  1.6039E-01  5.3500E-01  2.5051E+02  0.0000E+00  0.0000E+00  1.5789E-01  1.1986E-01  0.0000E+00  0.0000E+00
  1.6069E-01  5.3600E-01  2.5051E+02  0.0000E+00  0.0000E+00  1.5789E-01  1.1986E-01  0.0000E+00  0.0000E+00
  1.6099E-01  5.3700E-01  2.5051E+02  0.0000E+00  0.0000E+00  1.5789E-01  1.1986E-01  0.0000E+00  0.0000E+00
  1.6129E-01  5.3800E-01  2.5051E+02  0.0000E+00  0.0000E+00  1.5789E-01  1.1986E-01  0.0000E+00  0.0000E+00
  1.6159E-01  5.3900E-01  2.5051E+02  0.0000E+00  0.0000E+00  1.5789E-01  1.1986E-01  0.0000E+00  0.0000E+00
  1.6189E-01  5.4000E-01  2.5051E+02  0.0000E+00  0.0000E+00  1.5789E-01  1.1986E-01  0.0000E+00  0.0000E+00
  1.6219E-01  5.4100E-01  2.5051E+02  0.0000E+00  0.0000E+00  1.5789E-01  1.1986E-01  0.0000E+00  0.0000E+00
  1.6249E-01  5.4200E-01  2.5051E+02  0.0000E+00  0.0000E+00  1.5789E-01  1.1986E-01  0.0000E+00  0.0000E+00
  1.6279E-01  5.4300E-01  2.5051E+02  0.0000E+00  0.0000E+00  1.5789E-01  1.1986E-01  0.0000E+00  0.0000E+00
  1.6309E-01  5.4400E-01  2.5051E+02  0.0000E+00  0.0000E+00  1.5789E-01  1.1986E-01  0.0000E+00  0.0000E+00
  1.6339E-01  5.4500E-01  2.5051E+02  0.0000E+00  0.0000E+00  1.5789E-01  1.1986E-01  0.0000E+00  0.0000E+00
  1.6369E-01  5.4600E-01  2.5051E+02  0.0000E+00  0.0000E+00  1.5789E-01  1.1986E-01  0.0000E+00  0.0000E+00
  1.6399E-01  5.4700E-01  2.5051E+02  0.0000E+00  0.0000E+00  1.5789E-01  1.1986E-01  0.0000E+00  0.0000E+00
  1.6429E-01  5.4800E-01  2.5051E+02  0.0000E+00  0.0000E+00  1.5789E-01  1.1986E-01  0.0000E+00  0.0000E+00
  1.6459E-01  5.4900E-01  2.5051E+02  0.0000E+00  0.0000E+00  1.5789E-01  1.1986E-01  0.0000E+00  0.0000E+00
  1.6489E-01  5.5000E-01  2.5051E+02  0.0000E+00  0.0000E+00  1.5789E-01  1.1986E-01  0.0000E+00  0.0000E+00
  1.6519E-01  5.5100E-01  2.5051E+02  0.0000E+00  0.0000E+00  1.5789E-01  1.1986E-01  0.0000E+00  0.0000E+00
  1.6549E-01  5.5200E-01  2.5051E+02  0.0000E+00  0.0000E+00  1.5789E-01  1.1986E-01  0.0000E+00  0.0000E+00
  1.6578E-01  5.5300E-01  2.5051E+02  0.0000E+00  0.0000E+00  1.5789E-01  1.1986E-01  0.0000E+00  0.0000E+00
  1.6608E-01  5.5400E-01  2.5051E+02  0.0000E+00  0.0000E+00  1.5789E-01  1.1986E-01  0.0000E+00  0.0000E+00
  1.6638E-01  5.5500E-01  2.5051E+02  0.0000E+00  0.0000E+00  1.5789E-01  1.1986E-01  0.0000E+00  0.0000E+00
  1.6668E-01  5.5600E-01  2.5051E+02  0.0000E+00  0.0000E+00  1.5789E-01  1.1986E-01  0.0000E+00  0.0000E+00
  1.6698E-01  5.5700E-01  2.5051E+02  0.0000E+00  0.0000E+00  1.5789E-01  1.1986E-01  0.0000E+00  0.0000E+00
  1.6728E-01  5.5800E-01  2.5051E+02  0.0000E+00  0.0000E+00  1.5789E-01  1.1986E-01  0.0000E+00  0.0000E+00
  1.6758E-01  5.5900E-01  2.5051E+02  0.0000E+00  0.0000E+00  1.5789E-01  1.1986E-01  0.0000E+00  0.0000E+00
  1.6788E-01  5.6000E-01  2.5051E+02  0.0000E+00  0.0000E+00  1.5789E-01  1.1986E-01  0.0000E+00  0.0000E+00
  1.6818E-01  5.6100E-01  2.5051E+02  0.0000E+00  0.0000E+00  1.5789E-01  1.1986E-01  0.0000E+00  0.0000E+00
  1.6848E-01  5.6200E-01  2.5051E+02  0.0000E+00  0.0000E+00  1.5789E-01  1.1986E-01  0.0000E+00  0.0000E+00
  1.6878E-01  5.6300E-01  2.5051E+02  0.0000E+00  0.0000E+00  1.5789E-01  1.1986E-01  0.0000E+00  0.0000E+00
  1.6908E-01  5.6400E-01  2.5051E+02  0.0000E+00  0.0000E+00  1.5789E-01  1.1986E-01  0.0000E+00  0.0000E+00
  1.6938E-01  5.6500E-01  2.5051E+02  0.0000E+00  0.0000E+00  1.5789E-01  1.1986E-01  0.0000E+00  0.0000E+00
  1.6968E-01  5.6600E-01  2.5051E+02  0.0000E+00  0.0000E+00  1.5789E-01  1.1986E-01  0.0000E+00  0.0000E+00
  1.6998E-01  5.6700E-01  2.5051E+02  0.0000E+00  0.0000E+00  1.5789E-01  1.1986E-01  0.0000E+00  0.0000E+00
  1.7000E-01  5.6706E-01  2.5051E+02  0.0000E+00  0.0000E+00  1.5789E-01  1.1986E-01  0.0000E+00  0.0000E+00
