  0.0000E+00  0.0000E+00  1.9000E+00  0.0000E+00  0.0000E+00  2.5051E+08  0.0000E+00 -2.0000E-03   1   5
  4.0000E-05  0.0000E+00  5.0000E-04  0.0000E+00  0.0000E+00  0.0000E+00  0.0000E+00 -2.0000E-03   1   3
  0.0000E+00  4.0000E-05 -5.0000E-04  0.0000E+00  0.0000E+00  0.0000E+00  0.0000E+00 -2.0000E-03   1   3
  8.0000E-05  0.0000E+00  1.0000E-03  0.0000E+00  0.0000E+00  0.0000E+00  0.0000E+00 -2.0000E-03   1   3
  0.0000E+00  8.0000E-05 -1.0000E-03  0.0000E+00  0.0000E+00  0.0000E+00  0.0000E+00 -2.0000E-03   1   3
  1.2000E-04  0.0000E+00  1.5000E-03  0.0000E+00  0.0000E+00  0.0000E+00  0.0000E+00 -2.0000E-03   1   3
  0.0000E+00  1.2000E-04 -1.5000E-03  0.0000E+00  0.0000E+00  0.0000E+00  0.0000E+00 -2.0000E-03   1   3
  1.2386E-04  1.1382E-04  8.4329E-04  8.6563E+03  6.8618E+03 -2.3800E-01  0.0000E+00 -2.0000E-03   1   5
  9.3304E-05  8.0927E-05  2.4489E-04  5.8590E+03  3.5925E+03  1.6861E+03  0.0000E+00 -2.0000E-03   1   5
  7.2444E-05  5.7940E-05 -2.7053E-04  3.8680E+03  1.0791E+03 -1.6863E+03  0.0000E+00 -2.0000E-03   1   5
  5.5673E-05  3.8992E-05 -8.6893E-04  2.1927E+03 -1.2635E+03  2.8759E+03  0.0000E+00 -2.0000E-03   1   5
  4.1106E-05  2.2060E-05  1.7680E-03  6.5754E+02 -3.7718E+03 -7.9663E+02  0.0000E+00 -2.0000E-03   1   5
  2.7842E-05  6.1155E-06  7.0564E-04 -8.3603E+02 -7.0268E+03  7.9651E+02  0.0000E+00 -2.0000E-03   1   5
  1.5357E-05 -9.5283E-06  1.4075E-04 -2.3689E+03  1.3077E+04 -2.8762E+03  0.0000E+00 -2.0000E-03   1   5
  3.2893E-06 -2.5472E-05 -3.7745E-04 -4.0389E+03  6.1861E+03  3.8352E+03  0.0000E+00 -2.0000E-03   1   5
 -8.6460E-06 -4.2405E-05 -1.0244E-03 -6.0198E+03  3.1071E+03 -3.9337E+02  0.0000E+00 -2.0000E-03   1   5
 -2.0714E-05 -6.1353E-05  1.4164E-03 -8.7963E+03  6.4432E+02  1.2218E+03  0.0000E+00 -2.0000E-03   1   5
 -3.3199E-05 -8.4340E-05  5.8005E-04  1.5354E+04 -1.7048E+03 -2.2183E+03  0.0000E+00 -2.0000E-03   1   5
 -4.6462E-05 -1.1723E-04  3.8195E-05  8.1478E+03 -4.2837E+03  2.2177E+03  0.0000E+00 -2.0000E-03   1   5
 -6.1030E-05  2.0219E-04 -4.8857E-04  5.4853E+03 -7.4777E+03 -1.2221E+03  0.0000E+00 -2.0000E-03   1   5
 -7.7801E-05  1.1059E-04 -1.2080E-03  3.5389E+03  1.1213E+04  3.9300E+02  0.0000E+00 -2.0000E-03   1   5
 -9.8660E-05  7.8931E-05  1.1824E-03  1.8768E+03  5.7590E+03 -3.8354E+03  0.0000E+00 -2.0000E-03   1   5
 -1.2922E-04  5.6376E-05  4.6293E-04  3.3074E+02  2.8194E+03  4.6568E+03  0.0000E+00 -2.0000E-03   1   5
  2.1573E-04  3.7634E-05 -6.3839E-05 -7.5947E+02  3.9509E+02 -1.9603E+02  0.0000E+00 -2.0000E-03   1   5
  1.2153E-04  2.0808E-05 -6.0570E-04 -2.3923E+03 -1.9583E+03  1.4478E+03  0.0000E+00 -2.0000E-03   1   5
  9.1900E-05  4.9092E-06 -1.4421E-03 -4.1013E+03 -4.5919E+03 -1.9411E+03  0.0000E+00 -2.0000E-03   1   5
  7.1371E-05 -1.0736E-05  9.9876E-04 -6.1352E+03 -8.3492E+03  2.5248E+03  0.0000E+00 -2.0000E-03   1   5
  5.4767E-05 -2.6730E-05  3.5181E-04 -9.0500E+03  9.8263E+03 -1.0060E+03  0.0000E+00 -2.0000E-03   1   5
  4.0296E-05 -4.3774E-05 -1.6639E-04  1.3717E+04  5.1756E+03  5.9258E+02  0.0000E+00 -2.0000E-03   1   5
  2.7090E-05 -6.2940E-05 -7.3128E-04  7.9328E+03  2.3578E+03 -3.2952E+03  0.0000E+00 -2.0000E-03   1   5
  1.4638E-05 -8.6388E-05 -1.7936E-03  5.3759E+03 -4.0137E+01  3.2950E+03  0.0000E+00 -2.0000E-03   1   5
  2.5862E-06 -1.2065E-04  2.4376E-03  3.4719E+03 -2.4243E+03 -5.9304E+02  0.0000E+00 -2.0000E-03   1   5
 -9.3496E-06  1.8157E-04  8.1456E-04  1.8364E+03 -4.8732E+03  1.0056E+03  0.0000E+00 -2.0000E-03   1   5
 -2.1433E-05  1.0753E-04  2.2388E-04  3.1762E+02 -9.0523E+03 -2.5251E+03  0.0000E+00 -2.0000E-03   1   5
 -3.3954E-05  7.6982E-05 -2.9165E-04 -1.1764E+03  8.9415E+03  1.9409E+03  0.0000E+00 -2.0000E-03   1   5
 -4.7277E-05  5.4833E-05 -8.9836E-04 -2.7268E+03  4.8060E+03 -1.4479E+03  0.0000E+00 -2.0000E-03   1   5
 -6.1943E-05  3.6288E-05  1.6804E-03 -4.4395E+03  2.0876E+03  1.9599E+02  0.0000E+00 -2.0000E-03   1   5
 -7.8887E-05  1.9562E-05  6.7970E-04 -6.5165E+03 -2.8177E+02 -4.6569E+03  0.0000E+00 -2.0000E-03   1   5
 -1.0009E-04  3.7044E-06  1.2014E-04 -9.5898E+03 -2.6734E+03  5.3845E+03  0.0000E+00 -2.0000E-03   1   5
 -1.3166E-04 -1.1946E-05 -3.9929E-04  1.2437E+04 -5.4882E+03 -9.8310E+01  0.0000E+00 -2.0000E-03   1   5
  1.9638E-04 -2.7993E-05 -1.0584E-03  7.8418E+03 -1.0138E+04  1.5649E+03  0.0000E+00 -2.0000E-03   1   5
  1.1930E-04 -4.5155E-05  1.3636E-03  5.3041E+03  8.0365E+03 -1.8115E+03  0.0000E+00 -2.0000E-03   1   5
  9.0523E-05 -6.4551E-05  5.5604E-04  3.4155E+03  4.2760E+03  2.6937E+03  0.0000E+00 -2.0000E-03   1   5
  7.0310E-05 -8.8491E-05  1.7780E-05  1.7862E+03  1.6357E+03 -9.0034E+02  0.0000E+00 -2.0000E-03   1   5
  5.3867E-05 -1.2430E-04 -5.1145E-04  2.6808E+02 -7.3367E+02  6.9423E+02  0.0000E+00 -2.0000E-03   1   5
  3.9490E-05  1.6862E-04 -1.2497E-03 -1.2296E+03 -2.8962E+03 -3.0747E+03  0.0000E+00 -2.0000E-03   1   5
  2.6341E-05  1.0462E-04  1.1426E-03 -2.7894E+03 -5.8706E+03  3.5444E+03  0.0000E+00 -2.0000E-03   1   5
  1.3921E-05  7.5078E-05  4.4029E-04 -4.5217E+03 -1.1323E+04 -4.9303E+02  0.0000E+00 -2.0000E-03   1   5
  1.8834E-06  5.3310E-05 -8.4275E-05 -6.6444E+03  7.4266E+03  1.1126E+03  0.0000E+00 -2.0000E-03   1   5
 -1.0054E-05  3.4952E-05 -6.3004E-04 -9.8861E+03  3.9489E+03 -2.3672E+03  0.0000E+00 -2.0000E-03   1   5
 -2.2155E-05  1.8321E-05 -1.4990E-03  1.1745E+04  1.3835E+03  2.0760E+03  0.0000E+00 -2.0000E-03   1   5
 -3.4711E-05  2.5008E-06  9.6584E-04  7.3135E+03 -9.5953E+02 -1.3336E+03  0.0000E+00 -2.0000E-03   1   5
 -4.8096E-05 -1.3159E-05  3.3014E-04  4.9302E+03 -3.4196E+03  2.9435E+02  0.0000E+00 -2.0000E-03   1   5
 -6.2865E-05 -2.9263E-05 -1.8706E-04  3.0891E+03 -6.4979E+03 -4.1900E+03  0.0000E+00 -2.0000E-03   1   5
 -7.9988E-05 -4.6548E-05 -7.5771E-04  1.4776E+03 -1.3390E+04  4.1895E+03  0.0000E+00 -2.0000E-03   1   5
 -1.0156E-04 -6.6188E-05 -1.8969E-03 -4.1313E+01  1.7629E+04 -2.9504E+02  0.0000E+00 -2.0000E-03   1   5
 -1.3423E-04 -9.0655E-05  2.1685E-03 -1.5619E+03  6.6071E+03  1.3334E+03  0.0000E+00 -2.0000E-03   1   5
  1.8432E-04 -1.2822E-04  7.8648E-04 -2.7583E+03  3.3615E+03 -2.0763E+03  0.0000E+00 -2.0000E-03   1   5
  1.1715E-04  1.5895E-04  2.0297E-04 -4.5760E+03  1.1160E+03  2.3669E+03  0.0000E+00 -2.0000E-03   1   5
  8.9174E-05  1.0184E-04 -3.1289E-04 -6.7727E+03 -1.2587E+03 -1.1128E+03  0.0000E+00 -2.0000E-03   1   5
  6.9263E-05  7.3215E-05 -9.2855E-04 -1.0235E+04 -3.7843E+03  4.9252E+02  0.0000E+00 -2.0000E-03   1   5
  5.2975E-05  5.1806E-05  1.6038E-03  1.1169E+04 -7.0725E+03 -3.5448E+03  0.0000E+00 -2.0000E-03   1   5
  3.8688E-05  3.3626E-05  6.5419E-04  7.1406E+03  1.2752E+04  3.0742E+03  0.0000E+00 -2.0000E-03   1   5
  2.5594E-05  1.7084E-05  9.9597E-05  4.8321E+03  6.1459E+03 -6.9435E+02  0.0000E+00 -2.0000E-03   1   5
  1.3206E-05  1.2981E-06 -4.2131E-04  3.0231E+03  3.0902E+03  9.0029E+02  0.0000E+00 -2.0000E-03   1   5
  1.1811E-06 -1.4374E-05 -1.0936E-03  1.4306E+03  6.3618E+02 -2.6938E+03  0.0000E+00 -2.0000E-03   1   5
 -1.0758E-05 -3.0539E-05  1.3143E-03 -7.3149E+01 -1.7081E+03  1.8113E+03  0.0000E+00 -2.0000E-03   1   5
 -2.2878E-05 -4.7956E-05  5.3234E-04 -1.5735E+03 -4.2832E+03 -1.5653E+03  0.0000E+00 -2.0000E-03   1   5
 -3.5471E-05 -6.7851E-05 -2.6229E-06 -3.1544E+03 -7.7982E+03  9.7810E+01  0.0000E+00 -2.0000E-03   1   5
 -4.8919E-05 -9.2884E-05 -5.3458E-04 -4.9371E+03  1.0833E+04 -5.3850E+03  0.0000E+00 -2.0000E-03   1   5
 -6.3794E-05 -1.3246E-04 -1.2936E-03 -7.1803E+03  5.5109E+03  6.0438E+03  0.0000E+00 -2.0000E-03   1   5
 -8.1103E-05  1.5115E-04  1.1046E-03 -1.0895E+04  2.8468E+03 -4.9198E+01  0.0000E+00 -2.0000E-03   1   5
 -1.0306E-04  9.9173E-05  4.1787E-04  1.0432E+04  3.9943E+02  1.6250E+03  0.0000E+00 -2.0000E-03   1   5
 -1.3694E-04  7.1391E-05 -1.0474E-04  6.6979E+03 -1.9651E+03 -1.7483E+03  0.0000E+00 -2.0000E-03   1   5
  1.7538E-04  5.0321E-05 -6.5475E-04  4.8234E+03 -4.6139E+03  2.7829E+03  0.0000E+00 -2.0000E-03   1   5
  1.1509E-04  3.2309E-05 -1.5611E-03  2.9880E+03 -8.4200E+03 -8.4843E+02  0.0000E+00 -2.0000E-03   1   5
  8.7849E-05  1.5852E-05  9.3392E-04  1.3906E+03  9.7092E+03  7.4507E+02  0.0000E+00 -2.0000E-03   1   5
  6.8227E-05  9.6019E-08  3.0862E-04 -1.1827E+02  5.1462E+03 -2.9730E+03  0.0000E+00 -2.0000E-03   1   5
  5.2090E-05 -1.5591E-05 -2.0779E-04 -1.6268E+03  2.3467E+03  3.6837E+03  0.0000E+00 -2.0000E-03   1   5
  3.7891E-05 -3.1823E-05 -7.8464E-04 -3.2217E+03 -4.1545E+01 -4.4294E+02  0.0000E+00 -2.0000E-03   1   5
  2.4850E-05 -4.9377E-05 -2.0242E-03 -5.0314E+03 -2.4145E+03  1.1670E+03  0.0000E+00 -2.0000E-03   1   5
  1.2491E-05 -6.9542E-05  1.9986E-03 -7.3391E+03 -5.1472E+03 -2.2915E+03  0.0000E+00 -2.0000E-03   1   5
  4.7894E-07 -9.5185E-05  7.5899E-04 -1.1365E+04 -9.3491E+03  2.1458E+03  0.0000E+00 -2.0000E-03   1   5
 -1.1464E-05 -1.3709E-04  1.8215E-04  1.0044E+04  8.6385E+03 -1.2778E+03  0.0000E+00 -2.0000E-03   1   5
 -2.3602E-05  1.4455E-04 -3.3427E-04  6.5904E+03  4.8186E+03  3.4365E+02  0.0000E+00 -2.0000E-03   1   5
 -3.6234E-05  9.6614E-05 -9.5956E-04  4.4110E+03  2.0883E+03 -4.0026E+03  0.0000E+00 -2.0000E-03   1   5
 -4.9748E-05  6.9604E-05  1.5354E-03  2.6538E+03 -2.8699E+02  4.4042E+03  0.0000E+00 -2.0000E-03   1   5
 -6.4731E-05  4.8852E-05  6.2910E-04  1.0815E+03 -2.6866E+03 -2.4520E+02  0.0000E+00 -2.0000E-03   1   5
 -8.2233E-05  3.1001E-05  7.9095E-05 -4.2199E+02 -5.5189E+03  1.3903E+03  0.0000E+00 -2.0000E-03   1   5
 -1.0459E-04  1.4624E-05 -4.4352E-04 -1.9418E+03 -1.0261E+04 -2.0081E+03  0.0000E+00 -2.0000E-03   1   5
 -1.3980E-04 -1.1056E-06 -1.1302E-03 -3.5737E+03  7.9688E+03  2.4446E+03  0.0000E+00 -2.0000E-03   1   5
  1.6820E-04 -1.6812E-05  1.2679E-03 -5.0510E+03  4.2564E+03 -1.0590E+03  0.0000E+00 -2.0000E-03   1   5
  1.1310E-04 -3.3114E-05  5.0894E-04 -7.4814E+03  1.6331E+03  5.4265E+02  0.0000E+00 -2.0000E-03   1   5
  8.6548E-05 -5.0813E-05 -2.3022E-05 -1.1929E+04 -7.1932E+02 -3.4158E+03  0.0000E+00 -2.0000E-03   1   5
  6.7202E-05 -7.1263E-05 -5.5799E-04  9.6944E+03 -3.1500E+03  3.1816E+03  0.0000E+00 -2.0000E-03   1   5
  5.1211E-05 -9.7563E-05 -1.3400E-03  6.4481E+03 -6.1117E+03 -6.4364E+02  0.0000E+00 -2.0000E-03   1   5
  3.7097E-05 -1.4221E-04  1.0680E-03  4.3230E+03 -1.1727E+04  9.5247E+02  0.0000E+00 -2.0000E-03   1   5
  2.4108E-05  1.3880E-04  3.9566E-04  2.5901E+03  7.4063E+03 -2.6080E+03  0.0000E+00 -2.0000E-03   1   5
  1.1778E-05  9.4150E-05 -1.2524E-04  1.0312E+03  3.9413E+03  1.8755E+03  0.0000E+00 -2.0000E-03   1   5
 -2.2292E-07  6.7851E-05 -6.7984E-04 -4.6381E+02  1.3767E+03 -1.5061E+03  0.0000E+00 -2.0000E-03   1   5
 -1.2170E-05  4.7401E-05 -1.6295E-03 -1.9768E+03 -9.6945E+02  1.4695E+02  0.0000E+00 -2.0000E-03   1   5
 -2.4328E-05  2.9702E-05  9.0290E-04 -3.5971E+03 -3.4374E+03 -4.9686E+03  0.0000E+00 -2.0000E-03   1   5
 -3.7000E-05  1.3400E-05  2.8725E-04 -5.4676E+03 -6.5389E+03  4.9684E+03  0.0000E+00 -2.0000E-03   1   5
 -5.0581E-05 -2.3071E-06 -2.2861E-04 -7.9336E+03 -1.3761E+04 -1.4744E+02  0.0000E+00 -2.0000E-03   1   5
 -6.5677E-05 -1.8037E-05 -8.1212E-04 -1.2915E+04  1.6152E+04  1.5053E+03  0.0000E+00 -2.0000E-03   1   5
 -8.3379E-05 -3.4414E-05 -2.1942E-03  9.1269E+03  6.5725E+03 -1.8758E+03  0.0000E+00 -2.0000E-03   1   5
 -1.0616E-04 -5.2265E-05  1.8712E-03  6.0518E+03  3.3703E+03  2.6078E+03  0.0000E+00 -2.0000E-03   1   5
 -1.4285E-04 -7.3017E-05  7.3206E-04  3.9525E+03  8.7322E+02 -9.5280E+02  0.0000E+00 -2.0000E-03   1   5
  1.6216E-04 -1.0003E-04  1.6141E-04  2.6001E+03 -1.4763E+03  6.4347E+02  0.0000E+00 -2.0000E-03   1   5
  1.1118E-04 -1.4796E-04 -3.5578E-04  1.0072E+03 -4.0260E+03 -3.1818E+03  0.0000E+00 -2.0000E-03   1   5
  8.5270E-05  1.3368E-04 -9.9148E-04 -5.0186E+02 -7.0890E+03  3.4154E+03  0.0000E+00 -2.0000E-03   1   5
  6.6189E-05  9.1772E-05  1.4734E-03 -2.0286E+03  1.2476E+04 -5.4308E+02  0.0000E+00 -2.0000E-03   1   5
  5.0338E-05  6.6129E-05  6.0440E-04 -3.6684E+03  6.1120E+03  1.0588E+03  0.0000E+00 -2.0000E-03   1   5
  3.6308E-05  4.5964E-05  5.8630E-05 -5.5747E+03  3.0744E+03 -2.4448E+03  0.0000E+00 -2.0000E-03   1   5
  2.3368E-05  2.8410E-05 -4.6593E-04 -8.1321E+03  6.2456E+02  2.0078E+03  0.0000E+00 -2.0000E-03   1   5
  1.1066E-05  1.2179E-05 -1.1683E-03 -1.3916E+04 -1.7209E+03 -1.3907E+03  0.0000E+00 -2.0000E-03   1   5
 -9.2461E-07 -3.5088E-06  1.2241E-03  8.8545E+03 -4.3039E+03  2.4499E+02  0.0000E+00 -2.0000E-03   1   5
 -1.2876E-05 -1.9265E-05  4.8581E-04  5.9450E+03 -7.8527E+03 -4.4044E+03  0.0000E+00 -2.0000E-03   1   5
 -2.5056E-05 -3.5722E-05 -4.3424E-05  3.9204E+03  1.0683E+04  4.0023E+03  0.0000E+00 -2.0000E-03   1   5
 -3.7769E-05 -5.3733E-05 -5.8169E-04  2.2305E+03  5.5071E+03 -3.4386E+02  0.0000E+00 -2.0000E-03   1   5
 -5.1420E-05 -7.4804E-05 -1.3893E-03  6.8845E+02  2.6051E+03  1.2774E+03  0.0000E+00 -2.0000E-03   1   5
 -6.6632E-05 -1.0259E-04  1.0328E-03 -8.0764E+02  1.8263E+02 -2.1462E+03  0.0000E+00 -2.0000E-03   1   5
 -8.4541E-05 -1.5456E-04  3.7365E-04 -2.3394E+03 -2.2042E+03  2.2914E+03  0.0000E+00 -2.0000E-03   1   5
 -1.0777E-04  1.2905E-04 -1.4579E-04 -4.0042E+03 -4.6083E+03 -1.1671E+03  0.0000E+00 -2.0000E-03   1   5
 -1.4612E-04  8.9471E-05 -7.0534E-04 -5.9749E+03 -8.4812E+03  4.4272E+02  0.0000E+00 -2.0000E-03   1   5
  1.5692E-04  6.4438E-05 -1.7060E-03 -8.2795E+03  9.6025E+03 -3.6840E+03  0.0000E+00 -2.0000E-03   1   5
  1.0932E-04  4.4543E-05  8.7272E-04 -1.5525E+04  5.1179E+03  2.9724E+03  0.0000E+00 -2.0000E-03   1   5
  8.4014E-05  2.7126E-05  2.6601E-04  2.0518E+04  2.3317E+03 -7.4609E+02  0.0000E+00 -2.0000E-03   1   5
  6.5186E-05  1.0961E-05 -2.4952E-04  8.5606E+03 -5.2841E+01  8.4814E+02  0.0000E+00 -2.0000E-03   1   5
  4.9471E-05 -4.7108E-06 -8.4021E-04  5.7912E+03 -2.4272E+03 -2.7831E+03  0.0000E+00 -2.0000E-03   1   5
  3.5522E-05 -2.0497E-05 -2.4632E-03  3.8118E+03 -5.1697E+03  1.7481E+03  0.0000E+00 -2.0000E-03   1   5
  2.2630E-05 -3.7038E-05  2.9858E-03  2.1425E+03 -9.4304E+03 -1.6254E+03  0.0000E+00 -2.0000E-03   1   5
  1.0355E-05 -5.5219E-05  8.3749E-04  6.1062E+02  8.5872E+03  4.8810E+01  0.0000E+00 -2.0000E-03   1   5
 -1.6262E-06 -7.6628E-05  2.4068E-04 -8.8151E+02  4.5707E+03 -6.0440E+03  0.0000E+00 -2.0000E-03   1   5
 -1.3584E-05 -1.0525E-04 -2.7475E-04 -2.4144E+03  1.8690E+03  6.6502E+03  0.0000E+00 -2.0000E-03   1   5
 -2.5786E-05 -1.6237E-04 -8.7476E-04 -4.0863E+03 -5.2908E+02 -2.4509E+01  0.0000E+00 -2.0000E-03   1   5
 -3.8541E-05  1.2481E-04  1.7494E-03 -6.0719E+03 -2.6740E+03  1.6555E+03  0.0000E+00 -2.0000E-03   1   5
 -5.2263E-05  8.7242E-05  7.0041E-04 -8.8616E+03 -5.5390E+03 -1.7173E+03  0.0000E+00 -2.0000E-03   1   5
 -6.7595E-05  6.2775E-05  1.3662E-04  1.5108E+04 -1.0386E+04  2.8283E+03  0.0000E+00 -2.0000E-03   1   5
 -8.5721E-05  4.3136E-05 -3.8181E-04  8.0757E+03  7.9033E+03 -8.2266E+02  0.0000E+00 -2.0000E-03   1   5
 -1.0943E-04  2.5850E-05 -1.0311E-03  5.4128E+03  4.2328E+03  7.7079E+02  0.0000E+00 -2.0000E-03   1   5
 -1.4963E-04  9.7460E-06  1.4056E-03  3.4435E+03  1.6200E+03 -2.9239E+03  0.0000E+00 -2.0000E-03   1   5
  1.5227E-04 -5.9136E-06  5.7523E-04  2.1467E+03 -7.2902E+02  3.7578E+03  0.0000E+00 -2.0000E-03   1   5
  1.0752E-04 -2.1733E-05  3.4110E-05  5.8528E+02 -3.1610E+03 -4.1810E+02  0.0000E+00 -2.0000E-03   1   5
  8.2778E-05 -3.8365E-05 -4.9313E-04 -9.2160E+02 -6.1339E+03  1.1944E+03  0.0000E+00 -2.0000E-03   1   5
  6.4194E-05 -5.6723E-05 -1.2162E-03 -2.4700E+03 -1.1891E+04 -2.2547E+03  0.0000E+00 -2.0000E-03   1   5
  4.8611E-05 -7.8491E-05  1.1743E-03 -4.1649E+03  7.1332E+03  2.1817E+03  0.0000E+00 -2.0000E-03   1   5
  3.4739E-05 -1.0803E-04  4.5838E-04 -6.1955E+03  3.7144E+03 -1.2497E+03  0.0000E+00 -2.0000E-03   1   5
  2.1894E-05 -1.7203E-04 -6.7924E-05 -9.1191E+03  1.1268E+03  3.6835E+02  0.0000E+00 -2.0000E-03   1   5
  9.6444E-06  1.2089E-04 -6.1054E-04  1.3567E+04 -9.5541E+02 -3.9171E+03  0.0000E+00 -2.0000E-03   1   5
 -2.3276E-06  8.5078E-05 -1.4531E-03  7.8734E+03 -3.4449E+03  4.5246E+03  0.0000E+00 -2.0000E-03   1   5
 -1.4292E-05  6.1139E-05  9.9209E-04  5.3259E+03 -6.5766E+03 -2.2074E+02  0.0000E+00 -2.0000E-03   1   5
 -2.6517E-05  4.1742E-05  3.4746E-04  3.4249E+03 -1.4195E+04  1.4186E+03  0.0000E+00 -2.0000E-03   1   5
 -3.9317E-05  2.4580E-05 -1.7052E-04  1.7899E+03  1.5244E+04 -1.9748E+03  0.0000E+00 -2.0000E-03   1   5
 -5.3113E-05  8.5336E-06 -7.3653E-04  2.6969E+02  6.5278E+03  2.4845E+03  0.0000E+00 -2.0000E-03   1   5
 -6.8568E-05 -7.1172E-06 -1.8129E-03 -1.2278E+03  3.3534E+03 -1.0323E+03  0.0000E+00 -2.0000E-03   1   5
 -8.6918E-05 -2.2975E-05  2.3691E-03 -2.7847E+03  8.6741E+02  5.6784E+02  0.0000E+00 -2.0000E-03   1   5
 -1.1113E-04 -3.9701E-05  8.0890E-04 -4.5101E+03 -1.4738E+03 -3.3543E+03  0.0000E+00 -2.0000E-03   1   5
 -1.5345E-04 -5.8245E-05  2.1969E-04 -6.6201E+03 -4.0067E+03  3.2375E+03  0.0000E+00 -2.0000E-03   1   5
  1.4809E-04 -8.0395E-05 -2.9589E-04 -9.3449E+03 -7.3554E+03 -6.1849E+02  0.0000E+00 -2.0000E-03   1   5
  1.0577E-04 -1.1094E-04 -9.0433E-04  1.2621E+04  1.2010E+04  9.7854E+02  0.0000E+00 -2.0000E-03   1   5
  8.1562E-05 -1.8498E-04  1.6643E-03  7.6875E+03  5.8268E+03 -2.5663E+03  0.0000E+00 -2.0000E-03   1   5
  6.3211E-05  1.1724E-04  6.7456E-04  5.2239E+03  3.0811E+03  1.9081E+03  0.0000E+00 -2.0000E-03   1   5
  4.7756E-05  8.2975E-05  1.1603E-04  3.3533E+03  6.2288E+02 -1.4769E+03  0.0000E+00 -2.0000E-03   1   5
  3.3960E-05  5.9528E-05 -4.0368E-04  1.7325E+03 -1.7299E+03  1.7147E+02  0.0000E+00 -2.0000E-03   1   5
  2.1161E-05  4.0361E-05 -1.0654E-03  2.1902E+02 -4.3253E+03 -4.8034E+03  0.0000E+00 -2.0000E-03   1   5
  8.9353E-06  2.3317E-05  1.3535E-03 -1.2765E+03 -7.9139E+03  5.1587E+03  0.0000E+00 -2.0000E-03   1   5
 -3.0291E-06  7.3236E-06  5.5128E-04 -2.8358E+03  1.0530E+04 -1.2268E+02  0.0000E+00 -2.0000E-03   1   5
 -1.5001E-05 -8.3220E-06  1.3699E-05 -4.5697E+03  5.4760E+03  1.5355E+03  0.0000E+00 -2.0000E-03   1   5
 -2.7251E-05 -2.4221E-05 -5.1606E-04 -6.6975E+03  2.5958E+03 -1.8434E+03  0.0000E+00 -2.0000E-03   1   5
 -4.0096E-05 -4.1047E-05 -1.2583E-03 -9.9580E+03  1.8701E+02  2.6503E+03  0.0000E+00 -2.0000E-03   1   5
 -5.3968E-05 -5.9789E-05  1.1349E-03  1.1644E+04 -2.1741E+03 -9.2677E+02  0.0000E+00 -2.0000E-03   1   5
 -6.9550E-05 -8.2343E-05  4.3579E-04  7.2505E+03 -4.8468E+03  6.6867E+02  0.0000E+00 -2.0000E-03   1   5
 -8.8135E-05 -1.1400E-04 -8.8365E-05  4.8685E+03 -8.7638E+03 -3.1277E+03  0.0000E+00 -2.0000E-03   1   5
 -1.1287E-04 -2.0561E-04 -6.3496E-04  3.0189E+03  9.2330E+03  3.4787E+03  0.0000E+00 -2.0000E-03   1   5
 -1.5763E-04  2.6698E-04 -1.5110E-03  1.3775E+03  5.2396E+03 -5.1779E+02  0.0000E+00 -2.0000E-03   1   5
  1.4427E-04  1.1356E-04  9.5938E-04  2.2352E+02  2.3537E+03  1.0858E+03  0.0000E+00 -2.0000E-03   1   5
  1.0407E-04  8.0772E-05  3.2582E-04 -1.3058E+03 -4.1433E+01 -2.4056E+03  0.0000E+00 -2.0000E-03   1   5
  8.0364E-05  5.7819E-05 -1.9120E-04 -2.8889E+03 -2.4250E+03  2.0419E+03  0.0000E+00 -2.0000E-03   1   5
  6.2238E-05  3.8887E-05 -7.6305E-04 -4.6536E+03 -5.1839E+03 -1.3619E+03  0.0000E+00 -2.0000E-03   1   5
  4.6907E-05  2.1963E-05 -1.9200E-03 -6.8413E+03 -9.5148E+03  2.6953E+02  0.0000E+00 -2.0000E-03   1   5
  3.3185E-05  6.0227E-06  2.1295E-03 -1.0318E+04  8.5216E+03 -4.2934E+03  0.0000E+00 -2.0000E-03   1   5
  2.0429E-05 -9.6212E-06  7.8094E-04  1.1077E+04  4.5652E+03  4.0930E+03  0.0000E+00 -2.0000E-03   1   5
  8.2270E-06 -2.5569E-05  1.9880E-04  7.0836E+03  1.8862E+03 -3.1920E+02  0.0000E+00 -2.0000E-03   1   5
 -3.7305E-06 -4.2509E-05 -3.1716E-04  4.7827E+03 -4.7569E+02  1.3053E+03  0.0000E+00 -2.0000E-03   1   5
 -1.5711E-05 -6.1474E-05 -9.3468E-04  2.9769E+03 -2.8819E+03 -2.1111E+03  0.0000E+00 -2.0000E-03   1   5
 -2.7987E-05 -8.4495E-05  1.5895E-03  1.3852E+03 -5.7512E+03  2.3288E+03  0.0000E+00 -2.0000E-03   1   5
 -4.0878E-05 -1.1748E-04  6.4914E-04 -1.1929E+02 -1.0709E+04 -1.1401E+03  0.0000E+00 -2.0000E-03   1   5
 -5.4828E-05  2.0007E-04  9.5493E-05 -1.6220E+03  7.9345E+03  4.6769E+02  0.0000E+00 -2.0000E-03   1   5
 -7.0543E-05  1.1035E-04 -4.2573E-04 -3.2075E+03  4.2448E+03 -3.6127E+03  0.0000E+00 -2.0000E-03   1   5
 -8.9371E-05  7.8779E-05 -1.1008E-03 -4.9987E+03  1.6291E+03  3.0231E+03  0.0000E+00 -2.0000E-03   1   5
 -1.1468E-04  5.6256E-05  1.3048E-03 -7.2595E+03 -7.2424E+02 -7.1980E+02  0.0000E+00 -2.0000E-03   1   5
 -1.6228E-04  3.7530E-05  5.2764E-04 -1.1035E+04 -3.1639E+03  8.7401E+02  0.0000E+00 -2.0000E-03   1   5
  1.4076E-04  2.0712E-05 -6.7027E-06  1.0659E+04 -6.1570E+03 -2.7382E+03  0.0000E+00 -2.0000E-03   1   5
  1.0242E-04  4.8165E-06 -5.3924E-04  6.9459E+03 -1.2092E+04  1.7792E+03  0.0000E+00 -2.0000E-03   1   5
  7.9185E-05 -1.0829E-05 -1.3026E-03  4.6991E+03  7.1008E+03 -1.5953E+03  0.0000E+00 -2.0000E-03   1   5
  6.1275E-05 -2.6827E-05  1.0971E-03  2.9138E+03  3.7259E+03  7.3401E+01  0.0000E+00 -2.0000E-03   1   5
  4.6063E-05 -4.3879E-05  4.1341E-04  1.3310E+03  1.1861E+03 -5.6656E+03  0.0000E+00 -2.0000E-03   1   5
  3.2412E-05 -6.3063E-05 -1.0884E-04 -1.7083E+02 -1.1577E+03  5.6656E+03  0.0000E+00 -2.0000E-03   1   5
  1.9699E-05 -8.6548E-05 -6.5973E-04 -1.6758E+03 -3.6433E+03 -7.3475E+01  0.0000E+00 -2.0000E-03   1   5
  7.5195E-06 -1.2092E-04 -1.5742E-03 -3.2697E+03 -6.8083E+03  1.5950E+03  0.0000E+00 -2.0000E-03   1   5
 -4.4321E-06  1.8039E-04  9.2765E-04 -5.0807E+03 -1.4639E+04 -1.7801E+03  0.0000E+00 -2.0000E-03   1   5
 -1.6422E-05  1.0730E-04  3.0434E-04 -7.3945E+03  1.4615E+04  2.7374E+03  0.0000E+00 -2.0000E-03   1   5
 -2.8724E-05  7.6834E-05 -2.1195E-04 -1.1453E+04  6.5055E+03 -8.7459E+02  0.0000E+00 -2.0000E-03   1   5
 -4.1664E-05  5.4715E-05 -7.9009E-04  9.9683E+03  3.3508E+03  7.1948E+02  0.0000E+00 -2.0000E-03   1   5
 -5.5695E-05  3.6185E-05 -2.0539E-03  6.5333E+03  8.6931E+02 -3.0232E+03  0.0000E+00 -2.0000E-03   1   5
 -7.1545E-05  1.9466E-05  1.9705E-03  4.3556E+03 -1.4724E+03  3.6126E+03  0.0000E+00 -2.0000E-03   1   5
 -9.0627E-05  3.6118E-06  7.5356E-04  2.5943E+03 -4.0112E+03 -4.6786E+02  0.0000E+00 -2.0000E-03   1   5
 -1.1654E-04 -1.2040E-05  1.7799E-04  1.0107E+03 -7.3858E+03  1.1397E+03  0.0000E+00 -2.0000E-03   1   5
 -1.6752E-04 -2.8090E-05 -3.3856E-04 -5.3029E+02  1.1807E+04 -2.3292E+03  0.0000E+00 -2.0000E-03   1   5
  1.3750E-04 -4.5261E-05 -9.6587E-04 -1.6816E+03  5.8706E+03  2.1110E+03  0.0000E+00 -2.0000E-03   1   5
  1.0080E-04 -6.4676E-05  1.5226E-03 -3.3164E+03  2.8753E+03 -1.3054E+03  0.0000E+00 -2.0000E-03   1   5
  7.8022E-05 -8.8656E-05  6.2413E-04 -5.1693E+03  4.3125E+02  3.1904E+02  0.0000E+00 -2.0000E-03   1   5
  6.0320E-05 -1.2459E-04  7.4999E-05 -7.5647E+03 -1.9334E+03 -4.0934E+03  0.0000E+00 -2.0000E-03   1   5
  4.5224E-05  1.6778E-04 -4.4798E-04 -1.2042E+04 -4.2770E+03  4.2928E+03  0.0000E+00 -2.0000E-03   1   5
  3.1643E-05  1.0440E-04 -1.1377E-03  9.6166E+03 -7.9445E+03 -2.7009E+02  0.0000E+00 -2.0000E-03   1   5
  1.8972E-05  7.4933E-05  1.2590E-03  6.3915E+03  1.0407E+04  1.3615E+03  0.0000E+00 -2.0000E-03   1   5
  6.8129E-06  5.3193E-05  5.0429E-04  4.2735E+03  5.4591E+03 -2.0420E+03  0.0000E+00 -2.0000E-03   1   5
 -5.1338E-06  3.4849E-05 -2.7101E-05  2.5439E+03  2.5938E+03  2.4055E+03  0.0000E+00 -2.0000E-03   1   5
 -1.7135E-05  1.8225E-05 -5.6270E-04  9.8627E+02  1.8951E+02 -1.0858E+03  0.0000E+00 -2.0000E-03   1   5
 -2.9464E-05  2.4082E-06 -1.3496E-03 -5.0898E+02 -2.1714E+03  5.1772E+02  0.0000E+00 -2.0000E-03   1   5
 -4.2454E-05 -1.3252E-05  1.0608E-03 -2.0236E+03 -4.8501E+03 -3.4789E+03  0.0000E+00 -2.0000E-03   1   5
 -5.6567E-05 -2.9361E-05  3.9124E-04 -3.6475E+03 -8.8070E+03  3.1273E+03  0.0000E+00 -2.0000E-03   1   5
 -7.2559E-05 -4.6656E-05 -1.2935E-04 -5.5247E+03  9.2283E+03 -6.6905E+02  0.0000E+00 -2.0000E-03   1   5
 -9.1905E-05 -6.6315E-05 -6.8490E-04 -8.0052E+03  4.8951E+03  9.2633E+02  0.0000E+00 -2.0000E-03   1   5
 -1.1846E-04 -9.0824E-05 -1.6440E-03 -1.3060E+04  2.1315E+03 -2.6508E+03  0.0000E+00 -2.0000E-03   1   5
 -1.7356E-04 -1.2853E-04  8.9680E-04  8.9908E+03 -2.6446E+02  1.8431E+03  0.0000E+00 -2.0000E-03   1   5
  1.3445E-04  1.5830E-04  2.8299E-04  6.3034E+03 -2.3911E+03 -1.5357E+03  0.0000E+00 -2.0000E-03   1   5
  9.9234E-05  1.0163E-04 -2.3279E-04  4.2103E+03 -5.1958E+03  1.2236E+02  0.0000E+00 -2.0000E-03   1   5
  7.6876E-05  7.3074E-05 -8.1769E-04  2.4908E+03 -9.6101E+03 -5.1590E+03  0.0000E+00 -2.0000E-03   1   5
  5.9375E-05  5.1691E-05 -2.2367E-03  9.3653E+02  8.4457E+03  4.8032E+03  0.0000E+00 -2.0000E-03   1   5
  4.4391E-05  3.3524E-05  1.8490E-03 -5.6016E+02  4.5400E+03 -1.7153E+02  0.0000E+00 -2.0000E-03   1   5
  3.0877E-05  1.6989E-05  7.2674E-04 -2.0812E+03  1.8724E+03  1.4769E+03  0.0000E+00 -2.0000E-03   1   5
  1.8245E-05  1.2056E-06  1.5727E-04 -3.7188E+03 -4.8626E+02 -1.9082E+03  0.0000E+00 -2.0000E-03   1   5
  6.1069E-06 -1.4467E-05 -3.6010E-04 -5.6262E+03 -2.8941E+03  2.5660E+03  0.0000E+00 -2.0000E-03   1   5
 -5.8356E-06 -3.0638E-05 -9.9799E-04 -8.1914E+03 -5.7745E+03 -9.7933E+02  0.0000E+00 -2.0000E-03   1   5
 -1.7848E-05 -4.8065E-05  1.4616E-03 -1.4069E+04 -1.0830E+04  6.1762E+02  0.0000E+00 -2.0000E-03   1   5
 -3.0206E-05 -6.7980E-05  5.9950E-04  8.7897E+03  7.6106E+03 -3.2378E+03  0.0000E+00 -2.0000E-03   1   5
 -4.3248E-05 -9.3058E-05  5.4541E-05  5.8918E+03  4.0153E+03  3.3542E+03  0.0000E+00 -2.0000E-03   1   5
 -5.7446E-05 -1.3280E-04 -4.7044E-04  3.8691E+03  1.4026E+03 -5.6790E+02  0.0000E+00 -2.0000E-03   1   5
 -7.3583E-05  1.5060E-04 -1.1761E-03  2.1771E+03 -6.9247E+02  1.0322E+03  0.0000E+00 -2.0000E-03   1   5
 -9.3206E-05  9.8972E-05  1.2156E-03  6.2906E+02 -3.1653E+03 -2.4846E+03  0.0000E+00 -2.0000E-03   1   5
 -1.2045E-04  7.1253E-05  4.8121E-04 -8.8053E+02 -6.1881E+03  1.9742E+03  0.0000E+00 -2.0000E-03   1   5
 -1.8074E-04  5.0207E-05 -4.7506E-05 -2.4607E+03 -1.2326E+04 -1.4193E+03  0.0000E+00 -2.0000E-03   1   5
  1.3158E-04  3.2208E-05 -5.8646E-04 -3.7489E+03  7.0491E+03  2.2047E+02  0.0000E+00 -2.0000E-03   1   5
  9.7700E-05  1.5757E-05 -1.3996E-03 -5.7181E+03  3.7053E+03 -4.5248E+03  0.0000E+00 -2.0000E-03   1   5
  7.5746E-05  3.5741E-09  1.0259E-03 -8.3989E+03  1.1747E+03  3.9166E+03  0.0000E+00 -2.0000E-03   1   5
  5.8437E-05 -1.5685E-05  3.6926E-04 -1.5807E+04 -1.1657E+03 -3.6900E+02  0.0000E+00 -2.0000E-03   1   5
  4.3563E-05 -3.1922E-05 -1.4990E-04  1.9133E+04 -3.6520E+03  1.2489E+03  0.0000E+00 -2.0000E-03   1   5
  3.0114E-05 -4.9487E-05 -7.1049E-04  8.4916E+03 -6.8280E+03 -2.1820E+03  0.0000E+00 -2.0000E-03   1   5
  1.7521E-05 -6.9673E-05 -1.7226E-03  5.7369E+03 -1.5547E+04  2.2539E+03  0.0000E+00 -2.0000E-03   1   5
  5.4017E-06 -9.5365E-05  8.6677E-04  3.7632E+03  1.3884E+04 -1.1948E+03  0.0000E+00 -2.0000E-03   1   5
 -6.5378E-06 -1.3746E-04  2.6177E-04  2.0967E+03  6.2467E+03  4.1799E+02  0.0000E+00 -2.0000E-03   1   5
 -1.8562E-05  1.4408E-04 -2.5371E-04  5.6576E+02  3.3716E+03 -3.7578E+03  0.0000E+00 -2.0000E-03   1   5
 -3.0951E-05  9.6421E-05 -8.4590E-04 -9.2683E+02  8.7216E+02  2.9238E+03  0.0000E+00 -2.0000E-03   1   5
 -4.4045E-05  6.9468E-05 -2.5450E-03 -2.4617E+03 -1.4787E+03 -7.7090E+02  0.0000E+00 -2.0000E-03   1   5
 -5.8332E-05  4.8740E-05  2.7607E-03 -4.1376E+03 -4.0300E+03  8.2234E+02  0.0000E+00 -2.0000E-03   1   5
 -7.4619E-05  3.0901E-05  8.3172E-04 -6.1311E+03 -7.4389E+03 -2.8291E+03  0.0000E+00 -2.0000E-03   1   5
 -9.4530E-05  1.4530E-05  2.3647E-04 -8.9393E+03  1.1590E+04  1.7167E+03  0.0000E+00 -2.0000E-03   1   5
 -1.2251E-04 -1.1981E-06 -2.7897E-04  1.4853E+04  5.8349E+03 -1.6561E+03  0.0000E+00 -2.0000E-03   1   5
 -1.8968E-04 -1.6906E-05 -8.8062E-04  7.9309E+03  2.8627E+03  2.4329E+01  0.0000E+00 -2.0000E-03   1   5
  1.2887E-04 -3.3214E-05  1.7314E-03  5.6635E+03  4.3037E+02 -6.6502E+03  0.0000E+00 -2.0000E-03   1   5
  9.6202E-05 -5.0924E-05  6.9521E-04  3.7062E+03 -1.9204E+03  7.2141E+03  0.0000E+00 -2.0000E-03   1   5
  7.4631E-05 -7.1397E-05  1.3250E-04  2.0464E+03 -4.5369E+03 -1.2285E+01  0.0000E+00 -2.0000E-03   1   5
  5.7508E-05 -9.7749E-05 -3.8617E-04  5.1668E+02 -8.2150E+03  1.6708E+03  0.0000E+00 -2.0000E-03   1   5
  4.2739E-05 -1.4263E-04 -1.0379E-03 -9.7903E+02  1.0053E+04 -1.7018E+03  0.0000E+00 -2.0000E-03   1   5
  2.9354E-05  1.3838E-04  1.3949E-03 -2.5223E+03  5.4627E+03  2.8522E+03  0.0000E+00 -2.0000E-03   1   5
  1.6798E-05  9.3964E-05  5.7041E-04 -4.2157E+03  2.5920E+03 -8.0953E+02  0.0000E+00 -2.0000E-03   1   5
  4.6970E-06  6.7717E-05  3.0027E-05 -6.2484E+03  1.8381E+02  7.8366E+02  0.0000E+00 -2.0000E-03   1   5
 -7.2402E-06  4.7290E-05 -4.9769E-04 -9.1842E+03 -2.1834E+03 -2.8999E+03  0.0000E+00 -2.0000E-03   1   5
 -1.9278E-05  2.9602E-05 -1.2245E-03  1.3422E+04 -4.8759E+03  3.7957E+03  0.0000E+00 -2.0000E-03   1   5
 -3.1698E-05  1.3306E-05  1.1663E-03  7.8142E+03 -8.8882E+03 -4.0595E+02  0.0000E+00 -2.0000E-03   1   5
 -4.4847E-05 -2.3996E-06  4.5385E-04  5.2741E+03  9.1315E+03  1.2079E+03  0.0000E+00 -2.0000E-03   1   5
 -5.9224E-05 -1.8131E-05 -7.2011E-05  3.3738E+03  4.8714E+03 -2.2361E+03  0.0000E+00 -2.0000E-03   1   5
 -7.5667E-05 -3.4514E-05 -6.1539E-04  1.7362E+03  2.1285E+03  2.1998E+03  0.0000E+00 -2.0000E-03   1   5
 -9.5880E-05 -5.2377E-05 -1.4643E-03  2.0928E+02 -2.4773E+02 -1.2358E+03  0.0000E+00 -2.0000E-03   1   5
 -1.2466E-04 -7.3153E-05  9.8546E-04 -1.3033E+03 -2.6362E+03  3.8088E+02  0.0000E+00 -2.0000E-03   1   5
 -2.0174E-04 -1.0022E-04  3.4312E-04 -2.9273E+03 -5.4304E+03 -3.8756E+03  0.0000E+00 -2.0000E-03   1   5
  1.2631E-04 -1.4843E-04 -1.7465E-04 -4.2576E+03 -9.9388E+03  4.5890E+03  0.0000E+00 -2.0000E-03   1   5
  9.4737E-05  1.3330E-04 -7.4179E-04 -6.3601E+03  8.4025E+03 -2.0853E+02  0.0000E+00 -2.0000E-03   1   5
  7.3531E-05  9.1592E-05 -1.8327E-03 -9.4639E+03  4.5279E+03  1.4332E+03  0.0000E+00 -2.0000E-03   1   5
  5.6587E-05  6.5998E-05  2.3100E-03  1.2485E+04  1.8641E+03 -1.9580E+03  0.0000E+00 -2.0000E-03   1   5
  4.1920E-05  4.5854E-05  8.0325E-04  7.6180E+03 -4.9606E+02  2.5046E+03  0.0000E+00 -2.0000E-03   1   5
  2.8597E-05  2.8311E-05  2.1550E-04  5.1679E+03 -2.9099E+03 -1.0190E+03  0.0000E+00 -2.0000E-03   1   5
  1.6077E-05  1.2085E-05 -3.0013E-04  3.3035E+03 -5.8079E+03  5.8034E+02  0.0000E+00 -2.0000E-03   1   5
  3.9929E-06 -3.6012E-06 -9.1034E-04  1.6860E+03 -1.0982E+04 -3.3247E+03  0.0000E+00 -2.0000E-03   1   5
 -7.9429E-06 -1.9359E-05  1.6486E-03  1.7401E+02  7.5544E+03  3.2660E+03  0.0000E+00 -2.0000E-03   1   5
 -1.9995E-05 -3.5823E-05  6.6944E-04 -1.3215E+03  4.0050E+03 -6.0564E+02  0.0000E+00 -2.0000E-03   1   5
 -3.2447E-05 -5.3847E-05  1.1192E-04 -2.8823E+03  1.4201E+03  9.9235E+02  0.0000E+00 -2.0000E-03   1   5
 -4.5652E-05 -7.4943E-05 -4.0807E-04 -4.6196E+03 -9.2943E+02 -2.5455E+03  0.0000E+00 -2.0000E-03   1   5
 -6.0123E-05 -1.0279E-04 -1.0723E-03 -6.7549E+03 -3.3879E+03  1.9245E+03  0.0000E+00 -2.0000E-03   1   5
 -7.6728E-05 -1.5511E-04  1.3435E-03 -1.0038E+04 -6.4525E+03 -1.4626E+03  0.0000E+00 -2.0000E-03   1   5
 -9.7256E-05  1.2871E-04  5.4653E-04  1.1531E+04 -1.2557E+04  1.8318E+02  0.0000E+00 -2.0000E-03   1   5
 -1.2689E-04  8.9297E-05  9.6177E-06  7.1623E+03  7.0105E+03 -4.7283E+03  0.0000E+00 -2.0000E-03   1   5
 -2.2109E-04  6.4309E-05 -5.2067E-04  4.7020E+03  3.6899E+03  5.2663E+03  0.0000E+00 -2.0000E-03   1   5
  2.8324E-04  4.4434E-05 -1.2670E-03  3.4514E+03  1.1639E+03 -1.1021E+02  0.0000E+00 -2.0000E-03   1   5
  1.2372E-04  2.7028E-05  1.1272E-03  1.6819E+03 -1.1776E+03  1.5504E+03  0.0000E+00 -2.0000E-03   1   5
  9.3220E-05  1.0867E-05  4.3130E-04  1.5379E+02 -3.6708E+03 -1.8273E+03  0.0000E+00 -2.0000E-03   1   5
  7.2381E-05 -4.8033E-06 -9.2457E-05 -1.3540E+03 -6.8712E+03  2.6719E+03  0.0000E+00 -2.0000E-03   1   5
  5.5619E-05 -2.0592E-05 -6.3988E-04 -2.9302E+03 -1.6450E+04 -9.1393E+02  0.0000E+00 -2.0000E-03   1   5
  4.1058E-05 -3.7140E-05 -1.5232E-03 -4.6932E+03  1.3462E+04  6.8111E+02  0.0000E+00 -2.0000E-03   1   5
  2.7798E-05 -5.5334E-05  9.5296E-04 -6.8840E+03  6.2379E+03 -3.1011E+03  0.0000E+00 -2.0000E-03   1   5
  1.5315E-05 -7.6770E-05  3.2151E-04 -1.0381E+04  3.1321E+03  3.5111E+03  0.0000E+00 -2.0000E-03   1   5
  3.2480E-06 -1.0546E-04 -1.9534E-04  1.1004E+04  6.5491E+02 -5.0548E+02  0.0000E+00 -2.0000E-03   1   5
 -8.6874E-06 -1.6303E-04 -7.6842E-04  7.0420E+03 -1.7224E+03  1.0991E+03  0.0000E+00 -2.0000E-03   1   5
 -2.0756E-05  1.2450E-04 -1.9442E-03  4.7473E+03 -4.0234E+03 -2.3863E+03  0.0000E+00 -2.0000E-03   1   5
 -3.3243E-05  8.7074E-05  2.0934E-03  2.9434E+03 -7.4823E+03  2.0589E+03  0.0000E+00 -2.0000E-03   1   5
 -4.6510E-05  6.2648E-05  7.7542E-04  1.3518E+03  1.1394E+04 -1.3479E+03  0.0000E+00 -2.0000E-03   1   5
 -6.1083E-05  4.3028E-05  1.9463E-04 -1.5425E+02  5.8001E+03  2.8204E+02  0.0000E+00 -2.0000E-03   1   5
 -7.7864E-05  2.5752E-05 -3.2143E-04 -1.6605E+03  2.8460E+03 -4.2406E+03  0.0000E+00 -2.0000E-03   1   5
 -9.8744E-05  9.6526E-06 -9.4085E-04 -3.2529E+03  4.1897E+02  4.1408E+03  0.0000E+00 -2.0000E-03   1   5
 -1.2936E-04 -6.0061E-06  1.5756E-03 -5.0597E+03 -1.9317E+03 -3.0680E+02  0.0000E+00 -2.0000E-03   1   5
  2.1419E-04 -2.1829E-05  6.4411E-04 -6.9108E+03 -4.5546E+03  1.3193E+03  0.0000E+00 -2.0000E-03   1   5
  1.2140E-04 -3.8467E-05  9.1391E-05 -1.0763E+04 -8.2678E+03 -2.0940E+03  0.0000E+00 -2.0000E-03   1   5
  9.1818E-05 -5.6839E-05 -4.3017E-04  1.0557E+04  9.9597E+03  2.3474E+03  0.0000E+00 -2.0000E-03   1   5
  7.1308E-05 -7.8636E-05 -1.1081E-03  6.8891E+03  5.2131E+03 -1.1264E+03  0.0000E+00 -2.0000E-03   1   5
  5.4713E-05 -1.0825E-04  1.2954E-03  4.6556E+03  2.3709E+03  4.8022E+02  0.0000E+00 -2.0000E-03   1   5
  4.0248E-05 -1.7288E-04  5.2295E-04  2.8765E+03 -6.5540E+01 -3.5783E+03  0.0000E+00 -2.0000E-03   1   5
  2.7046E-05  1.2060E-04 -1.0782E-05  1.2971E+03 -2.1717E+03  3.0487E+03  0.0000E+00 -2.0000E-03   1   5
  1.4596E-05  8.4915E-05 -5.4391E-04 -2.0310E+02 -4.8917E+03 -7.0700E+02  0.0000E+00 -2.0000E-03   1   5
  2.5448E-06  6.1014E-05 -1.3118E-03 -1.7077E+03 -8.9682E+03  8.8712E+02  0.0000E+00 -2.0000E-03   1   5
 -9.3910E-06  4.1635E-05  1.0898E-03 -3.3025E+03  9.0383E+03 -2.7160E+03  0.0000E+00 -2.0000E-03   1   5
 -2.1476E-05  2.4483E-05  4.0896E-04 -5.1162E+03  4.8436E+03  1.7953E+03  0.0000E+00 -2.0000E-03   1   5
 -3.3998E-05  8.4405E-06 -1.1294E-04 -7.4372E+03  2.1143E+03 -1.5803E+03  0.0000E+00 -2.0000E-03   1   5
 -4.7325E-05 -7.2098E-06 -6.6474E-04 -1.1530E+04 -2.5702E+02  8.5442E+01  0.0000E+00 -2.0000E-03   1   5
 -6.1997E-05 -2.3070E-05 -1.5876E-03  9.9040E+03 -2.6449E+03 -5.5167E+03  0.0000E+00 -2.0000E-03   1   5
 -7.8952E-05 -3.9804E-05  9.2141E-04  6.4862E+03 -5.4454E+03  5.8380E+03  0.0000E+00 -2.0000E-03   1   5
 -1.0018E-04 -5.8363E-05  3.0006E-04  4.3077E+03 -1.0011E+04 -6.1432E+01  0.0000E+00 -2.0000E-03   1   5
 -1.3181E-04 -8.0543E-05 -2.1611E-04  2.5345E+03  8.1137E+03  1.6100E+03  0.0000E+00 -2.0000E-03   1   5
  1.9554E-04 -1.1117E-04 -7.9556E-04  1.3500E+03  4.2970E+03 -1.7639E+03  0.0000E+00 -2.0000E-03   1   5
  1.1917E-04 -1.8620E-04 -2.0854E-03 -2.1942E+02  1.6029E+03  2.7604E+03  0.0000E+00 -2.0000E-03   1   5
  9.0443E-05  1.1697E-04  1.9439E-03 -1.7472E+03 -4.8366E+02 -8.6126E+02  0.0000E+00 -2.0000E-03   1   5
  7.0248E-05  8.2816E-05  7.4816E-04 -3.3648E+03 -2.9161E+03  7.3243E+02  0.0000E+00 -2.0000E-03   1   5
  5.3815E-05  5.9405E-05  1.7384E-04 -5.2133E+03 -5.8380E+03 -2.9980E+03  0.0000E+00 -2.0000E-03   1   5
  3.9443E-05  4.0255E-05 -3.4285E-04 -7.6121E+03 -1.1143E+04  3.6475E+03  0.0000E+00 -2.0000E-03   1   5
  2.6297E-05  2.3220E-05 -9.7222E-04 -1.2131E+04  7.4949E+03 -4.5576E+02  0.0000E+00 -2.0000E-03   1   5
  1.3879E-05  7.2306E-06  1.5099E-03  9.5592E+03  3.9832E+03  1.1532E+03  0.0000E+00 -2.0000E-03   1   5
  1.8421E-06 -8.4148E-06  6.1918E-04  6.3521E+03  1.4096E+03 -2.3102E+03  0.0000E+00 -2.0000E-03   1   5
 -1.0095E-05 -2.4317E-05  7.0905E-05  4.2391E+03 -9.3446E+02  2.1285E+03  0.0000E+00 -2.0000E-03   1   5
 -2.2197E-05 -4.1151E-05 -4.5246E-04  2.5114E+03 -3.3895E+03 -1.2914E+03  0.0000E+00 -2.0000E-03   1   5
 -3.4755E-05 -5.9908E-05 -1.1452E-03  9.5403E+02 -6.4477E+03  3.3135E+02  0.0000E+00 -2.0000E-03   1   5
 -4.8144E-05 -8.2495E-05  1.2501E-03 -5.4224E+02 -1.3059E+04 -4.0476E+03  0.0000E+00 -2.0000E-03   1   5
 -6.2919E-05 -1.1424E-04  4.9965E-04 -2.0594E+03  6.7543E+03  4.3475E+03  0.0000E+00 -2.0000E-03   1   5
 -8.0053E-05 -2.0788E-04 -3.1182E-05 -3.6880E+03  3.4055E+03 -2.5753E+02  0.0000E+00 -2.0000E-03   1   5
 -1.0165E-04  2.5088E-04 -5.6743E-04 -5.5746E+03  1.2892E+03  1.3760E+03  0.0000E+00 -2.0000E-03   1   5
 -1.3439E-04  1.1331E-04 -1.3593E-03 -8.0782E+03 -1.1531E+03 -2.0250E+03  0.0000E+00 -2.0000E-03   1   5
  1.8373E-04  8.0617E-05  1.0537E-03 -1.2806E+04 -3.6673E+03  2.4247E+03  0.0000E+00 -2.0000E-03   1   5
  1.1703E-04  5.7698E-05  3.8683E-04  9.2841E+03 -6.9006E+03 -1.0726E+03  0.0000E+00 -2.0000E-03   1   5
  8.9095E-05  3.8782E-05 -1.3345E-04  6.2328E+03 -1.7918E+04  5.2955E+02  0.0000E+00 -2.0000E-03   1   5
  6.9201E-05  2.1867E-05 -6.8999E-04  4.1613E+03  2.1480E+04 -3.4479E+03  0.0000E+00 -2.0000E-03   1   5
  5.2923E-05  5.9299E-06 -1.6590E-03  2.4507E+03  6.7592E+03  3.1543E+03  0.0000E+00 -2.0000E-03   1   5
  3.8641E-05 -9.7141E-06  8.9073E-04  9.0082E+02  3.5084E+03 -6.5617E+02  0.0000E+00 -2.0000E-03   1   5
  2.5550E-05 -2.5665E-05  2.7874E-04 -5.9362E+02  1.0020E+03  9.3961E+02  0.0000E+00 -2.0000E-03   1   5
  1.3164E-05 -4.2614E-05 -2.3696E-04 -2.1139E+03 -1.3389E+03 -2.6291E+03  0.0000E+00 -2.0000E-03   1   5
  1.1397E-06 -6.1596E-05 -8.2328E-04 -3.7524E+03 -3.8499E+03  1.8593E+03  0.0000E+00 -2.0000E-03   1   5
 -1.0800E-05 -8.4651E-05 -2.2835E-03 -5.6628E+03 -7.1150E+03 -1.5210E+03  0.0000E+00 -2.0000E-03   1   5
 -2.2920E-05 -1.1774E-04  1.8277E-03 -8.2371E+03  1.2932E+04  1.3423E+02  0.0000E+00 -2.0000E-03   1   5
 -3.5516E-05  1.9807E-04  7.2143E-04 -1.4214E+04  6.3630E+03 -5.0605E+03  0.0000E+00 -2.0000E-03   1   5
 -4.8968E-05  1.1011E-04  1.5314E-04  8.7369E+03  3.2275E+03  4.8831E+03  0.0000E+00 -2.0000E-03   1   5
 -6.3849E-05  7.8628E-05 -3.6443E-04  5.8497E+03  7.5509E+02 -1.5929E+02  0.0000E+00 -2.0000E-03   1   5
 -8.1169E-05  5.6137E-05 -1.0045E-03  3.8275E+03 -1.5937E+03  1.4914E+03  0.0000E+00 -2.0000E-03   1   5
 -1.0315E-04  3.7426E-05  1.4501E-03  2.1307E+03 -4.1621E+03 -1.8918E+03  0.0000E+00 -2.0000E-03   1   5
 -1.3710E-04  2.0616E-05  5.9462E-04  5.6729E+02 -7.6435E+03  2.5868E+03  0.0000E+00 -2.0000E-03   1   5
  1.7492E-04  4.7238E-06  5.0453E-05 -5.5993E+02  1.1093E+04 -9.6619E+02  0.0000E+00 -2.0000E-03   1   5
  1.1497E-04 -1.0922E-05 -4.7496E-04 -2.1403E+03  5.6734E+03  6.3077E+02  0.0000E+00 -2.0000E-03   1   5
  8.7772E-05 -2.6924E-05 -1.1840E-03 -3.8127E+03  2.7420E+03 -3.2095E+03  0.0000E+00 -2.0000E-03   1   5
  6.8166E-05 -4.3985E-05  1.2072E-03 -5.7693E+03  3.1977E+02  3.3846E+03  0.0000E+00 -2.0000E-03   1   5
  5.2038E-05 -6.3187E-05  4.7663E-04 -8.4537E+03 -2.0359E+03 -5.5545E+02  0.0000E+00 -2.0000E-03   1   5
  3.7844E-05 -8.6708E-05 -5.1588E-05 -1.6076E+04 -4.6774E+03  1.0450E+03  0.0000E+00 -2.0000E-03   1   5
  2.4806E-05 -1.2120E-04 -5.9125E-04  1.8290E+04 -8.4571E+03 -2.4654E+03  0.0000E+00 -2.0000E-03   1   5
  1.2449E-05  1.7926E-04 -1.4100E-03  8.4424E+03  9.9772E+03  1.9907E+03  0.0000E+00 -2.0000E-03   1   5
  4.3765E-07  1.0707E-04  1.0190E-03  5.6993E+03  5.2928E+03 -1.4047E+03  0.0000E+00 -2.0000E-03   1   5
 -1.1505E-05  7.6686E-05  3.6489E-04  3.7296E+03  2.4678E+03  2.3284E+02  0.0000E+00 -2.0000E-03   1   5
 -2.3645E-05  5.4597E-05 -1.5402E-04  2.0645E+03  7.1532E+01 -4.4632E+03  0.0000E+00 -2.0000E-03   1   5
 -3.6279E-05  3.6082E-05 -7.1566E-04  5.3353E+02 -2.2998E+03  3.9590E+03  0.0000E+00 -2.0000E-03   1   5
 -4.9797E-05  1.9371E-05 -1.7396E-03 -9.6035E+02 -5.0184E+03 -3.5619E+02  0.0000E+00 -2.0000E-03   1   5
 -6.4787E-05  3.5192E-06  8.6086E-04 -2.4981E+03 -9.1575E+03  1.2633E+03  0.0000E+00 -2.0000E-03   1   5
 -8.2300E-05 -1.2133E-05  2.5754E-04 -4.1793E+03  8.8488E+03 -2.1642E+03  0.0000E+00 -2.0000E-03   1   5
 -1.0468E-04 -2.8188E-05 -2.5791E-04 -6.1835E+03  4.7273E+03  2.2727E+03  0.0000E+00 -2.0000E-03   1   5
 -1.3998E-04 -4.5368E-05 -8.5162E-04 -9.0207E+03  2.0119E+03 -1.1809E+03  0.0000E+00 -2.0000E-03   1   5
  1.6782E-04 -6.4801E-05 -2.6473E-03  1.5000E+04 -3.5938E+02  4.3006E+02  0.0000E+00 -2.0000E-03   1   5
  1.1299E-04 -8.8820E-05  2.6217E-03  8.2445E+03 -2.7584E+03 -3.7205E+03  0.0000E+00 -2.0000E-03   1   5
  8.6473E-05 -1.2489E-04  8.2597E-04  5.5979E+03 -5.5925E+03  2.9481E+03  0.0000E+00 -2.0000E-03   1   5
  6.7142E-05  1.6697E-04  2.3227E-04  3.6590E+03 -9.9966E+03 -7.5828E+02  0.0000E+00 -2.0000E-03   1   5
  5.1159E-05  1.0418E-04 -2.8319E-04  2.0071E+03  8.1468E+03  8.3519E+02  0.0000E+00 -2.0000E-03   1   5
  3.7051E-05  7.4789E-05 -8.8650E-04  4.8139E+02  4.3845E+03 -2.8059E+03  0.0000E+00 -2.0000E-03   1   5
  2.4064E-05  5.3077E-05  1.7139E-03 -1.0124E+03  1.7476E+03  1.7326E+03  0.0000E+00 -2.0000E-03   1   5
  1.1736E-05  3.4747E-05  6.9002E-04 -2.5553E+03 -6.0684E+02 -1.6404E+03  0.0000E+00 -2.0000E-03   1   5
 -2.6420E-07  1.8130E-05  1.2838E-04 -4.2498E+03 -3.0301E+03  3.6670E+01  0.0000E+00 -2.0000E-03   1   5
 -1.2211E-05  2.3157E-06 -3.9053E-04 -6.2866E+03 -5.9666E+03 -6.3014E+03  0.0000E+00 -2.0000E-03   1   5
 -2.4371E-05 -1.3345E-05 -1.0447E-03 -9.2359E+03 -1.1428E+04  6.3009E+03  0.0000E+00 -2.0000E-03   1   5
 -3.7045E-05 -2.9459E-05  1.3843E-03  1.3295E+04  7.3438E+03 -3.7181E+01  0.0000E+00 -2.0000E-03   1   5
 -5.0630E-05 -4.6764E-05  5.6561E-04  7.7668E+03  3.8720E+03  1.6403E+03  0.0000E+00 -2.0000E-03   1   5
 -6.5733E-05 -6.6442E-05  2.5944E-05  5.2332E+03  1.3054E+03 -1.7327E+03  0.0000E+00 -2.0000E-03   1   5
 -8.3447E-05 -9.0994E-05 -5.0227E-04  3.3323E+03 -1.0449E+03  2.8058E+03  0.0000E+00 -2.0000E-03   1   5
 -1.0625E-04 -1.2885E-04 -1.2328E-03  1.6890E+03 -3.5244E+03 -8.3536E+02  0.0000E+00 -2.0000E-03   1   5
 -1.4304E-04  1.5765E-04  1.1583E-03  1.4391E+02 -6.3518E+03  7.5798E+02  0.0000E+00 -2.0000E-03   1   5
  1.6183E-04  1.0142E-04  4.4932E-04 -9.9281E+02 -1.3321E+04 -2.9486E+03  0.0000E+00 -2.0000E-03   1   5
  1.1107E-04  7.2932E-05 -7.6098E-05 -2.5880E+03  1.7462E+04  3.7197E+03  0.0000E+00 -2.0000E-03   1   5
  8.5196E-05  5.1576E-05 -6.2026E-04 -4.3191E+03  6.7148E+03 -4.3062E+02  0.0000E+00 -2.0000E-03   1   5
  6.6129E-05  3.3422E-05 -1.4757E-03 -6.4121E+03  3.4894E+03  1.1806E+03  0.0000E+00 -2.0000E-03   1   5
  5.0287E-05  1.6894E-05  9.7888E-04 -9.5253E+03  9.8980E+02 -2.2730E+03  0.0000E+00 -2.0000E-03   1   5
  3.6261E-05  1.1131E-06  3.3879E-04  1.2383E+04 -1.3502E+03  2.1637E+03  0.0000E+00 -2.0000E-03   1   5
  2.3324E-05 -1.4561E-05 -1.7878E-04  7.5724E+03 -3.8660E+03 -1.2636E+03  0.0000E+00 -2.0000E-03   1   5
  1.1024E-05 -3.0736E-05 -7.4708E-04  5.1312E+03 -7.1540E+03  3.5600E+02  0.0000E+00 -2.0000E-03   1   5
 -9.6588E-07 -4.8173E-05 -1.8533E-03  3.2703E+03  1.2635E+04 -3.9594E+03  0.0000E+00 -2.0000E-03   1   5
 -1.2918E-05 -6.8109E-05  2.2578E-03  1.6543E+03  6.0636E+03  4.4631E+03  0.0000E+00 -2.0000E-03   1   5
 -2.5099E-05 -9.3233E-05  7.9764E-04  1.4247E+02  3.0032E+03 -2.3291E+02  0.0000E+00 -2.0000E-03   1   5
 -3.7814E-05 -1.3314E-04  2.1132E-04 -1.3539E+03  5.2963E+02  1.4046E+03  0.0000E+00 -2.0000E-03   1   5
 -5.1469E-05  1.5006E-04 -3.0438E-04 -2.9170E+03 -1.5634E+03 -1.9911E+03  0.0000E+00 -2.0000E-03   1   5
 -6.6688E-05  9.8772E-05 -9.1638E-04 -4.6588E+03 -4.1682E+03  2.4645E+03  0.0000E+00 -2.0000E-03   1   5
 -8.4610E-05  7.1114E-05  1.6333E-03 -6.8029E+03 -7.6950E+03 -1.0458E+03  0.0000E+00 -2.0000E-03   1   5
 -1.0787E-04  5.0094E-05  6.6434E-04 -1.0111E+04  1.0924E+04  5.5488E+02  0.0000E+00 -2.0000E-03   1   5
 -1.4632E-04  3.2107E-05  1.0781E-04  1.1413E+04  5.6391E+03 -3.3850E+03  0.0000E+00 -2.0000E-03   1   5
  1.5663E-04  1.5663E-05 -4.1248E-04  7.4583E+03  2.7256E+03  3.2093E+03  0.0000E+00 -2.0000E-03   1   5
  1.0921E-04 -8.8869E-08 -1.0794E-03  5.0577E+03  3.0929E+02 -6.3089E+02  0.0000E+00 -2.0000E-03   1   5
  8.3941E-05 -1.5779E-05  1.3337E-03  3.2130E+03 -2.0453E+03  9.6591E+02  0.0000E+00 -2.0000E-03   1   5
  6.5127E-05 -3.2021E-05  5.4179E-04  1.6033E+03 -4.6917E+03 -2.5869E+03  0.0000E+00 -2.0000E-03   1   5
  4.9421E-05 -4.9597E-05  5.5372E-06  9.2231E+01 -8.5042E+03  1.8917E+03  0.0000E+00 -2.0000E-03   1   5
  3.5475E-05 -6.9805E-05 -5.2530E-04 -1.4080E+03  9.6159E+03 -1.4917E+03  0.0000E+00 -2.0000E-03   1   5
  2.2587E-05 -9.5545E-05 -1.2758E-03 -2.9809E+03  5.0565E+03  1.5915E+02  0.0000E+00 -2.0000E-03   1   5
  1.0313E-05 -1.3784E-04  1.1196E-03 -4.7435E+03  2.2367E+03 -4.8834E+03  0.0000E+00 -2.0000E-03   1   5
 -1.6674E-06  1.4361E-04  4.2681E-04 -6.9383E+03  9.9062E+01  5.0600E+03  0.0000E+00 -2.0000E-03   1   5
 -1.3625E-05  9.6229E-05 -9.6550E-05 -1.0457E+04 -2.2993E+03 -1.3492E+02  0.0000E+00 -2.0000E-03   1   5
 -2.5829E-05  6.9332E-05 -6.4482E-04  1.0918E+04 -5.0396E+03  1.5205E+03  0.0000E+00 -2.0000E-03   1   5
 -3.8587E-05  4.8628E-05 -1.5356E-03  6.9858E+03 -9.2467E+03 -1.8596E+03  0.0000E+00 -2.0000E-03   1   5
 -5.2313E-05  3.0800E-05  9.4657E-04  4.6955E+03  8.7622E+03  2.6289E+03  0.0000E+00 -2.0000E-03   1   5
 -6.7652E-05  1.4435E-05  3.1721E-04  2.8910E+03  4.7004E+03 -9.3968E+02  0.0000E+00 -2.0000E-03   1   5
 -8.5791E-05 -1.2905E-06 -1.9949E-04  1.2950E+03  1.9990E+03  6.5613E+02  0.0000E+00 -2.0000E-03   1   5
 -1.0952E-04 -1.7000E-05 -7.7380E-04 -2.2103E+02 -3.6648E+02 -3.1544E+03  0.0000E+00 -2.0000E-03   1   5
 -1.4985E-04 -3.3314E-05 -1.9696E-03 -1.7541E+03 -2.7629E+03  3.4469E+03  0.0000E+00 -2.0000E-03   1   5
  1.5202E-04 -5.1036E-05  2.0598E-03 -2.9839E+03 -5.5974E+03 -5.3032E+02  0.0000E+00 -2.0000E-03   1   5
  1.0741E-04 -7.1531E-05  7.6992E-04 -4.8090E+03 -1.0356E+04  1.0721E+03  0.0000E+00 -2.0000E-03   1   5
  8.2706E-05 -9.7936E-05  1.9047E-04 -7.0810E+03  7.8727E+03 -2.4253E+03  0.0000E+00 -2.0000E-03   1   5
  6.4135E-05 -1.4305E-04 -3.2570E-04 -1.0877E+04  4.1419E+03  2.0246E+03  0.0000E+00 -2.0000E-03   1   5
  4.8560E-05  1.3797E-04 -9.4705E-04  1.0463E+04  1.7698E+03 -1.3763E+03  0.0000E+00 -2.0000E-03   1   5
  3.4693E-05  9.3779E-05  1.5619E-03  6.8263E+03 -6.0464E+02  2.5739E+02  0.0000E+00 -2.0000E-03   1   5
  2.1851E-05  6.7584E-05  6.3909E-04  4.6026E+03 -3.0409E+03 -4.3476E+03  0.0000E+00 -2.0000E-03   1   5
  9.6027E-06  4.7179E-05  8.7291E-05  2.8285E+03 -6.0003E+03  4.0472E+03  0.0000E+00 -2.0000E-03   1   5
 -2.3689E-06  2.9502E-05 -4.3461E-04  1.2514E+03 -1.1615E+04 -3.3169E+02  0.0000E+00 -2.0000E-03   1   5
 -1.4334E-05  1.3211E-05 -1.1154E-03 -2.4789E+02  7.2878E+03  1.2913E+03  0.0000E+00 -2.0000E-03   1   5
 -2.6561E-05 -2.4920E-06  1.2862E-03 -1.7531E+03  3.8519E+03 -2.1286E+03  0.0000E+00 -2.0000E-03   1   5
 -3.9363E-05 -1.8225E-05  5.1827E-04 -3.3500E+03  1.2974E+03  2.3101E+03  0.0000E+00 -2.0000E-03   1   5
 -5.3163E-05 -3.4614E-05 -1.4862E-05 -5.1683E+03 -1.0452E+03 -1.1535E+03  0.0000E+00 -2.0000E-03   1   5
 -6.8625E-05 -5.2490E-05 -5.4859E-04 -7.4991E+03 -3.5141E+03  4.5524E+02  0.0000E+00 -2.0000E-03   1   5
 -8.6989E-05 -7.3289E-05 -1.3211E-03 -1.1632E+04 -6.6228E+03 -3.6481E+03  0.0000E+00 -2.0000E-03   1   5
 -1.1123E-04 -1.0041E-04  1.0824E-03  9.8075E+03 -1.3906E+04  2.9973E+03  0.0000E+00 -2.0000E-03   1   5
 -1.5368E-04 -1.4891E-04  4.0452E-04  6.3812E+03  1.5884E+04 -7.3307E+02  0.0000E+00 -2.0000E-03   1   5
  1.4786E-04  1.3293E-04 -1.1704E-04  4.5716E+03  6.7015E+03  8.6113E+02  0.0000E+00 -2.0000E-03   1   5
  1.0567E-04  9.1413E-05 -6.6975E-04  2.7887E+03  3.4831E+03 -2.7604E+03  0.0000E+00 -2.0000E-03   1   5
  8.1491E-05  6.5867E-05 -1.6012E-03  1.2090E+03  9.8304E+02  1.7639E+03  0.0000E+00 -2.0000E-03   1   5
  6.3154E-05  4.5745E-05  9.1520E-04 -2.9475E+02 -1.3608E+03 -1.6102E+03  0.0000E+00 -2.0000E-03   1   5
  4.7706E-05  2.8212E-05  2.9578E-04 -1.8080E+03 -3.8860E+03  6.1170E+01  0.0000E+00 -2.0000E-03   1   5
  3.3914E-05  1.1991E-05 -2.2027E-04 -3.4196E+03 -7.2035E+03 -5.8382E+03  0.0000E+00 -2.0000E-03   1   5
  2.1118E-05 -3.6937E-06 -8.0106E-04 -5.2669E+03  1.2352E+04  5.5161E+03  0.0000E+00 -2.0000E-03   1   5
  8.8936E-06 -1.9454E-05 -2.1190E-03 -7.6706E+03  6.0294E+03 -8.5878E+01  0.0000E+00 -2.0000E-03   1   5
 -3.0703E-06 -3.5924E-05  1.9186E-03 -1.2233E+04  2.9980E+03  1.5799E+03  0.0000E+00 -2.0000E-03   1   5
 -1.5043E-05 -5.3961E-05  7.4277E-04  9.4895E+03  5.4859E+02 -1.7956E+03  0.0000E+00 -2.0000E-03   1   5
 -2.7294E-05 -7.5082E-05  1.6970E-04  6.2992E+03 -1.8012E+03  2.7157E+03  0.0000E+00 -2.0000E-03   1   5
 -4.0142E-05 -1.0299E-04 -3.4716E-04  4.1899E+03 -4.3957E+03 -8.8735E+02  0.0000E+00 -2.0000E-03   1   5
 -5.4018E-05 -1.5567E-04 -9.7860E-04  2.4622E+03 -7.9810E+03  7.0683E+02  0.0000E+00 -2.0000E-03   1   5
 -6.9608E-05  1.2837E-04  1.4975E-03  9.0238E+02  1.0793E+04 -3.0490E+03  0.0000E+00 -2.0000E-03   1   5
 -8.8207E-05  8.9124E-05  6.1424E-04 -5.9960E+02  5.6172E+03  3.5782E+03  0.0000E+00 -2.0000E-03   1   5
 -1.1298E-04  6.4180E-05  6.6812E-05 -2.1285E+03  2.7144E+03 -4.8030E+02  0.0000E+00 -2.0000E-03   1   5
 -1.5789E-04  4.4326E-05 -4.5694E-04 -3.7898E+03  2.9927E+02  1.1262E+03  0.0000E+00 -2.0000E-03   1   5
  1.4406E-04  2.6930E-05 -1.1529E-03 -5.3148E+03 -2.0588E+03 -2.3479E+03  0.0000E+00 -2.0000E-03   1   5
  1.0397E-04  1.0774E-05  1.2413E-03 -7.8349E+03 -4.7163E+03  2.0935E+03  0.0000E+00 -2.0000E-03   1   5
  8.0294E-05 -4.8958E-06  4.9503E-04 -1.3012E+04 -8.5763E+03 -1.3199E+03  0.0000E+00 -2.0000E-03   1   5
  6.2181E-05 -2.0687E-05 -3.5262E-05  9.1883E+03  9.5103E+03  3.0641E+02  0.0000E+00 -2.0000E-03   1   5
  4.6857E-05 -3.7242E-05 -5.7217E-04  6.1658E+03  5.0399E+03 -4.1409E+03  0.0000E+00 -2.0000E-03   1   5
  3.3139E-05 -5.5449E-05 -1.3692E-03  4.1056E+03  2.2551E+03  4.2405E+03  0.0000E+00 -2.0000E-03   1   5
  2.0386E-05 -7.6912E-05  1.0467E-03  2.4009E+03 -1.3340E+02 -2.8212E+02  0.0000E+00 -2.0000E-03   1   5
  8.1853E-06 -1.0567E-04  3.8243E-04  8.5417E+02 -2.5192E+03  1.3476E+03  0.0000E+00 -2.0000E-03   1   5
 -3.7718E-06 -1.6371E-04 -1.3756E-04 -6.3889E+02 -5.2991E+03 -2.0591E+03  0.0000E+00 -2.0000E-03   1   5
 -1.5753E-05  1.2419E-04 -6.9509E-04 -2.1593E+03 -9.3139E+03  2.3860E+03  0.0000E+00 -2.0000E-03   1   5
 -2.8030E-05  8.6905E-05 -1.6743E-03 -3.7995E+03  8.6897E+03 -1.0994E+03  0.0000E+00 -2.0000E-03   1   5
 -4.0924E-05  6.2521E-05  8.8470E-04 -5.7143E+03  4.6787E+03  5.0513E+02  0.0000E+00 -2.0000E-03   1   5
 -5.4879E-05  4.2920E-05  2.7449E-04 -8.2998E+03  1.9863E+03 -3.5115E+03  0.0000E+00 -2.0000E-03   1   5
 -7.0601E-05  2.5654E-05 -2.4115E-04 -1.4385E+04 -3.7791E+02  3.1005E+03  0.0000E+00 -2.0000E-03   1   5
 -8.9444E-05  9.5593E-06 -8.2890E-04  8.6599E+03 -2.7782E+03 -6.8168E+02  0.0000E+00 -2.0000E-03   1   5
 -1.1478E-04 -6.0987E-06 -2.3357E-03  5.7735E+03 -5.6271E+03  9.1327E+02  0.0000E+00 -2.0000E-03   1   5
 -1.6257E-04 -2.1924E-05  1.8071E-03  3.7210E+03 -1.0481E+04 -2.6723E+03  0.0000E+00 -2.0000E-03   1   5
  1.4056E-04 -3.8569E-05  7.1615E-04  2.3923E+03  7.8202E+03  1.8271E+03  0.0000E+00 -2.0000E-03   1   5
  1.0232E-04 -5.6956E-05  1.4900E-04  8.2480E+02  4.1548E+03 -1.5504E+03  0.0000E+00 -2.0000E-03   1   5
  7.9116E-05 -7.8781E-05 -3.6876E-04 -6.8014E+02  1.5387E+03  1.1018E+02  0.0000E+00 -2.0000E-03   1   5
  6.1218E-05 -1.0847E-04 -1.0111E-03 -2.2138E+03 -8.2193E+02 -5.2664E+03  0.0000E+00 -2.0000E-03   1   5
  4.6013E-05 -1.7375E-04  1.4387E-03 -3.8742E+03 -3.2962E+03  4.7280E+03  0.0000E+00 -2.0000E-03   1   5
  3.2367E-05  1.2031E-04  5.8975E-04 -5.8277E+03 -6.0110E+03 -1.8389E+02  0.0000E+00 -2.0000E-03   1   5
  1.9657E-05  8.4751E-05  4.6366E-05 -8.5185E+03 -1.1807E+04  1.4619E+03  0.0000E+00 -2.0000E-03   1   5
  7.4780E-06  6.0889E-05 -4.7949E-04 -1.6381E+04  7.2374E+03 -1.9252E+03  0.0000E+00 -2.0000E-03   1   5
 -4.4734E-06  4.1529E-05 -1.1919E-03  1.7654E+04  3.8319E+03  2.5448E+03  0.0000E+00 -2.0000E-03   1   5
 -1.6464E-05  2.4385E-05  1.1988E-03  8.3807E+03  1.2849E+03 -9.9252E+02  0.0000E+00 -2.0000E-03   1   5
 -2.8768E-05  8.3473E-06  4.7205E-04  5.6481E+03 -1.0568E+03  6.0554E+02  0.0000E+00 -2.0000E-03   1   5
 -4.1711E-05 -7.3025E-06 -5.5671E-05  3.6810E+03 -3.5302E+03 -3.2661E+03  0.0000E+00 -2.0000E-03   1   5
 -5.5746E-05 -2.3166E-05 -5.9605E-04  2.0154E+03 -6.6586E+03  3.3243E+03  0.0000E+00 -2.0000E-03   1   5
 -7.1605E-05 -3.9907E-05 -1.4205E-03  4.8146E+02 -1.4337E+04 -5.8082E+02  0.0000E+00 -2.0000E-03   1   5
 -9.0702E-05 -5.8482E-05  1.0122E-03 -1.0187E+03  1.5063E+04  1.0185E+03  0.0000E+00 -2.0000E-03   1   5
 -1.1665E-04 -8.0692E-05  3.6052E-04 -2.5695E+03  6.4414E+03 -2.5048E+03  0.0000E+00 -2.0000E-03   1   5
 -1.6785E-04 -1.1140E-04 -1.5814E-04 -4.2904E+03  3.2580E+03  1.9576E+03  0.0000E+00 -2.0000E-03   1   5
  1.3731E-04 -1.8746E-04 -7.2085E-04 -5.9294E+03  7.2242E+02 -1.4335E+03  0.0000E+00 -2.0000E-03   1   5
