  1.0000E-04  0.8500E+02
  0.1000E-02  0.8800E+02
  0.2000E-02  0.8900E+02
  0.3000E-02  0.8960E+02
  0.4000E-02  0.8990E+02
  0.5000E-02  0.9000E+02
  0.6000E-02  0.9000E+02
  0.7000E-02  0.9000E+02
  0.8000E-02  0.9000E+02
  0.9000E-02  0.9000E+02
  0.1000E-01  0.9000E+02
  0.1100E-01  0.9000E+02
  0.1200E-01  0.9000E+02
  0.1300E-01  0.9000E+02
  0.1400E-01  0.9000E+02
  0.1500E-01  0.9000E+02
  0.1600E-01  0.9000E+02
  0.1700E-01  0.9000E+02
  0.1800E-01  0.9000E+02
  0.1900E-01  0.9000E+02
  0.2000E-01  0.9000E+02
  0.2100E-01  0.9000E+02
  0.2200E-01  0.9000E+02
  0.2300E-01  0.9000E+02
  0.2400E-01  0.9000E+02
  0.2500E-01  0.9000E+02
  0.2600E-01  0.9000E+02
  0.2700E-01  0.9000E+02
  0.2800E-01  0.9000E+02
  0.2900E-01  0.9000E+02
  0.3000E-01  0.9000E+02
  0.3100E-01  0.9000E+02
  0.3200E-01  0.9000E+02
  0.3300E-01  0.9000E+02
  0.3400E-01  0.9000E+02
  0.3500E-01  0.9000E+02
  0.3600E-01  0.9000E+02
  0.3700E-01  0.9000E+02
  0.3800E-01  0.9000E+02
  0.3900E-01  0.9000E+02
  0.4000E-01  0.9000E+02
  0.4100E-01  0.9000E+02
  0.4200E-01  0.9000E+02
  0.4300E-01  0.9000E+02
  0.4400E-01  0.9000E+02
  0.4500E-01  0.9000E+02
  0.4600E-01  0.9000E+02
  0.4700E-01  0.9000E+02
  0.4800E-01  0.9000E+02
  0.4900E-01  0.9000E+02
  0.5000E-01  0.9000E+02
  0.5100E-01  0.8990E+02
  0.5200E-01  0.8960E+02
  0.5300E-01  0.8900E+02
  0.5400E-01  0.8800E+02
  0.5500E-01  0.3490E+02
  0.5600E-01  0.3060E+02
  0.5700E-01  0.2900E+02
  0.5800E-01  0.2780E+02
  0.5900E-01  0.2700E+02
  0.6000E-01  0.2630E+02
  0.6100E-01  0.2580E+02
  0.6200E-01  0.2540E+02
  0.6300E-01  0.2520E+02
  0.6400E-01  0.2500E+02
  0.6500E-01  0.2500E+02
  0.6600E-01  0.2500E+02
  0.6700E-01  0.2520E+02
  0.6800E-01  0.2540E+02
  0.6900E-01  0.2580E+02
  0.7000E-01  0.2630E+02
  0.7100E-01  0.2700E+02
  0.7200E-01  0.2780E+02
  0.7300E-01  0.2900E+02
  0.7400E-01  0.3060E+02
  0.7500E-01  0.8540E+02
  0.7600E-01  0.8840E+02
  0.7700E-01  0.8940E+02
  0.7800E-01  0.9000E+02
  0.7900E-01  0.9030E+02
  0.8000E-01  0.9040E+02
  0.8100E-01  0.9040E+02
  0.8200E-01  0.9040E+02
  0.8300E-01  0.9040E+02
  0.8400E-01  0.9040E+02
  0.8500E-01  0.9040E+02
  0.8600E-01  0.9040E+02
  0.8700E-01  0.9040E+02
  0.8800E-01  0.9040E+02
  0.8900E-01  0.9040E+02
  0.9000E-01  0.9040E+02
  0.9100E-01  0.9040E+02
  0.9200E-01  0.9040E+02
  0.9300E-01  0.9040E+02
  0.9400E-01  0.9040E+02
  0.9500E-01  0.9040E+02
  0.9600E-01  0.9040E+02
  0.9700E-01  0.9040E+02
  0.9800E-01  0.9040E+02
  0.9900E-01  0.9040E+02
  0.1000E+00  0.9040E+02
  0.1010E+00  0.9040E+02
  0.1020E+00  0.9040E+02
  0.1030E+00  0.9040E+02
  0.1040E+00  0.9040E+02
  0.1050E+00  0.9040E+02
  0.1060E+00  0.9040E+02
  0.1070E+00  0.9040E+02
  0.1080E+00  0.9040E+02
  0.1090E+00  0.9040E+02
  0.1100E+00  0.9040E+02
  0.1110E+00  0.9040E+02
  0.1120E+00  0.9040E+02
  0.1130E+00  0.9040E+02
  0.1140E+00  0.9040E+02
  0.1150E+00  0.9040E+02
  0.1160E+00  0.9040E+02
  0.1170E+00  0.9040E+02
  0.1180E+00  0.9040E+02
  0.1190E+00  0.9040E+02
  0.1200E+00  0.9040E+02
  0.1210E+00  0.9040E+02
  0.1220E+00  0.9040E+02
  0.1230E+00  0.9040E+02
  0.1240E+00  0.9040E+02
  0.1250E+00  0.9040E+02
  0.1260E+00  0.9040E+02
  0.1270E+00  0.9040E+02
  0.1280E+00  0.9040E+02
  0.1290E+00  0.9040E+02
  0.1300E+00  0.9040E+02
  0.1310E+00  0.9040E+02
  0.1320E+00  0.9040E+02
  0.1330E+00  0.9040E+02
  0.1340E+00  0.9040E+02
  0.1350E+00  0.9040E+02
  0.1360E+00  0.9040E+02
  0.1370E+00  0.9040E+02
  0.1380E+00  0.9040E+02
  0.1390E+00  0.9040E+02
  0.1400E+00  0.9040E+02
  0.1410E+00  0.9040E+02
  0.1420E+00  0.9040E+02
  0.1430E+00  0.9040E+02
  0.1440E+00  0.9040E+02
  0.1450E+00  0.9040E+02
  0.1460E+00  0.9040E+02
  0.1470E+00  0.9040E+02
  0.1480E+00  0.9040E+02
  0.1490E+00  0.9040E+02
  0.1500E+00  0.9040E+02
  0.1510E+00  0.9040E+02
  0.1520E+00  0.9040E+02
  0.1530E+00  0.9040E+02
  0.1540E+00  0.9040E+02
  0.1550E+00  0.9040E+02
  0.1560E+00  0.9040E+02
  0.1570E+00  0.9040E+02
  0.1580E+00  0.9040E+02
  0.1590E+00  0.9040E+02
  0.1600E+00  0.9040E+02
  0.1610E+00  0.9040E+02
  0.1620E+00  0.9040E+02
  0.1630E+00  0.9040E+02
  0.1640E+00  0.9040E+02
  0.1650E+00  0.9040E+02
  0.1660E+00  0.9040E+02
  0.1670E+00  0.9040E+02
  0.1680E+00  0.9040E+02
  0.1690E+00  0.9040E+02
  0.1700E+00  0.9040E+02
  0.1710E+00  0.9030E+02
  0.1720E+00  0.9000E+02
  0.1730E+00  0.8940E+02
  0.1740E+00  0.8840E+02
  0.1750E+00  0.3990E+02
  0.1760E+00  0.3560E+02
  0.1770E+00  0.3390E+02
  0.1780E+00  0.3280E+02
  0.1790E+00  0.3200E+02
  0.1800E+00  0.3130E+02
  0.1810E+00  0.3080E+02
  0.1820E+00  0.3040E+02
  0.1830E+00  0.3020E+02
  0.1840E+00  0.3000E+02
  0.1850E+00  0.3000E+02
  0.2210E+00  0.1675E+02
  0.2500E+00  0.1675E+02
  0.5000E+00  0.1675E+02
  0.5001E+00  0.1750E+02
  1.0000E+00  0.1750E+02
