   0.0000000000000000e+00   0.0000000000000000e+00
   2.5062656641604010e-04   1.5490647989163174e-03
   5.0125313283208019e-04   6.1866607886603038e-03
   7.5187969924812045e-04   1.3884052222434731e-02
   1.0025062656641604e-03   2.4593544067785428e-02
   1.2531328320802004e-03   3.8248777537384746e-02
   1.5037593984962409e-03   5.4765141265277754e-02
   1.7543859649122810e-03   7.4040295580836482e-02
   2.0050125313283208e-03   9.5954806631885284e-02
   2.2556390977443610e-03   1.2037288642780568e-01
   2.5062656641604009e-03   1.4714323421712158e-01
   2.7568922305764411e-03   1.7609997398617239e-01
   3.0075187969924818e-03   2.0706368226988769e-01
   3.2581453634085212e-03   2.3984249990608242e-01
   3.5087719298245619e-03   2.7423332084455543e-01
   3.7593984962406013e-03   3.1002305064482000e-01
   4.0100250626566416e-03   3.4698992686449115e-01
   4.2606516290726818e-03   3.8490489315685772e-01
   4.5112781954887221e-03   4.2353301856337705e-01
   4.7619047619047623e-03   4.6263495320678799e-01
   5.0125313283208017e-03   5.0196841136498760e-01
   5.2631578947368420e-03   5.4128967273616613e-01
   5.5137844611528822e-03   5.8035509259296725e-01
   5.7644110275689234e-03   6.1892261146837069e-01
   6.0150375939849636e-03   6.5675325501889070e-01
   6.2656641604010022e-03   6.9361261477154923e-01
   6.5162907268170424e-03   7.2927230057953296e-01
   6.7669172932330835e-03   7.6351135578673945e-01
   7.0175438596491238e-03   7.9611762633249006e-01
   7.2681704260651641e-03   8.2688907531307965e-01
   7.5187969924812026e-03   8.5563503485479753e-01
   7.7694235588972437e-03   8.8217738754149599e-01
   8.0200501253132831e-03   9.0635167007626494e-01
   8.2706766917293242e-03   9.2800809233865011e-01
   8.5213032581453636e-03   9.4701246552306251e-01
   8.7719298245614030e-03   9.6324703360740083e-01
   9.0225563909774441e-03   9.7661120299988480e-01
   9.2731829573934835e-03   9.8702216584302327e-01
   9.5238095238095247e-03   9.9441541311256421e-01
   9.7744360902255641e-03   9.9874513433212786e-01
   1.0025062656641603e-02   1.0000000000000000e+00
   1.0275689223057645e-02   1.0000000000000000e+00
   1.0526315789473684e-02   1.0000000000000000e+00
   1.0776942355889723e-02   1.0000000000000000e+00
   1.1027568922305764e-02   1.0000000000000000e+00
   1.1278195488721804e-02   1.0000000000000000e+00
   1.1528822055137847e-02   1.0000000000000000e+00
   1.1779448621553884e-02   1.0000000000000000e+00
   1.2030075187969927e-02   1.0000000000000000e+00
   1.2280701754385967e-02   1.0000000000000000e+00
   1.2531328320802004e-02   1.0000000000000000e+00
   1.2781954887218047e-02   1.0000000000000000e+00
   1.3032581453634085e-02   1.0000000000000000e+00
   1.3283208020050128e-02   1.0000000000000000e+00
   1.3533834586466167e-02   1.0000000000000000e+00
   1.3784461152882205e-02   1.0000000000000000e+00
   1.4035087719298248e-02   1.0000000000000000e+00
   1.4285714285714287e-02   1.0000000000000000e+00
   1.4536340852130328e-02   1.0000000000000000e+00
   1.4786967418546368e-02   1.0000000000000000e+00
   1.5037593984962405e-02   1.0000000000000000e+00
   1.5288220551378448e-02   1.0000000000000000e+00
   1.5538847117794487e-02   1.0000000000000000e+00
   1.5789473684210527e-02   1.0000000000000000e+00
   1.6040100250626566e-02   1.0000000000000000e+00
   1.6290726817042606e-02   1.0000000000000000e+00
   1.6541353383458648e-02   1.0000000000000000e+00
   1.6791979949874688e-02   1.0000000000000000e+00
   1.7042606516290727e-02   1.0000000000000000e+00
   1.7293233082706767e-02   1.0000000000000000e+00
   1.7543859649122806e-02   1.0000000000000000e+00
   1.7794486215538849e-02   1.0000000000000000e+00
   1.8045112781954888e-02   1.0000000000000000e+00
   1.8295739348370928e-02   1.0000000000000000e+00
   1.8546365914786967e-02   1.0000000000000000e+00
   1.8796992481203006e-02   1.0000000000000000e+00
   1.9047619047619049e-02   1.0000000000000000e+00
   1.9298245614035089e-02   1.0000000000000000e+00
   1.9548872180451128e-02   1.0000000000000000e+00
   1.9799498746867168e-02   1.0000000000000000e+00
   2.0050125313283207e-02   1.0000000000000000e+00
   2.0300751879699246e-02   1.0000000000000000e+00
   2.0551378446115289e-02   1.0000000000000000e+00
   2.0802005012531329e-02   1.0000000000000000e+00
   2.1052631578947368e-02   1.0000000000000000e+00
   2.1303258145363407e-02   1.0000000000000000e+00
   2.1553884711779447e-02   1.0000000000000000e+00
   2.1804511278195493e-02   1.0000000000000000e+00
   2.2055137844611529e-02   1.0000000000000000e+00
   2.2305764411027568e-02   1.0000000000000000e+00
   2.2556390977443608e-02   1.0000000000000000e+00
   2.2807017543859647e-02   1.0000000000000000e+00
   2.3057644110275693e-02   1.0000000000000000e+00
   2.3308270676691729e-02   1.0000000000000000e+00
   2.3558897243107769e-02   1.0000000000000000e+00
   2.3809523809523808e-02   1.0000000000000000e+00
   2.4060150375939855e-02   1.0000000000000000e+00
   2.4310776942355894e-02   1.0000000000000000e+00
   2.4561403508771933e-02   1.0000000000000000e+00
   2.4812030075187969e-02   1.0000000000000000e+00
   2.5062656641604009e-02   1.0000000000000000e+00
   2.5313283208020055e-02   1.0000000000000000e+00
   2.5563909774436094e-02   1.0000000000000000e+00
   2.5814536340852134e-02   1.0000000000000000e+00
   2.6065162907268170e-02   1.0000000000000000e+00
   2.6315789473684209e-02   1.0000000000000000e+00
   2.6566416040100255e-02   1.0000000000000000e+00
   2.6817042606516295e-02   1.0000000000000000e+00
   2.7067669172932334e-02   1.0000000000000000e+00
   2.7318295739348370e-02   1.0000000000000000e+00
   2.7568922305764409e-02   1.0000000000000000e+00
   2.7819548872180456e-02   1.0000000000000000e+00
   2.8070175438596495e-02   1.0000000000000000e+00
   2.8320802005012535e-02   1.0000000000000000e+00
   2.8571428571428574e-02   1.0000000000000000e+00
   2.8822055137844610e-02   1.0000000000000000e+00
   2.9072681704260656e-02   1.0000000000000000e+00
   2.9323308270676696e-02   1.0000000000000000e+00
   2.9573934837092735e-02   1.0000000000000000e+00
   2.9824561403508774e-02   1.0000000000000000e+00
   3.0075187969924810e-02   1.0000000000000000e+00
   3.0325814536340857e-02   1.0000000000000000e+00
   3.0576441102756896e-02   1.0000000000000000e+00
   3.0827067669172935e-02   1.0000000000000000e+00
   3.1077694235588975e-02   1.0000000000000000e+00
   3.1328320802005011e-02   1.0000000000000000e+00
   3.1578947368421054e-02   1.0000000000000000e+00
   3.1829573934837097e-02   1.0000000000000000e+00
   3.2080200501253132e-02   1.0000000000000000e+00
   3.2330827067669175e-02   1.0000000000000000e+00
   3.2581453634085211e-02   1.0000000000000000e+00
   3.2832080200501254e-02   1.0000000000000000e+00
   3.3082706766917297e-02   1.0000000000000000e+00
   3.3333333333333333e-02   1.0000000000000000e+00
   3.3583959899749376e-02   1.0000000000000000e+00
   3.3834586466165412e-02   1.0000000000000000e+00
   3.4085213032581455e-02   1.0000000000000000e+00
   3.4335839598997497e-02   1.0000000000000000e+00
   3.4586466165413533e-02   1.0000000000000000e+00
   3.4837092731829576e-02   1.0000000000000000e+00
   3.5087719298245612e-02   1.0000000000000000e+00
   3.5338345864661655e-02   1.0000000000000000e+00
   3.5588972431077698e-02   1.0000000000000000e+00
   3.5839598997493734e-02   1.0000000000000000e+00
   3.6090225563909777e-02   1.0000000000000000e+00
   3.6340852130325813e-02   1.0000000000000000e+00
   3.6591478696741855e-02   1.0000000000000000e+00
   3.6842105263157898e-02   1.0000000000000000e+00
   3.7092731829573934e-02   1.0000000000000000e+00
   3.7343358395989977e-02   1.0000000000000000e+00
   3.7593984962406013e-02   1.0000000000000000e+00
   3.7844611528822056e-02   1.0000000000000000e+00
   3.8095238095238099e-02   1.0000000000000000e+00
   3.8345864661654135e-02   1.0000000000000000e+00
   3.8596491228070177e-02   1.0000000000000000e+00
   3.8847117794486213e-02   1.0000000000000000e+00
   3.9097744360902256e-02   1.0000000000000000e+00
   3.9348370927318299e-02   1.0000000000000000e+00
   3.9598997493734335e-02   1.0000000000000000e+00
   3.9849624060150378e-02   1.0000000000000000e+00
   4.0100250626566414e-02   1.0000000000000000e+00
   4.0350877192982457e-02   1.0000000000000000e+00
   4.0601503759398493e-02   1.0000000000000000e+00
   4.0852130325814535e-02   1.0000000000000000e+00
   4.1102756892230578e-02   1.0000000000000000e+00
   4.1353383458646614e-02   1.0000000000000000e+00
   4.1604010025062657e-02   1.0000000000000000e+00
   4.1854636591478693e-02   1.0000000000000000e+00
   4.2105263157894736e-02   1.0000000000000000e+00
   4.2355889724310786e-02   1.0000000000000000e+00
   4.2606516290726815e-02   1.0000000000000000e+00
   4.2857142857142858e-02   1.0000000000000000e+00
   4.3107769423558893e-02   1.0000000000000000e+00
   4.3358395989974936e-02   1.0000000000000000e+00
   4.3609022556390986e-02   1.0000000000000000e+00
   4.3859649122807015e-02   1.0000000000000000e+00
   4.4110275689223058e-02   1.0000000000000000e+00
   4.4360902255639094e-02   1.0000000000000000e+00
   4.4611528822055137e-02   1.0000000000000000e+00
   4.4862155388471187e-02   1.0000000000000000e+00
   4.5112781954887216e-02   1.0000000000000000e+00
   4.5363408521303258e-02   1.0000000000000000e+00
   4.5614035087719294e-02   1.0000000000000000e+00
   4.5864661654135337e-02   1.0000000000000000e+00
   4.6115288220551387e-02   1.0000000000000000e+00
   4.6365914786967416e-02   1.0000000000000000e+00
   4.6616541353383459e-02   1.0000000000000000e+00
   4.6867167919799495e-02   1.0000000000000000e+00
   4.7117794486215538e-02   1.0000000000000000e+00
   4.7368421052631587e-02   1.0000000000000000e+00
   4.7619047619047616e-02   1.0000000000000000e+00
   4.7869674185463659e-02   1.0000000000000000e+00
   4.8120300751879709e-02   1.0000000000000000e+00
   4.8370927318295738e-02   1.0000000000000000e+00
   4.8621553884711788e-02   1.0000000000000000e+00
   4.8872180451127817e-02   1.0000000000000000e+00
   4.9122807017543867e-02   1.0000000000000000e+00
   4.9373433583959909e-02   1.0000000000000000e+00
   4.9624060150375938e-02   1.0000000000000000e+00
   4.9874686716791988e-02   1.0000000000000000e+00
   5.0125313283208017e-02   1.0000000000000000e+00
   5.0375939849624067e-02   1.0000000000000000e+00
   5.0626566416040110e-02   1.0000000000000000e+00
   5.0877192982456139e-02   1.0000000000000000e+00
   5.1127819548872189e-02   1.0000000000000000e+00
   5.1378446115288218e-02   1.0000000000000000e+00
   5.1629072681704268e-02   1.0000000000000000e+00
   5.1879699248120310e-02   1.0000000000000000e+00
   5.2130325814536339e-02   1.0000000000000000e+00
   5.2380952380952389e-02   1.0000000000000000e+00
   5.2631578947368418e-02   1.0000000000000000e+00
   5.2882205513784468e-02   1.0000000000000000e+00
   5.3132832080200511e-02   1.0000000000000000e+00
   5.3383458646616540e-02   1.0000000000000000e+00
   5.3634085213032590e-02   1.0000000000000000e+00
   5.3884711779448619e-02   1.0000000000000000e+00
   5.4135338345864668e-02   1.0000000000000000e+00
   5.4385964912280711e-02   1.0000000000000000e+00
   5.4636591478696740e-02   1.0000000000000000e+00
   5.4887218045112790e-02   1.0000000000000000e+00
   5.5137844611528819e-02   1.0000000000000000e+00
   5.5388471177944869e-02   1.0000000000000000e+00
   5.5639097744360912e-02   1.0000000000000000e+00
   5.5889724310776948e-02   1.0000000000000000e+00
   5.6140350877192990e-02   1.0000000000000000e+00
   5.6390977443609019e-02   1.0000000000000000e+00
   5.6641604010025069e-02   1.0000000000000000e+00
   5.6892230576441112e-02   1.0000000000000000e+00
   5.7142857142857148e-02   1.0000000000000000e+00
   5.7393483709273191e-02   1.0000000000000000e+00
   5.7644110275689220e-02   1.0000000000000000e+00
   5.7894736842105270e-02   1.0000000000000000e+00
   5.8145363408521313e-02   1.0000000000000000e+00
   5.8395989974937348e-02   1.0000000000000000e+00
   5.8646616541353391e-02   1.0000000000000000e+00
   5.8897243107769420e-02   1.0000000000000000e+00
   5.9147869674185470e-02   1.0000000000000000e+00
   5.9398496240601513e-02   1.0000000000000000e+00
   5.9649122807017549e-02   1.0000000000000000e+00
   5.9899749373433592e-02   1.0000000000000000e+00
   6.0150375939849621e-02   1.0000000000000000e+00
   6.0401002506265671e-02   1.0000000000000000e+00
   6.0651629072681713e-02   1.0000000000000000e+00
   6.0902255639097749e-02   1.0000000000000000e+00
   6.1152882205513792e-02   1.0000000000000000e+00
   6.1403508771929821e-02   1.0000000000000000e+00
   6.1654135338345871e-02   1.0000000000000000e+00
   6.1904761904761914e-02   1.0000000000000000e+00
   6.2155388471177950e-02   1.0000000000000000e+00
   6.2406015037593993e-02   1.0000000000000000e+00
   6.2656641604010022e-02   1.0000000000000000e+00
   6.2907268170426064e-02   1.0000000000000000e+00
   6.3157894736842107e-02   1.0000000000000000e+00
   6.3408521303258150e-02   1.0000000000000000e+00
   6.3659147869674193e-02   1.0000000000000000e+00
   6.3909774436090222e-02   1.0000000000000000e+00
   6.4160401002506265e-02   1.0000000000000000e+00
   6.4411027568922308e-02   1.0000000000000000e+00
   6.4661654135338351e-02   1.0000000000000000e+00
   6.4912280701754393e-02   1.0000000000000000e+00
   6.5162907268170422e-02   1.0000000000000000e+00
   6.5413533834586465e-02   1.0000000000000000e+00
   6.5664160401002508e-02   1.0000000000000000e+00
   6.5914786967418551e-02   1.0000000000000000e+00
   6.6165413533834594e-02   1.0000000000000000e+00
   6.6416040100250623e-02   1.0000000000000000e+00
   6.6666666666666666e-02   1.0000000000000000e+00
   6.6917293233082709e-02   1.0000000000000000e+00
   6.7167919799498751e-02   1.0000000000000000e+00
   6.7418546365914794e-02   1.0000000000000000e+00
   6.7669172932330823e-02   1.0000000000000000e+00
   6.7919799498746866e-02   1.0000000000000000e+00
   6.8170426065162909e-02   1.0000000000000000e+00
   6.8421052631578952e-02   1.0000000000000000e+00
   6.8671679197994995e-02   1.0000000000000000e+00
   6.8922305764411024e-02   1.0000000000000000e+00
   6.9172932330827067e-02   1.0000000000000000e+00
   6.9423558897243109e-02   1.0000000000000000e+00
   6.9674185463659152e-02   1.0000000000000000e+00
   6.9924812030075195e-02   1.0000000000000000e+00
   7.0175438596491224e-02   1.0000000000000000e+00
   7.0426065162907267e-02   1.0000000000000000e+00
   7.0676691729323310e-02   1.0000000000000000e+00
   7.0927318295739353e-02   1.0000000000000000e+00
   7.1177944862155396e-02   1.0000000000000000e+00
   7.1428571428571425e-02   1.0000000000000000e+00
   7.1679197994987467e-02   1.0000000000000000e+00
   7.1929824561403510e-02   1.0000000000000000e+00
   7.2180451127819553e-02   1.0000000000000000e+00
   7.2431077694235596e-02   1.0000000000000000e+00
   7.2681704260651625e-02   1.0000000000000000e+00
   7.2932330827067668e-02   1.0000000000000000e+00
   7.3182957393483711e-02   1.0000000000000000e+00
   7.3433583959899754e-02   1.0000000000000000e+00
   7.3684210526315796e-02   1.0000000000000000e+00
   7.3934837092731825e-02   1.0000000000000000e+00
   7.4185463659147868e-02   1.0000000000000000e+00
   7.4436090225563911e-02   1.0000000000000000e+00
   7.4686716791979954e-02   1.0000000000000000e+00
   7.4937343358395997e-02   1.0000000000000000e+00
   7.5187969924812026e-02   1.0000000000000000e+00
   7.5438596491228069e-02   1.0000000000000000e+00
   7.5689223057644112e-02   1.0000000000000000e+00
   7.5939849624060154e-02   1.0000000000000000e+00
   7.6190476190476197e-02   1.0000000000000000e+00
   7.6441102756892226e-02   1.0000000000000000e+00
   7.6691729323308269e-02   1.0000000000000000e+00
   7.6942355889724312e-02   1.0000000000000000e+00
   7.7192982456140355e-02   1.0000000000000000e+00
   7.7443609022556398e-02   1.0000000000000000e+00
   7.7694235588972427e-02   1.0000000000000000e+00
   7.7944862155388470e-02   1.0000000000000000e+00
   7.8195488721804512e-02   1.0000000000000000e+00
   7.8446115288220555e-02   1.0000000000000000e+00
   7.8696741854636598e-02   1.0000000000000000e+00
   7.8947368421052627e-02   1.0000000000000000e+00
   7.9197994987468670e-02   1.0000000000000000e+00
   7.9448621553884713e-02   1.0000000000000000e+00
   7.9699248120300756e-02   1.0000000000000000e+00
   7.9949874686716799e-02   1.0000000000000000e+00
   8.0200501253132828e-02   1.0000000000000000e+00
   8.0451127819548870e-02   1.0000000000000000e+00
   8.0701754385964913e-02   1.0000000000000000e+00
   8.0952380952380956e-02   1.0000000000000000e+00
   8.1203007518796985e-02   1.0000000000000000e+00
   8.1453634085213028e-02   1.0000000000000000e+00
   8.1704260651629071e-02   1.0000000000000000e+00
   8.1954887218045114e-02   1.0000000000000000e+00
   8.2205513784461157e-02   1.0000000000000000e+00
   8.2456140350877186e-02   1.0000000000000000e+00
   8.2706766917293228e-02   1.0000000000000000e+00
   8.2957393483709271e-02   1.0000000000000000e+00
   8.3208020050125314e-02   1.0000000000000000e+00
   8.3458646616541371e-02   1.0000000000000000e+00
   8.3709273182957386e-02   1.0000000000000000e+00
   8.3959899749373429e-02   1.0000000000000000e+00
   8.4210526315789472e-02   1.0000000000000000e+00
   8.4461152882205515e-02   1.0000000000000000e+00
   8.4711779448621571e-02   1.0000000000000000e+00
   8.4962406015037586e-02   1.0000000000000000e+00
   8.5213032581453629e-02   1.0000000000000000e+00
   8.5463659147869672e-02   1.0000000000000000e+00
   8.5714285714285715e-02   1.0000000000000000e+00
   8.5964912280701772e-02   1.0000000000000000e+00
   8.6215538847117787e-02   1.0000000000000000e+00
   8.6466165413533830e-02   1.0000000000000000e+00
   8.6716791979949873e-02   1.0000000000000000e+00
   8.6967418546365916e-02   1.0000000000000000e+00
   8.7218045112781972e-02   1.0000000000000000e+00
   8.7468671679197987e-02   1.0000000000000000e+00
   8.7719298245614030e-02   1.0000000000000000e+00
   8.7969924812030073e-02   1.0000000000000000e+00
   8.8220551378446116e-02   1.0000000000000000e+00
   8.8471177944862173e-02   1.0000000000000000e+00
   8.8721804511278188e-02   1.0000000000000000e+00
   8.8972431077694231e-02   1.0000000000000000e+00
   8.9223057644110274e-02   1.0000000000000000e+00
   8.9473684210526316e-02   1.0000000000000000e+00
   8.9724310776942373e-02   1.0000000000000000e+00
   8.9974937343358388e-02   1.0000000000000000e+00
   9.0225563909774431e-02   9.9874513433212808e-01
   9.0476190476190474e-02   9.9441541311256443e-01
   9.0726817042606517e-02   9.8702216584302349e-01
   9.0977443609022574e-02   9.7661120299988413e-01
   9.1228070175438589e-02   9.6324703360740171e-01
   9.1478696741854632e-02   9.4701246552306340e-01
   9.1729323308270674e-02   9.2800809233865067e-01
   9.1979949874686717e-02   9.0635167007626538e-01
   9.2230576441102774e-02   8.8217738754149466e-01
   9.2481203007518789e-02   8.5563503485479897e-01
   9.2731829573934832e-02   8.2688907531308065e-01
   9.2982456140350875e-02   7.9611762633249106e-01
   9.3233082706766918e-02   7.6351135578674001e-01
   9.3483709273182974e-02   7.2927230057953119e-01
   9.3734335839598990e-02   6.9361261477155134e-01
   9.3984962406015032e-02   6.5675325501889215e-01
   9.4235588972431075e-02   6.1892261146837180e-01
   9.4486215538847118e-02   5.8035509259296814e-01
   9.4736842105263175e-02   5.4128967273616435e-01
   9.4987468671679190e-02   5.0196841136498960e-01
   9.5238095238095233e-02   4.6263495320678949e-01
   9.5488721804511276e-02   4.2353301856337822e-01
   9.5739348370927319e-02   3.8490489315685855e-01
   9.5989974937343375e-02   3.4698992686448943e-01
   9.6240601503759418e-02   3.1002305064481789e-01
   9.6491228070175433e-02   2.7423332084455682e-01
   9.6741854636591476e-02   2.3984249990608350e-01
   9.6992481203007533e-02   2.0706368226988642e-01
   9.7243107769423576e-02   1.7609997398617100e-01
   9.7493734335839619e-02   1.4714323421712006e-01
   9.7744360902255634e-02   1.2037288642780676e-01
   9.7994987468671677e-02   9.5954806631886075e-02
   9.8245614035087733e-02   7.4040295580835691e-02
   9.8496240601503776e-02   5.4765141265276908e-02
   9.8746867167919819e-02   3.8248777537383920e-02
   9.8997493734335834e-02   2.4593544067785949e-02
   9.9248120300751877e-02   1.3884052222435042e-02
   9.9498746867167934e-02   6.1866607886600766e-03
   9.9749373433583977e-02   1.5490647989161754e-03
   1.0000000000000001e-01   3.7493994566546440e-33
