  3.0226E-11  0.0000E+00  1.6082E-08  1.5796E-03  4.9690E-01  9.5643E-02 -3.9005E-01
  3.5975E-04  1.2000E-03  1.2854E-08  1.4435E-03  4.9690E-01  9.5643E-02 -3.6528E-01
  7.1949E-04  2.4000E-03  9.6257E-09  1.3177E-03  4.9690E-01  9.5643E-02 -3.3276E-01
  1.0792E-03  3.6000E-03  6.3975E-09  1.2053E-03  4.9690E-01  9.5643E-02 -2.9008E-01
  1.4390E-03  4.8000E-03  3.1694E-09  1.1105E-03  4.9690E-01  9.5643E-02 -2.3487E-01
  1.7987E-03  6.0000E-03 -5.8816E-11  1.0380E-03  4.9690E-01  9.5643E-02 -1.6569E-01
  2.1885E-03  7.3000E-03 -3.5560E-09  9.9040E-04  4.9690E-01  9.5644E-02 -7.6495E-02
  2.5482E-03  8.5000E-03 -6.7844E-09  9.7895E-04  4.9690E-01  9.5644E-02  1.3292E-02
  2.9079E-03  9.7000E-03 -1.0068E-08  9.9971E-04  4.9677E-01  9.5644E-02  1.0090E-01
  3.2677E-03  1.0900E-02 -1.3746E-08  1.0501E-03  4.9561E-01  9.5644E-02  1.7647E-01
  3.6574E-03  1.2200E-02 -1.9099E-08  1.1314E-03  4.9075E-01  9.5643E-02  2.3662E-01
  4.0172E-03  1.3400E-02 -2.6596E-08  1.2229E-03  4.7955E-01  9.5642E-02  2.6760E-01
  4.3769E-03  1.4600E-02 -3.7939E-08  1.3208E-03  4.5812E-01  9.5642E-02  2.7199E-01
  4.7367E-03  1.5800E-02 -5.4135E-08  1.4150E-03  4.2370E-01  9.5643E-02  2.4691E-01
  5.1264E-03  1.7100E-02 -7.7033E-08  1.5001E-03  3.7314E-01  9.5647E-02  1.8316E-01
  5.4861E-03  1.8300E-02 -1.0110E-07  1.5501E-03  3.2717E-01  9.5657E-02  8.8764E-02
  5.8459E-03  1.9500E-02 -1.2374E-07  1.5600E-03  3.1555E-01  9.5672E-02 -3.8809E-02
  6.2056E-03  2.0700E-02 -1.3877E-07  1.5188E-03  3.7584E-01  9.5689E-02 -1.9411E-01
  6.5654E-03  2.1900E-02 -1.3936E-07  1.4184E-03  5.0261E-01  9.5701E-02 -3.6581E-01
  6.9551E-03  2.3200E-02 -1.1781E-07  1.2396E-03  6.7519E-01  9.5705E-02 -5.4822E-01
  7.3148E-03  2.4400E-02 -7.5723E-08  1.0169E-03  8.3265E-01  9.5701E-02 -6.8055E-01
  7.6746E-03  2.5600E-02 -1.6630E-08  7.6109E-04  9.6097E-01  9.5695E-02 -7.1729E-01
  8.0343E-03  2.6800E-02  4.8930E-08  5.3093E-04  1.0387E+00  9.5692E-02 -4.9399E-01
  8.4241E-03  2.8100E-02  1.0795E-07  4.7366E-04  1.0491E+00  9.5691E-02  2.4838E-01
  8.7838E-03  2.9300E-02  1.2778E-07  6.5292E-04  9.8544E-01  9.5692E-02  6.5607E-01
  9.1435E-03  3.0500E-02  8.8395E-08  8.9915E-04  8.5766E-01  9.5699E-02  6.7399E-01
  9.5033E-03  3.1700E-02 -3.4914E-08  1.1199E-03  6.8353E-01  9.5751E-02  5.3711E-01
  9.8930E-03  3.3000E-02 -2.8455E-07  1.2872E-03  4.8123E-01  9.5971E-02  3.1349E-01
  1.0253E-02  3.4200E-02 -6.2815E-07  1.3584E-03  3.5373E-01  9.6475E-02  8.0746E-02
  1.0613E-02  3.5400E-02 -1.0667E-06  1.3457E-03  3.7751E-01  9.7354E-02 -1.4846E-01
  1.0972E-02  3.6600E-02 -1.5671E-06  1.2546E-03  5.1213E-01  9.8525E-02 -3.5141E-01
  1.1332E-02  3.7800E-02 -2.0792E-06  1.0983E-03  6.6238E-01  9.9727E-02 -5.0747E-01
  1.1722E-02  3.9100E-02 -2.5753E-06  8.8021E-04  7.9534E-01  1.0071E-01 -5.9355E-01
  1.2081E-02  4.0300E-02 -2.9090E-06  6.7124E-04  8.7482E-01  1.0114E-01 -5.3954E-01
  1.2441E-02  4.1500E-02 -3.0617E-06  5.2195E-04  9.0761E-01  1.0114E-01 -2.4187E-01
  1.2801E-02  4.2700E-02 -2.9866E-06  5.2324E-04  8.9350E-01  1.0094E-01  2.4107E-01
  1.3191E-02  4.4000E-02 -2.6168E-06  6.8235E-04  8.2922E-01  1.0083E-01  5.1423E-01
  1.3550E-02  4.5200E-02 -2.0043E-06  8.7538E-04  7.3245E-01  1.0114E-01  5.3277E-01
  1.3910E-02  4.6400E-02 -1.1501E-06  1.0539E-03  6.1167E-01  1.0207E-01  4.4801E-01
  1.4270E-02  4.7600E-02 -9.2216E-08  1.1918E-03  4.8500E-01  1.0379E-01  3.1339E-01
  1.4660E-02  4.8900E-02  1.2195E-06  1.2806E-03  3.7671E-01  1.0651E-01  1.4142E-01
  1.5019E-02  5.0100E-02  2.5084E-06  1.3014E-03  3.5037E-01  1.0961E-01 -2.3011E-02
  1.5379E-02  5.1300E-02  3.7896E-06  1.2643E-03  4.0766E-01  1.1291E-01 -1.7829E-01
  1.5739E-02  5.2500E-02  4.9779E-06  1.1750E-03  5.0721E-01  1.1597E-01 -3.1098E-01
  1.6099E-02  5.3700E-02  5.9882E-06  1.0444E-03  6.1022E-01  1.1839E-01 -4.0637E-01
  1.6488E-02  5.5000E-02  6.7906E-06  8.7593E-04  7.0232E-01  1.2001E-01 -4.4443E-01
  1.6848E-02  5.6200E-02  7.1913E-06  7.2385E-04  7.5891E-01  1.2057E-01 -3.8480E-01
  1.7208E-02  5.7400E-02  7.2178E-06  6.1638E-04  7.8389E-01  1.2043E-01 -1.9511E-01
  1.7568E-02  5.8600E-02  6.8473E-06  5.9735E-04  7.7675E-01  1.1993E-01  8.5040E-02
  1.7957E-02  5.9900E-02  6.0008E-06  6.8065E-04  7.3563E-01  1.1947E-01  3.0928E-01
  1.8317E-02  6.1100E-02  4.8388E-06  8.0847E-04  6.7239E-01  1.1951E-01  3.7753E-01
  1.8677E-02  6.2300E-02  3.3642E-06  9.4245E-04  5.9309E-01  1.2028E-01  3.5442E-01
  1.9037E-02  6.3500E-02  1.6473E-06  1.0575E-03  5.0920E-01  1.2190E-01  2.8009E-01
  1.9426E-02  6.4800E-02 -3.8861E-07  1.1453E-03  4.3173E-01  1.2458E-01  1.6969E-01
  1.9786E-02  6.6000E-02 -2.3298E-06  1.1854E-03  3.9335E-01  1.2766E-01  5.6821E-02
  2.0146E-02  6.7200E-02 -4.2297E-06  1.1848E-03  3.9951E-01  1.3100E-01 -5.4528E-02
  2.0506E-02  6.8400E-02 -5.9913E-06  1.1460E-03  4.4293E-01  1.3421E-01 -1.5425E-01
  2.0865E-02  6.9600E-02 -7.5233E-06  1.0750E-03  5.0418E-01  1.3693E-01 -2.3263E-01
  2.1255E-02  7.0900E-02 -8.8301E-06  9.7303E-04  5.7084E-01  1.3900E-01 -2.8156E-01
  2.1615E-02  7.2100E-02 -9.6402E-06  8.7052E-04  6.2109E-01  1.4000E-01 -2.8110E-01
  2.1975E-02  7.3300E-02 -1.0022E-05  7.7838E-04  6.5445E-01  1.4016E-01 -2.2543E-01
  2.2334E-02  7.4500E-02 -9.9496E-06  7.1711E-04  6.6840E-01  1.3969E-01 -1.1411E-01
  2.2724E-02  7.5800E-02 -9.3581E-06  7.0359E-04  6.6148E-01  1.3880E-01  3.6495E-02
  2.3084E-02  7.7000E-02 -8.3616E-06  7.4007E-04  6.3680E-01  1.3800E-01  1.5068E-01
  2.3444E-02  7.8200E-02 -6.9780E-06  8.0783E-04  5.9831E-01  1.3754E-01  2.1082E-01
  2.3803E-02  7.9400E-02 -5.2707E-06  8.8699E-04  5.5131E-01  1.3765E-01  2.1911E-01
  2.4193E-02  8.0700E-02 -3.1469E-06  9.6701E-04  4.9878E-01  1.3855E-01  1.8630E-01
  2.4553E-02  8.1900E-02 -1.0284E-06  1.0243E-03  4.5743E-01  1.4008E-01  1.3252E-01
  2.4912E-02  8.3100E-02  1.1445E-06  1.0597E-03  4.3109E-01  1.4213E-01  6.7619E-02
  2.5272E-02  8.4300E-02  3.2759E-06  1.0708E-03  4.2464E-01  1.4448E-01  3.8986E-04
  2.5632E-02  8.5500E-02  5.2739E-06  1.0585E-03  4.3735E-01  1.4684E-01 -6.1851E-02
  2.6022E-02  8.6800E-02  7.1899E-06  1.0223E-03  4.6585E-01  1.4911E-01 -1.1628E-01
  2.6381E-02  8.8000E-02  8.6512E-06  9.7355E-04  4.9750E-01  1.5070E-01 -1.4852E-01
  2.6741E-02  8.9200E-02  9.7574E-06  9.1745E-04  5.2737E-01  1.5167E-01 -1.5865E-01
  2.7101E-02  9.0400E-02  1.0467E-05  8.6262E-04  5.5077E-01  1.5198E-01 -1.4380E-01
  2.7491E-02  9.1700E-02  1.0760E-05  8.1504E-04  5.6569E-01  1.5166E-01 -1.0071E-01
  2.7850E-02  9.2900E-02  1.0587E-05  7.8992E-04  5.6874E-01  1.5094E-01 -4.3716E-02
  2.8210E-02  9.4100E-02  1.0004E-05  7.8642E-04  5.6183E-01  1.5001E-01  1.6340E-02
  2.8570E-02  9.5300E-02  9.0404E-06  8.0282E-04  5.4646E-01  1.4910E-01  6.5531E-02
  2.8960E-02  9.6600E-02  7.6235E-06  8.3617E-04  5.2303E-01  1.4838E-01  9.6703E-02
  2.9319E-02  9.7800E-02  6.0350E-06  8.7319E-04  4.9846E-01  1.4812E-01  1.0357E-01
  2.9679E-02  9.9000E-02  4.2486E-06  9.0894E-04  4.7465E-01  1.4833E-01  9.2853E-02
  3.0039E-02  1.0020E-01  2.3394E-06  9.3805E-04  4.5501E-01  1.4900E-01  6.9745E-02
  3.0399E-02  1.0140E-01  3.8515E-07  9.5715E-04  4.4220E-01  1.5005E-01  3.9610E-02
  3.0788E-02  1.0270E-01 -1.6946E-06  9.6482E-04  4.3746E-01  1.5145E-01  4.6830E-03
  3.1148E-02  1.0390E-01 -3.5033E-06  9.6010E-04  4.4097E-01  1.5281E-01 -2.5183E-02
  3.1508E-02  1.0510E-01 -5.1395E-06  9.4570E-04  4.5004E-01  1.5407E-01 -4.9239E-02
  3.1868E-02  1.0630E-01 -6.5487E-06  9.2431E-04  4.6193E-01  1.5509E-01 -6.4895E-02
  3.2257E-02  1.0760E-01 -7.7697E-06  8.9722E-04  4.7489E-01  1.5580E-01 -7.0588E-02
  3.2617E-02  1.0880E-01 -8.5823E-06  8.7259E-04  4.8459E-01  1.5605E-01 -6.5208E-02
  3.2977E-02  1.1000E-01 -9.0755E-06  8.5186E-04  4.9065E-01  1.5593E-01 -5.1025E-02
  3.3337E-02  1.1120E-01 -9.2456E-06  8.3766E-04  4.9238E-01  1.5550E-01 -3.0984E-02
  3.3726E-02  1.1250E-01 -9.0752E-06  8.3110E-04  4.8937E-01  1.5481E-01 -7.2874E-03
  3.4086E-02  1.1370E-01 -8.6125E-06  8.3292E-04  4.8273E-01  1.5408E-01  1.2107E-02
  3.4446E-02  1.1490E-01 -7.8880E-06  8.4068E-04  4.7344E-01  1.5340E-01  2.6009E-02
  3.4806E-02  1.1610E-01 -6.9405E-06  8.5200E-04  4.6283E-01  1.5288E-01  3.2973E-02
  3.5165E-02  1.1730E-01 -5.8146E-06  8.6431E-04  4.5230E-01  1.5258E-01  3.3076E-02
  3.5555E-02  1.1860E-01 -4.4498E-06  8.7612E-04  4.4245E-01  1.5254E-01  2.6837E-02
  3.5915E-02  1.1980E-01 -3.1098E-06  8.8383E-04  4.3583E-01  1.5277E-01  1.7160E-02
  3.6275E-02  1.2100E-01 -1.7433E-06  8.8752E-04  4.3205E-01  1.5320E-01  5.7855E-03
  3.6634E-02  1.2220E-01 -3.9693E-07  8.8700E-04  4.3102E-01  1.5377E-01 -5.3845E-03
  3.7024E-02  1.2350E-01  9.9047E-07  8.8223E-04  4.3240E-01  1.5444E-01 -1.5409E-02
  3.7384E-02  1.2470E-01  2.1666E-06  8.7498E-04  4.3506E-01  1.5503E-01 -2.1526E-02
  3.7744E-02  1.2590E-01  3.2121E-06  8.6629E-04  4.3809E-01  1.5553E-01 -2.4026E-02
  3.8103E-02  1.2710E-01  4.1046E-06  8.5753E-04  4.4062E-01  1.5588E-01 -2.2925E-02
  3.8493E-02  1.2840E-01  4.8819E-06  8.4937E-04  4.4206E-01  1.5605E-01 -1.8360E-02
  3.8853E-02  1.2960E-01  5.4164E-06  8.4400E-04  4.4178E-01  1.5603E-01 -1.2164E-02
  3.9213E-02  1.3080E-01  5.7746E-06  8.4114E-04  4.3986E-01  1.5586E-01 -5.4018E-03
  3.9572E-02  1.3200E-01  5.9624E-06  8.4070E-04  4.3650E-01  1.5558E-01  6.5076E-04
  3.9932E-02  1.3320E-01  5.9906E-06  8.4218E-04  4.3207E-01  1.5522E-01  4.9889E-03
  4.0322E-02  1.3450E-01  5.8589E-06  8.4503E-04  4.2668E-01  1.5483E-01  7.0939E-03
  4.0682E-02  1.3570E-01  5.6074E-06  8.4784E-04  4.2176E-01  1.5451E-01  6.5453E-03
  4.1041E-02  1.3690E-01  5.2524E-06  8.4996E-04  4.1743E-01  1.5426E-01  3.9456E-03
  4.1401E-02  1.3810E-01  4.8152E-06  8.5076E-04  4.1407E-01  1.5410E-01 -7.0175E-05
  4.1791E-02  1.3940E-01  4.2731E-06  8.4971E-04  4.1177E-01  1.5405E-01 -5.0944E-03
  4.2150E-02  1.4060E-01  3.7305E-06  8.4693E-04  4.1085E-01  1.5410E-01 -9.4707E-03
  4.2510E-02  1.4180E-01  3.1654E-06  8.4267E-04  4.1089E-01  1.5422E-01 -1.2843E-02
  4.2870E-02  1.4300E-01  2.5921E-06  8.3744E-04  4.1154E-01  1.5439E-01 -1.4666E-02
  4.3260E-02  1.4430E-01  1.9754E-06  8.3143E-04  4.1244E-01  1.5461E-01 -1.4563E-02
  4.3619E-02  1.4550E-01  1.4189E-06  8.2631E-04  4.1302E-01  1.5480E-01 -1.2568E-02
  4.3979E-02  1.4670E-01  8.8038E-07  8.2225E-04  4.1301E-01  1.5497E-01 -9.0712E-03
  4.4339E-02  1.4790E-01  3.6232E-07  8.1969E-04  4.1217E-01  1.5509E-01 -4.6292E-03
  4.4699E-02  1.4910E-01 -1.3481E-07  8.1885E-04  4.1040E-01  1.5517E-01  5.5426E-05
  4.5088E-02  1.5040E-01 -6.5108E-07  8.1983E-04  4.0749E-01  1.5520E-01  4.5666E-03
  4.5448E-02  1.5160E-01 -1.1093E-06  8.2213E-04  4.0404E-01  1.5518E-01  7.5488E-03
  4.5808E-02  1.5280E-01 -1.5527E-06  8.2525E-04  4.0014E-01  1.5512E-01  8.9670E-03
  4.6168E-02  1.5400E-01 -1.9836E-06  8.2857E-04  3.9611E-01  1.5505E-01  8.6527E-03
  4.6557E-02  1.5530E-01 -2.4382E-06  8.3166E-04  3.9199E-01  1.5496E-01  6.4526E-03
  4.6917E-02  1.5650E-01 -2.8470E-06  8.3347E-04  3.8873E-01  1.5487E-01  3.0223E-03
  4.7277E-02  1.5770E-01 -3.2442E-06  8.3384E-04  3.8623E-01  1.5480E-01 -1.2869E-03
  4.7637E-02  1.5890E-01 -3.6267E-06  8.3256E-04  3.8461E-01  1.5474E-01 -5.9360E-03
  4.8026E-02  1.6020E-01 -4.0183E-06  8.2930E-04  3.8384E-01  1.5470E-01 -1.0704E-02
  4.8386E-02  1.6140E-01 -4.3509E-06  8.2475E-04  3.8392E-01  1.5467E-01 -1.4298E-02
  4.8746E-02  1.6260E-01 -4.6463E-06  8.1912E-04  3.8454E-01  1.5465E-01 -1.6679E-02
  4.9106E-02  1.6380E-01 -4.8936E-06  8.1290E-04  3.8543E-01  1.5464E-01 -1.7560E-02
  4.9465E-02  1.6500E-01 -5.0808E-06  8.0665E-04  3.8631E-01  1.5464E-01 -1.6829E-02
  4.9855E-02  1.6630E-01 -5.2012E-06  8.0052E-04  3.8694E-01  1.5464E-01 -1.4311E-02
  5.0215E-02  1.6750E-01 -5.2226E-06  7.9600E-04  3.8699E-01  1.5464E-01 -1.0684E-02
  5.0575E-02  1.6870E-01 -5.1458E-06  7.9295E-04  3.8637E-01  1.5465E-01 -6.2460E-03
  5.0934E-02  1.6990E-01 -4.9607E-06  7.9157E-04  3.8502E-01  1.5466E-01 -1.5252E-03
  5.1324E-02  1.7120E-01 -4.6289E-06  7.9194E-04  3.8274E-01  1.5467E-01  3.2692E-03
  5.1684E-02  1.7240E-01 -4.1964E-06  7.9379E-04  3.7999E-01  1.5469E-01  6.8670E-03
  5.2044E-02  1.7360E-01 -3.6417E-06  7.9673E-04  3.7678E-01  1.5472E-01  9.2820E-03
  5.2403E-02  1.7480E-01 -2.9677E-06  8.0027E-04  3.7332E-01  1.5475E-01  1.0295E-02
  5.2793E-02  1.7610E-01 -2.1114E-06  8.0419E-04  3.6955E-01  1.5479E-01  9.7581E-03
  5.3153E-02  1.7730E-01 -1.2166E-06  8.0735E-04  3.6631E-01  1.5483E-01  7.8730E-03
  5.3513E-02  1.7850E-01 -2.3805E-07  8.0962E-04  3.6350E-01  1.5487E-01  4.9037E-03
  5.3872E-02  1.7970E-01  8.0481E-07  8.1069E-04  3.6127E-01  1.5491E-01  1.1858E-03
  5.4232E-02  1.8090E-01  1.8889E-06  8.1035E-04  3.5970E-01  1.5493E-01 -2.8915E-03
  5.4622E-02  1.8220E-01  3.0800E-06  8.0833E-04  3.5877E-01  1.5494E-01 -7.2473E-03
  5.4982E-02  1.8340E-01  4.1646E-06  8.0506E-04  3.5855E-01  1.5494E-01 -1.0801E-02
  5.5341E-02  1.8460E-01  5.2048E-06  8.0067E-04  3.5882E-01  1.5492E-01 -1.3564E-02
  5.5701E-02  1.8580E-01  6.1708E-06  7.9548E-04  3.5941E-01  1.5489E-01 -1.5285E-02
  5.6091E-02  1.8710E-01  7.0994E-06  7.8943E-04  3.6018E-01  1.5484E-01 -1.5795E-02
  5.6451E-02  1.8830E-01  7.8178E-06  7.8392E-04  3.6082E-01  1.5479E-01 -1.4982E-02
  5.6810E-02  1.8950E-01  8.3766E-06  7.7892E-04  3.6121E-01  1.5473E-01 -1.3029E-02
  5.7170E-02  1.9070E-01  8.7534E-06  7.7480E-04  3.6120E-01  1.5468E-01 -1.0144E-02
  5.7560E-02  1.9200E-01  8.9354E-06  7.7163E-04  3.6063E-01  1.5463E-01 -6.3209E-03
  5.7920E-02  1.9320E-01  8.8808E-06  7.7008E-04  3.5954E-01  1.5460E-01 -2.5386E-03
  5.8279E-02  1.9440E-01  8.6049E-06  7.6985E-04  3.5792E-01  1.5458E-01  1.0927E-03
  5.8639E-02  1.9560E-01  8.1069E-06  7.7083E-04  3.5582E-01  1.5458E-01  4.2194E-03
  5.8999E-02  1.9680E-01  7.3920E-06  7.7278E-04  3.5336E-01  1.5459E-01  6.5547E-03
  5.9389E-02  1.9810E-01  6.3862E-06  7.7561E-04  3.5043E-01  1.5463E-01  7.9717E-03
  5.9748E-02  1.9930E-01  5.2635E-06  7.7849E-04  3.4764E-01  1.5467E-01  8.1675E-03
  6.0108E-02  2.0050E-01  3.9785E-06  7.8124E-04  3.4494E-01  1.5472E-01  7.3253E-03
  6.0468E-02  2.0170E-01  2.5600E-06  7.8352E-04  3.4248E-01  1.5478E-01  5.5704E-03
  6.0858E-02  2.0300E-01  9.1119E-07  7.8511E-04  3.4022E-01  1.5484E-01  2.8710E-03
  6.1217E-02  2.0420E-01 -6.7514E-07  7.8557E-04  3.3860E-01  1.5489E-01 -8.9433E-05
  6.1577E-02  2.0540E-01 -2.2830E-06  7.8493E-04  3.3747E-01  1.5493E-01 -3.2145E-03
  6.1937E-02  2.0660E-01 -3.8721E-06  7.8319E-04  3.3683E-01  1.5496E-01 -6.2227E-03
  6.2326E-02  2.0790E-01 -5.5253E-06  7.8018E-04  3.3661E-01  1.5498E-01 -9.0465E-03
  6.2686E-02  2.0910E-01 -6.9456E-06  7.7656E-04  3.3675E-01  1.5498E-01 -1.1015E-02
  6.3046E-02  2.1030E-01 -8.2256E-06  7.7238E-04  3.3709E-01  1.5496E-01 -1.2202E-02
  6.3406E-02  2.1150E-01 -9.3306E-06  7.6795E-04  3.3751E-01  1.5493E-01 -1.2516E-02
  6.3765E-02  2.1270E-01 -1.0230E-05  7.6357E-04  3.3787E-01  1.5489E-01 -1.1946E-02
  6.4155E-02  2.1400E-01 -1.0942E-05  7.5925E-04  3.3805E-01  1.5484E-01 -1.0413E-02
  6.4515E-02  2.1520E-01 -1.1337E-05  7.5593E-04  3.3791E-01  1.5479E-01 -8.3122E-03
  6.4875E-02  2.1640E-01 -1.1465E-05  7.5345E-04  3.3741E-01  1.5474E-01 -5.7719E-03
  6.5234E-02  2.1760E-01 -1.1321E-05  7.5191E-04  3.3653E-01  1.5469E-01 -3.0431E-03
  6.5624E-02  2.1890E-01 -1.0858E-05  7.5134E-04  3.3515E-01  1.5465E-01 -1.7868E-04
  6.5984E-02  2.2010E-01 -1.0156E-05  7.5173E-04  3.3351E-01  1.5463E-01  2.1206E-03
  6.6344E-02  2.2130E-01 -9.2065E-06  7.5284E-04  3.3162E-01  1.5462E-01  3.8841E-03
  6.6703E-02  2.2250E-01 -8.0304E-06  7.5446E-04  3.2955E-01  1.5462E-01  4.9752E-03
  6.7093E-02  2.2380E-01 -6.5327E-06  7.5647E-04  3.2723E-01  1.5464E-01  5.3251E-03
  6.7453E-02  2.2500E-01 -4.9787E-06  7.5830E-04  3.2515E-01  1.5466E-01  4.8905E-03
  6.7813E-02  2.2620E-01 -3.2981E-06  7.5984E-04  3.2323E-01  1.5470E-01  3.8071E-03
  6.8172E-02  2.2740E-01 -1.5309E-06  7.6088E-04  3.2154E-01  1.5475E-01  2.2050E-03
  6.8532E-02  2.2860E-01  2.8050E-07  7.6127E-04  3.2017E-01  1.5480E-01  2.5215E-04
  6.8922E-02  2.2990E-01  2.2426E-06  7.6086E-04  3.1905E-01  1.5485E-01 -2.0396E-03
  6.9282E-02  2.3110E-01  4.0071E-06  7.5969E-04  3.1837E-01  1.5490E-01 -4.1113E-03
  6.9641E-02  2.3230E-01  5.6837E-06  7.5782E-04  3.1798E-01  1.5494E-01 -5.9556E-03
  7.0001E-02  2.3350E-01  7.2325E-06  7.5537E-04  3.1783E-01  1.5497E-01 -7.4190E-03
  7.0391E-02  2.3480E-01  8.7238E-06  7.5223E-04  3.1784E-01  1.5499E-01 -8.4433E-03
  7.0751E-02  2.3600E-01  9.8936E-06  7.4911E-04  3.1792E-01  1.5500E-01 -8.8025E-03
  7.1110E-02  2.3720E-01  1.0837E-05  7.4597E-04  3.1797E-01  1.5499E-01 -8.5887E-03
  7.1470E-02  2.3840E-01  1.1533E-05  7.4303E-04  3.1791E-01  1.5496E-01 -7.8465E-03
  7.1860E-02  2.3970E-01  1.1990E-05  7.4026E-04  3.1764E-01  1.5493E-01 -6.5541E-03
  7.2220E-02  2.4090E-01  1.2128E-05  7.3822E-04  3.1716E-01  1.5488E-01 -5.0504E-03
  7.2579E-02  2.4210E-01  1.1994E-05  7.3677E-04  3.1644E-01  1.5484E-01 -3.4068E-03
  7.2939E-02  2.4330E-01  1.1591E-05  7.3590E-04  3.1547E-01  1.5479E-01 -1.7830E-03
  7.3299E-02  2.4450E-01  1.0931E-05  7.3560E-04  3.1429E-01  1.5474E-01 -3.2788E-04
  7.3689E-02  2.4580E-01  9.9471E-06  7.3579E-04  3.1282E-01  1.5470E-01  9.1634E-04
  7.4048E-02  2.4700E-01  8.8151E-06  7.3631E-04  3.1135E-01  1.5467E-01  1.6666E-03
  7.4408E-02  2.4820E-01  7.4969E-06  7.3701E-04  3.0984E-01  1.5465E-01  1.9911E-03
  7.4768E-02  2.4940E-01  6.0248E-06  7.3773E-04  3.0836E-01  1.5465E-01  1.8912E-03
  7.5158E-02  2.5070E-01  4.2970E-06  7.3836E-04  3.0685E-01  1.5466E-01  1.3535E-03
  7.5517E-02  2.5190E-01  2.6195E-06  7.3868E-04  3.0562E-01  1.5468E-01  5.4152E-04
  7.5877E-02  2.5310E-01  9.0273E-07  7.3865E-04  3.0455E-01  1.5472E-01 -4.7228E-04
  7.6237E-02  2.5430E-01 -8.1423E-07  7.3822E-04  3.0369E-01  1.5476E-01 -1.5775E-03
  7.6627E-02  2.5560E-01 -2.6298E-06  7.3730E-04  3.0296E-01  1.5481E-01 -2.7491E-03
  7.6986E-02  2.5680E-01 -4.2252E-06  7.3606E-04  3.0246E-01  1.5486E-01 -3.6981E-03
  7.7346E-02  2.5800E-01 -5.7080E-06  7.3452E-04  3.0208E-01  1.5491E-01 -4.4364E-03
  7.7706E-02  2.5920E-01 -7.0470E-06  7.3277E-04  3.0178E-01  1.5495E-01 -4.9079E-03
  7.8066E-02  2.6040E-01 -8.2152E-06  7.3092E-04  3.0151E-01  1.5499E-01 -5.0868E-03
  7.8455E-02  2.6170E-01 -9.2619E-06  7.2893E-04  3.0118E-01  1.5501E-01 -4.9565E-03
  7.8815E-02  2.6290E-01 -1.0008E-05  7.2720E-04  3.0081E-01  1.5501E-01 -4.5746E-03
  7.9175E-02  2.6410E-01 -1.0529E-05  7.2567E-04  3.0034E-01  1.5500E-01 -4.0023E-03
  7.9535E-02  2.6530E-01 -1.0820E-05  7.2439E-04  2.9974E-01  1.5498E-01 -3.3145E-03
  7.9924E-02  2.6660E-01 -1.0874E-05  7.2330E-04  2.9895E-01  1.5495E-01 -2.5344E-03
  8.0284E-02  2.6780E-01 -1.0687E-05  7.2258E-04  2.9810E-01  1.5491E-01 -1.8670E-03
  8.0644E-02  2.6900E-01 -1.0283E-05  7.2208E-04  2.9716E-01  1.5486E-01 -1.3193E-03
  8.1004E-02  2.7020E-01 -9.6753E-06  7.2175E-04  2.9616E-01  1.5482E-01 -9.4097E-04
  8.1393E-02  2.7150E-01 -8.8083E-06  7.2150E-04  2.9505E-01  1.5477E-01 -7.5316E-04
  8.1753E-02  2.7270E-01 -7.8388E-06  7.2129E-04  2.9404E-01  1.5473E-01 -7.8698E-04
  8.2113E-02  2.7390E-01 -6.7325E-06  7.2101E-04  2.9307E-01  1.5471E-01 -9.9862E-04
  8.2473E-02  2.7510E-01 -5.5164E-06  7.2062E-04  2.9219E-01  1.5469E-01 -1.3486E-03
  8.2832E-02  2.7630E-01 -4.2194E-06  7.2006E-04  2.9140E-01  1.5469E-01 -1.7840E-03
  8.3222E-02  2.7760E-01 -2.7576E-06  7.1925E-04  2.9066E-01  1.5470E-01 -2.2828E-03
  8.3582E-02  2.7880E-01 -1.3877E-06  7.1831E-04  2.9008E-01  1.5472E-01 -2.7038E-03
  8.3942E-02  2.8000E-01 -2.8471E-08  7.1723E-04  2.8958E-01  1.5475E-01 -3.0314E-03
  8.4301E-02  2.8120E-01  1.2921E-06  7.1604E-04  2.8914E-01  1.5478E-01 -3.2243E-03
  8.4691E-02  2.8250E-01  2.6486E-06  7.1470E-04  2.8870E-01  1.5483E-01 -3.2529E-03
  8.5051E-02  2.8370E-01  3.8070E-06  7.1349E-04  2.8829E-01  1.5487E-01 -3.1077E-03
  8.5410E-02  2.8490E-01  4.8540E-06  7.1236E-04  2.8784E-01  1.5490E-01 -2.8130E-03
  8.5770E-02  2.8610E-01  5.7725E-06  7.1137E-04  2.8733E-01  1.5494E-01 -2.4018E-03
  8.6160E-02  2.8740E-01  6.6067E-06  7.1050E-04  2.8668E-01  1.5496E-01 -1.8803E-03
  8.6520E-02  2.8860E-01  7.2177E-06  7.0990E-04  2.8599E-01  1.5497E-01 -1.3899E-03
  8.6879E-02  2.8980E-01  7.6699E-06  7.0948E-04  2.8521E-01  1.5498E-01 -9.5166E-04
  8.7239E-02  2.9100E-01  7.9612E-06  7.0922E-04  2.8436E-01  1.5497E-01 -6.2005E-04
  8.7599E-02  2.9220E-01  8.0927E-06  7.0907E-04  2.8345E-01  1.5495E-01 -4.3796E-04
  8.7989E-02  2.9350E-01  8.0601E-06  7.0896E-04  2.8244E-01  1.5492E-01 -4.4080E-04
  8.8348E-02  2.9470E-01  7.8765E-06  7.0882E-04  2.8151E-01  1.5489E-01 -6.3649E-04
  8.8708E-02  2.9590E-01  7.5563E-06  7.0859E-04  2.8063E-01  1.5486E-01 -1.0044E-03
  8.9068E-02  2.9710E-01  7.1122E-06  7.0820E-04  2.7982E-01  1.5483E-01 -1.5126E-03
  8.9458E-02  2.9840E-01  6.5080E-06  7.0753E-04  2.7905E-01  1.5480E-01 -2.1665E-03
  8.9817E-02  2.9960E-01  5.8541E-06  7.0668E-04  2.7846E-01  1.5477E-01 -2.8031E-03
  9.0177E-02  3.0080E-01  5.1255E-06  7.0558E-04  2.7797E-01  1.5476E-01 -3.4065E-03
  9.0537E-02  3.0200E-01  4.3401E-06  7.0428E-04  2.7759E-01  1.5475E-01 -3.9145E-03
  9.0897E-02  3.0320E-01  3.5159E-06  7.0279E-04  2.7729E-01  1.5475E-01 -4.2731E-03
  9.1286E-02  3.0450E-01  2.6002E-06  7.0107E-04  2.7703E-01  1.5475E-01 -4.4444E-03
  9.1646E-02  3.0570E-01  1.7523E-06  6.9945E-04  2.7682E-01  1.5477E-01 -4.3758E-03
  9.2006E-02  3.0690E-01  9.1831E-07  6.9788E-04  2.7659E-01  1.5478E-01 -4.0846E-03
  9.2366E-02  3.0810E-01  1.1297E-07  6.9645E-04  2.7632E-01  1.5481E-01 -3.5874E-03
  9.2755E-02  3.0940E-01 -7.1220E-07  6.9514E-04  2.7594E-01  1.5483E-01 -2.8915E-03
  9.3115E-02  3.1060E-01 -1.4188E-06  6.9417E-04  2.7552E-01  1.5485E-01 -2.2842E-03
  9.3475E-02  3.1180E-01 -2.0638E-06  6.9340E-04  2.7504E-01  1.5487E-01 -1.8955E-03
  9.3835E-02  3.1300E-01 -2.6407E-06  6.9271E-04  2.7455E-01  1.5489E-01 -1.8434E-03
  9.4224E-02  3.1430E-01 -3.1832E-06  6.9193E-04  2.7409E-01  1.5489E-01 -2.1940E-03
  9.4584E-02  3.1550E-01 -3.6042E-06  6.9104E-04  2.7378E-01  1.5489E-01 -2.8074E-03
  9.4944E-02  3.1670E-01 -3.9464E-06  6.8993E-04  2.7361E-01  1.5489E-01 -3.5032E-03
  9.5304E-02  3.1790E-01 -4.2085E-06  6.8862E-04  2.7359E-01  1.5488E-01 -4.0008E-03
  9.5663E-02  3.1910E-01 -4.3904E-06  6.8723E-04  2.7367E-01  1.5488E-01 -3.9576E-03
  9.6053E-02  3.2040E-01 -4.4985E-06  6.8594E-04  2.7375E-01  1.5487E-01 -2.8802E-03
  9.6413E-02  3.2160E-01 -4.5185E-06  6.8537E-04  2.7365E-01  1.5487E-01 -5.7812E-04
  9.6773E-02  3.2280E-01 -4.4659E-06  6.8590E-04  2.7324E-01  1.5488E-01  3.2423E-03
  9.7132E-02  3.2400E-01 -4.3457E-06  6.8810E-04  2.7234E-01  1.5489E-01  8.7214E-03
  9.7522E-02  3.2530E-01 -4.1466E-06  6.9306E-04  2.7067E-01  1.5490E-01  1.6534E-02
  9.7882E-02  3.2650E-01 -3.9068E-06  7.0065E-04  2.6842E-01  1.5492E-01  2.5342E-02
  9.8242E-02  3.2770E-01 -3.6213E-06  7.1163E-04  2.6549E-01  1.5494E-01  3.5446E-02
  9.8601E-02  3.2890E-01 -3.2985E-06  7.2642E-04  2.6197E-01  1.5496E-01  4.6555E-02
  9.8991E-02  3.3020E-01 -2.9156E-06  7.4711E-04  2.5767E-01  1.5497E-01  5.9379E-02
  9.9351E-02  3.3140E-01 -2.5393E-06  7.7072E-04  2.5346E-01  1.5499E-01  7.1657E-02
  9.9711E-02  3.3260E-01 -2.1477E-06  7.9878E-04  2.4928E-01  1.5500E-01  8.4136E-02
  1.0007E-01  3.3380E-01 -1.7459E-06  8.3134E-04  2.4535E-01  1.5501E-01  9.6641E-02
  1.0043E-01  3.3500E-01 -1.3379E-06  8.6837E-04  2.4192E-01  1.5502E-01  1.0904E-01
  1.0082E-01  3.3630E-01 -8.9225E-07  9.1347E-04  2.3895E-01  1.5502E-01  1.2221E-01
  1.0118E-01  3.3750E-01 -4.7943E-07  9.5958E-04  2.3699E-01  1.5503E-01  1.3398E-01
  1.0154E-01  3.3870E-01 -6.6219E-08  1.0098E-03  2.3579E-01  1.5504E-01  1.4519E-01
  1.0190E-01  3.3990E-01  3.4700E-07  1.0640E-03  2.3521E-01  1.5505E-01  1.5565E-01
  1.0229E-01  3.4120E-01  7.9458E-07  1.1267E-03  2.3506E-01  1.5507E-01  1.6587E-01
  1.0265E-01  3.4240E-01  1.2077E-06  1.1879E-03  2.3505E-01  1.5508E-01  1.7404E-01
  1.0301E-01  3.4360E-01  1.6209E-06  1.2518E-03  2.3505E-01  1.5510E-01  1.8102E-01
  1.0337E-01  3.4480E-01  2.0340E-06  1.3181E-03  2.3505E-01  1.5512E-01  1.8700E-01
  1.0376E-01  3.4610E-01  2.4816E-06  1.3921E-03  2.3505E-01  1.5514E-01  1.9251E-01
  1.0412E-01  3.4730E-01  2.8947E-06  1.4622E-03  2.3505E-01  1.5516E-01  1.9687E-01
  1.0448E-01  3.4850E-01  3.3078E-06  1.5337E-03  2.3505E-01  1.5518E-01  2.0064E-01
  1.0484E-01  3.4970E-01  3.7210E-06  1.6065E-03  2.3505E-01  1.5520E-01  2.0391E-01
  1.0520E-01  3.5090E-01  4.1341E-06  1.6804E-03  2.3505E-01  1.5523E-01  2.0677E-01
  1.0559E-01  3.5220E-01  4.5817E-06  1.7615E-03  2.3505E-01  1.5525E-01  2.0946E-01
  1.0595E-01  3.5340E-01  4.9948E-06  1.8373E-03  2.3505E-01  1.5528E-01  2.1163E-01
  1.0631E-01  3.5460E-01  5.4079E-06  1.9138E-03  2.3505E-01  1.5531E-01  2.1355E-01
  1.0667E-01  3.5580E-01  5.8211E-06  1.9910E-03  2.3505E-01  1.5533E-01  2.1525E-01
  1.0706E-01  3.5710E-01  6.2686E-06  2.0752E-03  2.3505E-01  1.5537E-01  2.1689E-01
  1.0742E-01  3.5830E-01  6.6818E-06  2.1535E-03  2.3505E-01  1.5540E-01  2.1823E-01
  1.0777E-01  3.5950E-01  7.0949E-06  2.2322E-03  2.3505E-01  1.5543E-01  2.1943E-01
  1.0813E-01  3.6070E-01  7.5081E-06  2.3114E-03  2.3505E-01  1.5546E-01  2.2051E-01
  1.0852E-01  3.6200E-01  7.9556E-06  2.3975E-03  2.3505E-01  1.5550E-01  2.2156E-01
  1.0888E-01  3.6320E-01  8.3688E-06  2.4774E-03  2.3505E-01  1.5554E-01  2.2243E-01
  1.0924E-01  3.6440E-01  8.7819E-06  2.5576E-03  2.3505E-01  1.5558E-01  2.2323E-01
  1.1000E-01  3.6692E-01  9.6501E-06  2.7270E-03  2.3505E-01  1.5566E-01  2.2467E-01
