  3.0226E-11  0.0000E+00  1.7442E-07  1.5786E-03  4.9787E-01  9.6175E-02 -3.8979E-01
  3.5975E-04  1.2000E-03  1.9032E-07  1.4427E-03  4.9787E-01  9.6176E-02 -3.6470E-01
  7.1949E-04  2.4000E-03  2.0622E-07  1.3172E-03  4.9787E-01  9.6176E-02 -3.3176E-01
  1.0792E-03  3.6000E-03  2.2213E-07  1.2052E-03  4.9787E-01  9.6176E-02 -2.8858E-01
  1.4390E-03  4.8000E-03  2.3803E-07  1.1110E-03  4.9787E-01  9.6176E-02 -2.3278E-01
  1.7987E-03  6.0000E-03  2.5393E-07  1.0394E-03  4.9787E-01  9.6176E-02 -1.6303E-01
  2.1885E-03  7.3000E-03  2.7115E-07  9.9297E-04  4.9787E-01  9.6177E-02 -7.3370E-02
  2.5482E-03  8.5000E-03  2.8705E-07  9.8267E-04  4.9787E-01  9.6177E-02  1.6553E-02
  2.9079E-03  9.7000E-03  3.0290E-07  1.0046E-03  4.9774E-01  9.6177E-02  1.0398E-01
  3.2677E-03  1.0900E-02  3.1837E-07  1.0560E-03  4.9655E-01  9.6177E-02  1.7917E-01
  3.6574E-03  1.2200E-02  3.3396E-07  1.1383E-03  4.9162E-01  9.6178E-02  2.3879E-01
  4.0172E-03  1.3400E-02  3.4621E-07  1.2304E-03  4.8028E-01  9.6177E-02  2.6926E-01
  4.3769E-03  1.4600E-02  3.5515E-07  1.3288E-03  4.5865E-01  9.6177E-02  2.7313E-01
  4.7367E-03  1.5800E-02  3.5951E-07  1.4234E-03  4.2394E-01  9.6176E-02  2.4748E-01
  5.1264E-03  1.7100E-02  3.5764E-07  1.5086E-03  3.7304E-01  9.6176E-02  1.8303E-01
  5.4861E-03  1.8300E-02  3.4882E-07  1.5584E-03  3.2695E-01  9.6176E-02  8.7858E-02
  5.8459E-03  1.9500E-02  3.3252E-07  1.5678E-03  3.1586E-01  9.6177E-02 -4.0598E-02
  6.2056E-03  2.0700E-02  3.0809E-07  1.5258E-03  3.7741E-01  9.6178E-02 -1.9686E-01
  6.5654E-03  2.1900E-02  2.7463E-07  1.4242E-03  5.0554E-01  9.6178E-02 -3.6954E-01
  6.9551E-03  2.3200E-02  2.2635E-07  1.2438E-03  6.7933E-01  9.6176E-02 -5.5288E-01
  7.3148E-03  2.4400E-02  1.6837E-07  1.0193E-03  8.3760E-01  9.6174E-02 -6.8572E-01
  7.6746E-03  2.5600E-02  9.5584E-08  7.6164E-04  9.6635E-01  9.6176E-02 -7.2204E-01
  8.0343E-03  2.6800E-02  7.6611E-09  5.3031E-04  1.0440E+00  9.6180E-02 -4.9463E-01
  8.4241E-03  2.8100E-02 -1.0114E-07  4.7474E-04  1.0539E+00  9.6180E-02  2.5670E-01
  8.7838E-03  2.9300E-02 -2.0666E-07  6.5682E-04  9.8922E-01  9.6173E-02  6.6250E-01
  9.1435E-03  3.0500E-02 -3.0662E-07  9.0485E-04  8.6007E-01  9.6164E-02  6.7767E-01
  9.5033E-03  3.1700E-02 -3.8904E-07  1.1265E-03  6.8437E-01  9.6195E-02  5.3861E-01
  9.8930E-03  3.3000E-02 -4.4468E-07  1.2940E-03  4.8056E-01  9.6395E-02  3.1284E-01
  1.0253E-02  3.4200E-02 -4.5368E-07  1.3646E-03  3.5307E-01  9.6888E-02  7.8298E-02
  1.0613E-02  3.5400E-02 -4.1387E-07  1.3507E-03  3.7925E-01  9.7771E-02 -1.5243E-01
  1.0972E-02  3.6600E-02 -3.2158E-07  1.2580E-03  5.1610E-01  9.8964E-02 -3.5651E-01
  1.1332E-02  3.7800E-02 -1.7807E-07  1.0998E-03  6.6763E-01  1.0020E-01 -5.1309E-01
  1.1722E-02  3.9100E-02  2.6992E-08  8.7954E-04  8.0120E-01  1.0124E-01 -5.9854E-01
  1.2081E-02  4.0300E-02  2.4794E-07  6.6922E-04  8.8063E-01  1.0171E-01 -5.4126E-01
  1.2441E-02  4.1500E-02  4.8080E-07  5.2070E-04  9.1287E-01  1.0175E-01 -2.3479E-01
  1.2801E-02  4.2700E-02  7.0431E-07  5.2588E-04  8.9775E-01  1.0155E-01  2.5342E-01
  1.3191E-02  4.4000E-02  9.1103E-07  6.8895E-04  8.3195E-01  1.0141E-01  5.2178E-01
  1.3550E-02  4.5200E-02  1.0487E-06  8.8395E-04  7.3349E-01  1.0165E-01  5.3639E-01
  1.3910E-02  4.6400E-02  1.1206E-06  1.0633E-03  6.1090E-01  1.0250E-01  4.4876E-01
  1.4270E-02  4.7600E-02  1.1183E-06  1.2010E-03  4.8260E-01  1.0410E-01  3.1172E-01
  1.4660E-02  4.8900E-02  1.0306E-06  1.2887E-03  3.7371E-01  1.0668E-01  1.3740E-01
  1.5019E-02  5.0100E-02  8.7660E-07  1.3078E-03  3.4931E-01  1.0967E-01 -2.8955E-02
  1.5379E-02  5.1300E-02  6.6444E-07  1.2682E-03  4.0989E-01  1.1287E-01 -1.8584E-01
  1.5739E-02  5.2500E-02  4.1063E-07  1.1760E-03  5.1205E-01  1.1587E-01 -3.1966E-01
  1.6099E-02  5.3700E-02  1.3475E-07  1.0421E-03  6.1666E-01  1.1827E-01 -4.1541E-01
  1.6488E-02  5.5000E-02 -1.6485E-07  8.7030E-04  7.0958E-01  1.1992E-01 -4.5207E-01
  1.6848E-02  5.6200E-02 -4.2033E-07  7.1617E-04  7.6617E-01  1.2054E-01 -3.8743E-01
  1.7208E-02  5.7400E-02 -6.3687E-07  6.0949E-04  7.9046E-01  1.2047E-01 -1.8687E-01
  1.7568E-02  5.8600E-02 -7.9973E-07  5.9540E-04  7.8199E-01  1.2002E-01  1.0320E-01
  1.7957E-02  5.9900E-02 -9.0357E-07  6.8580E-04  7.3876E-01  1.1956E-01  3.2603E-01
  1.8317E-02  6.1100E-02 -9.2668E-07  8.1859E-04  6.7306E-01  1.1955E-01  3.8839E-01
  1.8677E-02  6.2300E-02 -8.7996E-07  9.5548E-04  5.9099E-01  1.2022E-01  3.5982E-01
  1.9037E-02  6.3500E-02 -7.6897E-07  1.0717E-03  5.0438E-01  1.2171E-01  2.8085E-01
  1.9426E-02  6.4800E-02 -5.8905E-07  1.1590E-03  4.2494E-01  1.2421E-01  1.6604E-01
  1.9786E-02  6.6000E-02 -3.8492E-07  1.1972E-03  3.8698E-01  1.2713E-01  4.9515E-02
  2.0146E-02  6.7200E-02 -1.6418E-07  1.1934E-03  3.9626E-01  1.3032E-01 -6.5064E-02
  2.0506E-02  6.8400E-02  5.2109E-08  1.1503E-03  4.4397E-01  1.3342E-01 -1.6743E-01
  2.0865E-02  6.9600E-02  2.4276E-07  1.0742E-03  5.0905E-01  1.3606E-01 -2.4757E-01
  2.1255E-02  7.0900E-02  3.9833E-07  9.6632E-04  5.7867E-01  1.3813E-01 -2.9663E-01
  2.1615E-02  7.2100E-02  4.7916E-07  8.5873E-04  6.3049E-01  1.3916E-01 -2.9337E-01
  2.1975E-02  7.3300E-02  4.9014E-07  7.6329E-04  6.6433E-01  1.3940E-01 -2.3024E-01
  2.2334E-02  7.4500E-02  4.2805E-07  7.0234E-04  6.7768E-01  1.3902E-01 -1.0655E-01
  2.2724E-02  7.5800E-02  2.8150E-07  6.9435E-04  6.6899E-01  1.3824E-01  5.6745E-02
  2.3084E-02  7.7000E-02  8.1976E-08  7.3903E-04  6.4172E-01  1.3752E-01  1.7483E-01
  2.3444E-02  7.8200E-02 -1.6581E-07  8.1503E-04  5.9988E-01  1.3710E-01  2.3194E-01
  2.3803E-02  7.9400E-02 -4.4509E-07  9.0075E-04  5.4906E-01  1.3722E-01  2.3420E-01
  2.4193E-02  8.0700E-02 -7.5990E-07  9.8527E-04  4.9243E-01  1.3808E-01  1.9412E-01
  2.4553E-02  8.1900E-02 -1.0379E-06  1.0442E-03  4.4824E-01  1.3955E-01  1.3376E-01
  2.4912E-02  8.3100E-02 -1.2798E-06  1.0790E-03  4.2102E-01  1.4152E-01  6.2671E-02
  2.5272E-02  8.4300E-02 -1.4624E-06  1.0874E-03  4.1629E-01  1.4379E-01 -1.0190E-02
  2.5632E-02  8.5500E-02 -1.5646E-06  1.0705E-03  4.3286E-01  1.4609E-01 -7.7265E-02
  2.6022E-02  8.6800E-02 -1.5648E-06  1.0275E-03  4.6652E-01  1.4830E-01 -1.3558E-01
  2.6381E-02  8.8000E-02 -1.4509E-06  9.7145E-04  5.0264E-01  1.4986E-01 -1.6949E-01
  2.6741E-02  8.9200E-02 -1.2229E-06  9.0789E-04  5.3606E-01  1.5084E-01 -1.7853E-01
  2.7101E-02  9.0400E-02 -8.8392E-07  8.4665E-04  5.6180E-01  1.5119E-01 -1.5880E-01
  2.7491E-02  9.1700E-02 -4.0414E-07  7.9500E-04  5.7776E-01  1.5095E-01 -1.0567E-01
  2.7850E-02  9.2900E-02  1.2381E-07  7.7019E-04  5.8037E-01  1.5032E-01 -3.6670E-02
  2.8210E-02  9.4100E-02  7.0953E-07  7.7125E-04  5.7173E-01  1.4950E-01  3.4266E-02
  2.8570E-02  9.5300E-02  1.3256E-06  7.9537E-04  5.5348E-01  1.4870E-01  8.9815E-02
  2.8960E-02  9.6600E-02  1.9923E-06  8.3850E-04  5.2592E-01  1.4810E-01  1.2184E-01
  2.9319E-02  9.7800E-02  2.5736E-06  8.8401E-04  4.9703E-01  1.4793E-01  1.2525E-01
  2.9679E-02  9.9000E-02  3.0893E-06  9.2654E-04  4.6904E-01  1.4822E-01  1.0864E-01
  3.0039E-02  1.0020E-01  3.5094E-06  9.6009E-04  4.4609E-01  1.4894E-01  7.8418E-02
  3.0399E-02  1.0140E-01  3.8058E-06  9.8098E-04  4.3160E-01  1.5003E-01  4.0755E-02
  3.0788E-02  1.0270E-01  3.9600E-06  9.8758E-04  4.2738E-01  1.5146E-01 -2.1237E-03
  3.1148E-02  1.0390E-01  3.9288E-06  9.7924E-04  4.3342E-01  1.5283E-01 -3.8584E-02
  3.1508E-02  1.0510E-01  3.7203E-06  9.5906E-04  4.4634E-01  1.5408E-01 -6.7944E-02
  3.1868E-02  1.0630E-01  3.3322E-06  9.3031E-04  4.6265E-01  1.5509E-01 -8.6967E-02
  3.2257E-02  1.0760E-01  2.7173E-06  8.9441E-04  4.8020E-01  1.5578E-01 -9.3314E-02
  3.2617E-02  1.0880E-01  1.9873E-06  8.6203E-04  4.9340E-01  1.5603E-01 -8.5157E-02
  3.2977E-02  1.1000E-01  1.1262E-06  8.3517E-04  5.0190E-01  1.5592E-01 -6.4840E-02
  3.3337E-02  1.1120E-01  1.6517E-07  8.1755E-04  5.0480E-01  1.5551E-01 -3.6035E-02
  3.3726E-02  1.1250E-01 -9.4664E-07  8.1111E-04  5.0156E-01  1.5486E-01 -1.7518E-03
  3.4086E-02  1.1370E-01 -1.9954E-06  8.1655E-04  4.9335E-01  1.5421E-01  2.6300E-02
  3.4446E-02  1.1490E-01 -3.0231E-06  8.3057E-04  4.8136E-01  1.5362E-01  4.6191E-02
  3.4806E-02  1.1610E-01 -3.9879E-06  8.4970E-04  4.6719E-01  1.5319E-01  5.5802E-02
  3.5165E-02  1.1730E-01 -4.8497E-06  8.7016E-04  4.5267E-01  1.5299E-01  5.5310E-02
  3.5555E-02  1.1860E-01 -5.6235E-06  8.8995E-04  4.3867E-01  1.5308E-01  4.5406E-02
  3.5915E-02  1.1980E-01 -6.1553E-06  9.0336E-04  4.2894E-01  1.5341E-01  3.0313E-02
  3.6275E-02  1.2100E-01 -6.4837E-06  9.1058E-04  4.2326E-01  1.5393E-01  1.2306E-02
  3.6634E-02  1.2220E-01 -6.5886E-06  9.1111E-04  4.2182E-01  1.5457E-01 -6.0201E-03
  3.7024E-02  1.2350E-01 -6.4361E-06  9.0461E-04  4.2442E-01  1.5529E-01 -2.3594E-02
  3.7384E-02  1.2470E-01 -6.0469E-06  8.9331E-04  4.2948E-01  1.5590E-01 -3.5748E-02
  3.7744E-02  1.2590E-01 -5.4265E-06  8.7869E-04  4.3572E-01  1.5639E-01 -4.2688E-02
  3.8103E-02  1.2710E-01 -4.5918E-06  8.6280E-04  4.4183E-01  1.5670E-01 -4.3821E-02
  3.8493E-02  1.2840E-01 -3.4756E-06  8.4657E-04  4.4702E-01  1.5683E-01 -3.8718E-02
  3.8853E-02  1.2960E-01 -2.2855E-06  8.3447E-04  4.4970E-01  1.5677E-01 -2.9243E-02
  3.9213E-02  1.3080E-01 -9.8283E-07  8.2648E-04  4.4995E-01  1.5656E-01 -1.6940E-02
  3.9572E-02  1.3200E-01  3.8810E-07  8.2318E-04  4.4775E-01  1.5625E-01 -3.8968E-03
  3.9932E-02  1.3320E-01  1.7803E-06  8.2440E-04  4.4337E-01  1.5591E-01  7.8359E-03
  4.0322E-02  1.3450E-01  3.2571E-06  8.2982E-04  4.3678E-01  1.5554E-01  1.7210E-02
  4.0682E-02  1.3570E-01  4.5410E-06  8.3722E-04  4.2973E-01  1.5527E-01  2.1815E-02
  4.1041E-02  1.3690E-01  5.7027E-06  8.4542E-04  4.2254E-01  1.5510E-01  2.2358E-02
  4.1401E-02  1.3810E-01  6.7015E-06  8.5299E-04  4.1593E-01  1.5504E-01  1.9279E-02
  4.1791E-02  1.3940E-01  7.5587E-06  8.5920E-04  4.1014E-01  1.5509E-01  1.2844E-02
  4.2150E-02  1.4060E-01  8.1114E-06  8.6225E-04  4.0644E-01  1.5523E-01  5.1849E-03
  4.2510E-02  1.4180E-01  8.4135E-06  8.6238E-04  4.0448E-01  1.5543E-01 -2.9793E-03
  4.2870E-02  1.4300E-01  8.4525E-06  8.5964E-04  4.0410E-01  1.5567E-01 -1.0606E-02
  4.3260E-02  1.4430E-01  8.1938E-06  8.5389E-04  4.0510E-01  1.5591E-01 -1.7250E-02
  4.3619E-02  1.4550E-01  7.6838E-06  8.4673E-04  4.0682E-01  1.5610E-01 -2.1207E-02
  4.3979E-02  1.4670E-01  6.9290E-06  8.3867E-04  4.0878E-01  1.5624E-01 -2.2718E-02
  4.4339E-02  1.4790E-01  5.9532E-06  8.3059E-04  4.1051E-01  1.5632E-01 -2.1747E-02
  4.4699E-02  1.4910E-01  4.7873E-06  8.2336E-04  4.1163E-01  1.5633E-01 -1.8563E-02
  4.5088E-02  1.5040E-01  3.3532E-06  8.1725E-04  4.1182E-01  1.5628E-01 -1.3243E-02
  4.5448E-02  1.5160E-01  1.9161E-06  8.1369E-04  4.1093E-01  1.5621E-01 -7.3846E-03
  4.5808E-02  1.5280E-01  4.1667E-07  8.1228E-04  4.0901E-01  1.5611E-01 -1.4375E-03
  4.6168E-02  1.5400E-01 -1.0986E-06  8.1288E-04  4.0619E-01  1.5601E-01  3.8490E-03
  4.6557E-02  1.5530E-01 -2.7040E-06  8.1538E-04  4.0234E-01  1.5593E-01  8.1436E-03
  4.6917E-02  1.5650E-01 -4.1044E-06  8.1880E-04  3.9836E-01  1.5587E-01  1.0391E-02
  4.7277E-02  1.5770E-01 -5.3830E-06  8.2266E-04  3.9427E-01  1.5585E-01  1.0861E-02
  4.7637E-02  1.5890E-01 -6.5021E-06  8.2634E-04  3.9037E-01  1.5586E-01  9.6474E-03
  4.8026E-02  1.6020E-01 -7.4968E-06  8.2948E-04  3.8663E-01  1.5589E-01  6.7449E-03
  4.8386E-02  1.6140E-01 -8.1862E-06  8.3115E-04  3.8384E-01  1.5594E-01  3.0167E-03
  4.8746E-02  1.6260E-01 -8.6370E-06  8.3138E-04  3.8179E-01  1.5599E-01 -1.2541E-03
  4.9106E-02  1.6380E-01 -8.8384E-06  8.3006E-04  3.8050E-01  1.5603E-01 -5.6030E-03
  4.9465E-02  1.6500E-01 -8.7881E-06  8.2727E-04  3.7991E-01  1.5606E-01 -9.5912E-03
  4.9855E-02  1.6630E-01 -8.4557E-06  8.2282E-04  3.7990E-01  1.5607E-01 -1.3068E-02
  5.0215E-02  1.6750E-01 -7.9064E-06  8.1774E-04  3.8030E-01  1.5605E-01 -1.5189E-02
  5.0575E-02  1.6870E-01 -7.1452E-06  8.1214E-04  3.8087E-01  1.5602E-01 -1.6080E-02
  5.0934E-02  1.6990E-01 -6.1981E-06  8.0648E-04  3.8142E-01  1.5597E-01 -1.5681E-02
  5.1324E-02  1.7120E-01 -4.9984E-06  8.0078E-04  3.8178E-01  1.5591E-01 -1.3866E-02
  5.1684E-02  1.7240E-01 -3.7680E-06  7.9635E-04  3.8173E-01  1.5586E-01 -1.1116E-02
  5.2044E-02  1.7360E-01 -2.4580E-06  7.9303E-04  3.8121E-01  1.5583E-01 -7.6269E-03
  5.2403E-02  1.7480E-01 -1.1071E-06  7.9101E-04  3.8015E-01  1.5581E-01 -3.7584E-03
  5.2793E-02  1.7610E-01  3.5749E-07  7.9036E-04  3.7838E-01  1.5582E-01  4.0785E-04
  5.3153E-02  1.7730E-01  1.6701E-06  7.9110E-04  3.7622E-01  1.5585E-01  3.8253E-03
  5.3513E-02  1.7850E-01  2.9084E-06  7.9292E-04  3.7364E-01  1.5590E-01  6.4973E-03
  5.3872E-02  1.7970E-01  4.0400E-06  7.9550E-04  3.7075E-01  1.5596E-01  8.1836E-03
  5.4232E-02  1.8090E-01  5.0362E-06  7.9848E-04  3.6771E-01  1.5602E-01  8.7484E-03
  5.4622E-02  1.8220E-01  5.9357E-06  8.0170E-04  3.6444E-01  1.5609E-01  8.0683E-03
  5.4982E-02  1.8340E-01  6.5809E-06  8.0423E-04  3.6160E-01  1.5615E-01  6.3377E-03
  5.5341E-02  1.8460E-01  7.0364E-06  8.0601E-04  3.5911E-01  1.5618E-01  3.7302E-03
  5.5701E-02  1.8580E-01  7.2969E-06  8.0676E-04  3.5706E-01  1.5620E-01  4.9556E-04
  5.6091E-02  1.8710E-01  7.3598E-06  8.0621E-04  3.5545E-01  1.5620E-01 -3.3730E-03
  5.6451E-02  1.8830E-01  7.2227E-06  8.0438E-04  3.5455E-01  1.5617E-01 -6.9389E-03
  5.6810E-02  1.8950E-01  6.9105E-06  8.0135E-04  3.5418E-01  1.5613E-01 -1.0174E-02
  5.7170E-02  1.9070E-01  6.4396E-06  7.9727E-04  3.5425E-01  1.5607E-01 -1.2788E-02
  5.7560E-02  1.9200E-01  5.7740E-06  7.9198E-04  3.5470E-01  1.5599E-01 -1.4639E-02
  5.7920E-02  1.9320E-01  5.0408E-06  7.8666E-04  3.5528E-01  1.5592E-01 -1.5264E-02
  5.8279E-02  1.9440E-01  4.2194E-06  7.8131E-04  3.5588E-01  1.5585E-01 -1.4768E-02
  5.8639E-02  1.9560E-01  3.3359E-06  7.7631E-04  3.5631E-01  1.5579E-01 -1.3180E-02
  5.8999E-02  1.9680E-01  2.4169E-06  7.7205E-04  3.5644E-01  1.5575E-01 -1.0631E-02
  5.9389E-02  1.9810E-01  1.4114E-06  7.6861E-04  3.5611E-01  1.5573E-01 -7.0596E-03
  5.9748E-02  1.9930E-01  5.0087E-07  7.6673E-04  3.5529E-01  1.5572E-01 -3.3497E-03
  6.0108E-02  2.0050E-01 -3.6921E-07  7.6618E-04  3.5395E-01  1.5574E-01  3.8761E-04
  6.0468E-02  2.0170E-01 -1.1782E-06  7.6691E-04  3.5211E-01  1.5577E-01  3.7887E-03
  6.0858E-02  2.0300E-01 -1.9655E-06  7.6893E-04  3.4963E-01  1.5582E-01  6.7194E-03
  6.1217E-02  2.0420E-01 -2.5948E-06  7.7162E-04  3.4701E-01  1.5587E-01  8.4661E-03
  6.1577E-02  2.0540E-01 -3.1204E-06  7.7475E-04  3.4422E-01  1.5593E-01  9.1432E-03
  6.1937E-02  2.0660E-01 -3.5362E-06  7.7793E-04  3.4141E-01  1.5599E-01  8.7152E-03
  6.2326E-02  2.0790E-01 -3.8607E-06  7.8097E-04  3.3855E-01  1.5605E-01  7.0877E-03
  6.2686E-02  2.0910E-01 -4.0462E-06  7.8306E-04  3.3624E-01  1.5610E-01  4.6855E-03
  6.3046E-02  2.1030E-01 -4.1281E-06  7.8417E-04  3.3435E-01  1.5614E-01  1.6591E-03
  6.3406E-02  2.1150E-01 -4.1150E-06  7.8414E-04  3.3297E-01  1.5617E-01 -1.7126E-03
  6.3765E-02  2.1270E-01 -4.0180E-06  7.8289E-04  3.3211E-01  1.5618E-01 -5.1309E-03
  6.4155E-02  2.1400E-01 -3.8329E-06  7.8021E-04  3.3176E-01  1.5617E-01 -8.5451E-03
  6.4515E-02  2.1520E-01 -3.6030E-06  7.7667E-04  3.3187E-01  1.5615E-01 -1.1143E-02
  6.4875E-02  2.1640E-01 -3.3309E-06  7.7234E-04  3.3230E-01  1.5612E-01 -1.2985E-02
  6.5234E-02  2.1760E-01 -3.0305E-06  7.6752E-04  3.3289E-01  1.5607E-01 -1.3917E-02
  6.5624E-02  2.1890E-01 -2.6885E-06  7.6215E-04  3.3357E-01  1.5601E-01 -1.3817E-02
  6.5984E-02  2.2010E-01 -2.3705E-06  7.5742E-04  3.3406E-01  1.5594E-01 -1.2719E-02
  6.6344E-02  2.2130E-01 -2.0613E-06  7.5325E-04  3.3430E-01  1.5588E-01 -1.0766E-02
  6.6703E-02  2.2250E-01 -1.7700E-06  7.4991E-04  3.3419E-01  1.5582E-01 -8.1487E-03
  6.7093E-02  2.2380E-01 -1.4828E-06  7.4745E-04  3.3361E-01  1.5577E-01 -4.8555E-03
  6.7453E-02  2.2500E-01 -1.2491E-06  7.4633E-04  3.3262E-01  1.5573E-01 -1.7003E-03
  6.7813E-02  2.2620E-01 -1.0486E-06  7.4630E-04  3.3122E-01  1.5571E-01  1.2685E-03
  6.8172E-02  2.2740E-01 -8.8167E-07  7.4725E-04  3.2946E-01  1.5571E-01  3.7916E-03
  6.8532E-02  2.2860E-01 -7.4640E-07  7.4896E-04  3.2742E-01  1.5572E-01  5.6647E-03
  6.8922E-02  2.2990E-01 -6.3094E-07  7.5139E-04  3.2503E-01  1.5576E-01  6.8109E-03
  6.9282E-02  2.3110E-01 -5.4655E-07  7.5384E-04  3.2277E-01  1.5581E-01  7.0029E-03
  6.9641E-02  2.3230E-01 -4.7554E-07  7.5619E-04  3.2059E-01  1.5587E-01  6.3934E-03
  7.0001E-02  2.3350E-01 -4.0909E-07  7.5818E-04  3.1859E-01  1.5594E-01  5.0804E-03
  7.0391E-02  2.3480E-01 -3.3137E-07  7.5967E-04  3.1673E-01  1.5602E-01  3.0375E-03
  7.0751E-02  2.3600E-01 -2.4422E-07  7.6026E-04  3.1535E-01  1.5609E-01  7.7523E-04
  7.1110E-02  2.3720E-01 -1.3310E-07  7.6001E-04  3.1434E-01  1.5615E-01 -1.6434E-03
  7.1470E-02  2.3840E-01  9.7597E-09  7.5892E-04  3.1368E-01  1.5620E-01 -4.0206E-03
  7.1860E-02  2.3970E-01  2.0747E-07  7.5683E-04  3.1331E-01  1.5624E-01 -6.3376E-03
  7.2220E-02  2.4090E-01  4.3409E-07  7.5421E-04  3.1323E-01  1.5625E-01 -8.0726E-03
  7.2579E-02  2.4210E-01  7.0502E-07  7.5108E-04  3.1333E-01  1.5623E-01 -9.3018E-03
  7.2939E-02  2.4330E-01  1.0198E-06  7.4765E-04  3.1351E-01  1.5620E-01 -9.9548E-03
  7.3299E-02  2.4450E-01  1.3758E-06  7.4411E-04  3.1369E-01  1.5615E-01 -1.0009E-02
  7.3689E-02  2.4580E-01  1.8020E-06  7.4041E-04  3.1379E-01  1.5609E-01 -9.4228E-03
  7.4048E-02  2.4700E-01  2.2250E-06  7.3731E-04  3.1373E-01  1.5601E-01 -8.3613E-03
  7.4408E-02  2.4820E-01  2.6669E-06  7.3467E-04  3.1348E-01  1.5594E-01 -6.9096E-03
  7.4768E-02  2.4940E-01  3.1166E-06  7.3260E-04  3.1301E-01  1.5587E-01 -5.1993E-03
  7.5158E-02  2.5070E-01  3.5981E-06  7.3106E-04  3.1223E-01  1.5581E-01 -3.2222E-03
  7.5517E-02  2.5190E-01  4.0225E-06  7.3030E-04  3.1129E-01  1.5576E-01 -1.4359E-03
  7.5877E-02  2.5310E-01  4.4127E-06  7.3012E-04  3.1014E-01  1.5574E-01  1.8071E-04
  7.6237E-02  2.5430E-01  4.7536E-06  7.3044E-04  3.0884E-01  1.5573E-01  1.5217E-03
  7.6627E-02  2.5560E-01  5.0497E-06  7.3123E-04  3.0731E-01  1.5575E-01  2.5749E-03
  7.6986E-02  2.5680E-01  5.2400E-06  7.3220E-04  3.0583E-01  1.5578E-01  3.1316E-03
  7.7346E-02  2.5800E-01  5.3367E-06  7.3328E-04  3.0435E-01  1.5582E-01  3.2777E-03
  7.7706E-02  2.5920E-01  5.3282E-06  7.3433E-04  3.0291E-01  1.5588E-01  3.0317E-03
  7.8066E-02  2.6040E-01  5.2048E-06  7.3521E-04  3.0156E-01  1.5594E-01  2.4369E-03
  7.8455E-02  2.6170E-01  4.9335E-06  7.3587E-04  3.0023E-01  1.5601E-01  1.4710E-03
  7.8815E-02  2.6290E-01  4.5519E-06  7.3611E-04  2.9916E-01  1.5607E-01  3.6300E-04
  7.9175E-02  2.6410E-01  4.0440E-06  7.3595E-04  2.9824E-01  1.5612E-01 -8.6829E-04
  7.9535E-02  2.6530E-01  3.4132E-06  7.3535E-04  2.9749E-01  1.5615E-01 -2.1388E-03
  7.9924E-02  2.6660E-01  2.5992E-06  7.3424E-04  2.9685E-01  1.5618E-01 -3.4656E-03
  8.0284E-02  2.6780E-01  1.7384E-06  7.3280E-04  2.9640E-01  1.5618E-01 -4.5658E-03
  8.0644E-02  2.6900E-01  7.8705E-07  7.3102E-04  2.9607E-01  1.5617E-01 -5.4817E-03
  8.1004E-02  2.7020E-01 -2.3794E-07  7.2897E-04  2.9582E-01  1.5615E-01 -6.1632E-03
  8.1393E-02  2.7150E-01 -1.4085E-06  7.2655E-04  2.9561E-01  1.5611E-01 -6.5951E-03
  8.1753E-02  2.7270E-01 -2.5209E-06  7.2424E-04  2.9545E-01  1.5607E-01 -6.6906E-03
  8.2113E-02  2.7390E-01 -3.6397E-06  7.2194E-04  2.9527E-01  1.5603E-01 -6.4924E-03
  8.2473E-02  2.7510E-01 -4.7398E-06  7.1975E-04  2.9504E-01  1.5599E-01 -6.0152E-03
  8.2832E-02  2.7630E-01 -5.7960E-06  7.1778E-04  2.9474E-01  1.5595E-01 -5.2911E-03
  8.3222E-02  2.7760E-01 -6.8611E-06  7.1595E-04  2.9431E-01  1.5591E-01 -4.2831E-03
  8.3582E-02  2.7880E-01 -7.7444E-06  7.1462E-04  2.9379E-01  1.5589E-01 -3.2123E-03
  8.3942E-02  2.8000E-01 -8.5076E-06  7.1367E-04  2.9313E-01  1.5587E-01 -2.0809E-03
  8.4301E-02  2.8120E-01 -9.1288E-06  7.1311E-04  2.9234E-01  1.5586E-01 -9.6709E-04
  8.4691E-02  2.8250E-01 -9.6188E-06  7.1292E-04  2.9134E-01  1.5586E-01  1.2903E-04
  8.5051E-02  2.8370E-01 -9.8847E-06  7.1308E-04  2.9031E-01  1.5587E-01  9.6118E-04
  8.5410E-02  2.8490E-01 -9.9584E-06  7.1349E-04  2.8918E-01  1.5588E-01  1.5590E-03
  8.5770E-02  2.8610E-01 -9.8311E-06  7.1408E-04  2.8800E-01  1.5589E-01  1.8788E-03
  8.6160E-02  2.8740E-01 -9.4609E-06  7.1478E-04  2.8670E-01  1.5590E-01  1.8856E-03
  8.6520E-02  2.8860E-01 -8.9053E-06  7.1538E-04  2.8553E-01  1.5592E-01  1.5786E-03
  8.6879E-02  2.8980E-01 -8.1492E-06  7.1583E-04  2.8443E-01  1.5593E-01  9.9497E-04
  8.7239E-02  2.9100E-01 -7.2025E-06  7.1604E-04  2.8342E-01  1.5594E-01  1.7918E-04
  8.7599E-02  2.9220E-01 -6.0795E-06  7.1594E-04  2.8255E-01  1.5595E-01 -8.0678E-04
  8.7989E-02  2.9350E-01 -4.6857E-06  7.1541E-04  2.8178E-01  1.5596E-01 -1.9790E-03
  8.8348E-02  2.9470E-01 -3.2598E-06  7.1451E-04  2.8123E-01  1.5597E-01 -3.0672E-03
  8.8708E-02  2.9590E-01 -1.7272E-06  7.1324E-04  2.8085E-01  1.5598E-01 -4.0733E-03
  8.9068E-02  2.9710E-01 -1.1714E-07  7.1163E-04  2.8060E-01  1.5599E-01 -4.9159E-03
  8.9458E-02  2.9840E-01  1.6780E-06  7.0959E-04  2.8045E-01  1.5600E-01 -5.5624E-03
  8.9817E-02  2.9960E-01  3.3466E-06  7.0752E-04  2.8039E-01  1.5601E-01 -5.8566E-03
  9.0177E-02  3.0080E-01  4.9913E-06  7.0540E-04  2.8035E-01  1.5602E-01 -5.8287E-03
  9.0537E-02  3.0200E-01  6.5782E-06  7.0334E-04  2.8028E-01  1.5603E-01 -5.4747E-03
  9.0897E-02  3.0320E-01  8.0736E-06  7.0146E-04  2.8015E-01  1.5604E-01 -4.8188E-03
  9.1286E-02  3.0450E-01  9.5529E-06  6.9973E-04  2.7987E-01  1.5605E-01 -3.8279E-03
  9.1646E-02  3.0570E-01  1.0756E-05  6.9852E-04  2.7946E-01  1.5605E-01 -2.7368E-03
  9.2006E-02  3.0690E-01  1.1776E-05  6.9772E-04  2.7889E-01  1.5605E-01 -1.5739E-03
  9.2366E-02  3.0810E-01  1.2587E-05  6.9735E-04  2.7814E-01  1.5604E-01 -4.4353E-04
  9.2755E-02  3.0940E-01  1.3207E-05  6.9738E-04  2.7715E-01  1.5602E-01  5.9239E-04
  9.3115E-02  3.1060E-01  1.3523E-05  6.9773E-04  2.7612E-01  1.5599E-01  1.1543E-03
  9.3475E-02  3.1180E-01  1.3581E-05  6.9819E-04  2.7506E-01  1.5596E-01  1.1493E-03
  9.3835E-02  3.1300E-01  1.3371E-05  6.9855E-04  2.7408E-01  1.5593E-01  4.9009E-04
  9.4224E-02  3.1430E-01  1.2840E-05  6.9855E-04  2.7324E-01  1.5589E-01 -9.1536E-04
  9.4584E-02  3.1550E-01  1.2073E-05  6.9799E-04  2.7275E-01  1.5586E-01 -2.6679E-03
  9.4944E-02  3.1670E-01  1.1052E-05  6.9676E-04  2.7261E-01  1.5584E-01 -4.5520E-03
  9.5304E-02  3.1790E-01  9.7945E-06  6.9490E-04  2.7281E-01  1.5583E-01 -6.1732E-03
  9.5663E-02  3.1910E-01  8.3265E-06  6.9257E-04  2.7328E-01  1.5582E-01 -7.0798E-03
  9.6053E-02  3.2040E-01  6.5350E-06  6.8990E-04  2.7391E-01  1.5582E-01 -6.7277E-03
  9.6413E-02  3.2160E-01  4.7346E-06  6.8785E-04  2.7438E-01  1.5582E-01 -4.7433E-03
  9.6773E-02  3.2280E-01  2.8335E-06  6.8683E-04  2.7453E-01  1.5583E-01 -8.7120E-04
  9.7132E-02  3.2400E-01  8.7122E-07  6.8755E-04  2.7413E-01  1.5584E-01  5.0175E-03
  9.7522E-02  3.2530E-01 -1.2805E-06  6.9113E-04  2.7290E-01  1.5584E-01  1.3616E-02
  9.7882E-02  3.2650E-01 -3.2552E-06  6.9774E-04  2.7094E-01  1.5584E-01  2.3372E-02
  9.8242E-02  3.2770E-01 -5.1914E-06  7.0812E-04  2.6819E-01  1.5584E-01  3.4529E-02
  9.8601E-02  3.2890E-01 -7.0693E-06  7.2270E-04  2.6476E-01  1.5584E-01  4.6690E-02
  9.8991E-02  3.3020E-01 -9.0239E-06  7.4356E-04  2.6047E-01  1.5584E-01  6.0551E-02
  9.9351E-02  3.3140E-01 -1.0750E-05  7.6768E-04  2.5622E-01  1.5583E-01  7.3629E-02
  9.9711E-02  3.3260E-01 -1.2401E-05  7.9652E-04  2.5197E-01  1.5582E-01  8.6731E-02
  1.0007E-01  3.3380E-01 -1.3986E-05  8.3005E-04  2.4797E-01  1.5582E-01  9.9686E-02
  1.0043E-01  3.3500E-01 -1.5514E-05  8.6821E-04  2.4447E-01  1.5581E-01  1.1239E-01
  1.0082E-01  3.3630E-01 -1.7119E-05  9.1463E-04  2.4144E-01  1.5581E-01  1.2574E-01
  1.0118E-01  3.3750E-01 -1.8568E-05  9.6202E-04  2.3944E-01  1.5581E-01  1.3758E-01
  1.0154E-01  3.3870E-01 -1.9997E-05  1.0136E-03  2.3822E-01  1.5581E-01  1.4882E-01
  1.0190E-01  3.3990E-01 -2.1417E-05  1.0690E-03  2.3763E-01  1.5581E-01  1.5926E-01
  1.0229E-01  3.4120E-01 -2.2950E-05  1.1332E-03  2.3747E-01  1.5581E-01  1.6943E-01
  1.0265E-01  3.4240E-01 -2.4365E-05  1.1956E-03  2.3746E-01  1.5581E-01  1.7754E-01
  1.0301E-01  3.4360E-01 -2.5779E-05  1.2608E-03  2.3746E-01  1.5582E-01  1.8446E-01
  1.0337E-01  3.4480E-01 -2.7194E-05  1.3283E-03  2.3746E-01  1.5583E-01  1.9036E-01
  1.0376E-01  3.4610E-01 -2.8726E-05  1.4036E-03  2.3746E-01  1.5583E-01  1.9581E-01
  1.0412E-01  3.4730E-01 -3.0141E-05  1.4749E-03  2.3746E-01  1.5584E-01  2.0010E-01
  1.0448E-01  3.4850E-01 -3.1556E-05  1.5476E-03  2.3746E-01  1.5585E-01  2.0381E-01
  1.0484E-01  3.4970E-01 -3.2970E-05  1.6216E-03  2.3746E-01  1.5586E-01  2.0703E-01
  1.0520E-01  3.5090E-01 -3.4385E-05  1.6967E-03  2.3746E-01  1.5587E-01  2.0983E-01
  1.0559E-01  3.5220E-01 -3.5918E-05  1.7790E-03  2.3746E-01  1.5589E-01  2.1248E-01
  1.0595E-01  3.5340E-01 -3.7332E-05  1.8559E-03  2.3746E-01  1.5590E-01  2.1461E-01
  1.0631E-01  3.5460E-01 -3.8747E-05  1.9335E-03  2.3746E-01  1.5592E-01  2.1649E-01
  1.0667E-01  3.5580E-01 -4.0162E-05  2.0118E-03  2.3746E-01  1.5593E-01  2.1816E-01
  1.0706E-01  3.5710E-01 -4.1694E-05  2.0972E-03  2.3746E-01  1.5595E-01  2.1975E-01
  1.0742E-01  3.5830E-01 -4.3109E-05  2.1765E-03  2.3746E-01  1.5597E-01  2.2107E-01
  1.0777E-01  3.5950E-01 -4.4523E-05  2.2563E-03  2.3746E-01  1.5599E-01  2.2224E-01
  1.0813E-01  3.6070E-01 -4.5938E-05  2.3365E-03  2.3746E-01  1.5601E-01  2.2330E-01
  1.0852E-01  3.6200E-01 -4.7471E-05  2.4238E-03  2.3746E-01  1.5603E-01  2.2432E-01
  1.0888E-01  3.6320E-01 -4.8885E-05  2.5047E-03  2.3746E-01  1.5606E-01  2.2518E-01
  1.0924E-01  3.6440E-01 -5.0300E-05  2.5860E-03  2.3746E-01  1.5608E-01  2.2595E-01
  1.1000E-01  3.6692E-01 -5.3273E-05  2.7575E-03  2.3746E-01  1.5614E-01  2.2736E-01
