  3.0226E-11  0.0000E+00  1.0000E+02  9.8772E-04  9.8505E+01  9.7295E-02 -2.8188E-01
  3.5975E-04  1.2000E-03  1.0000E+02  9.8772E-04  9.8505E+01  9.7295E-02 -2.8074E-01
  7.1949E-04  2.4000E-03  1.0000E+02  9.8772E-04  9.8505E+01  9.7295E-02 -2.7960E-01
  1.0792E-03  3.6000E-03  1.0000E+02  9.8772E-04  9.8505E+01  9.7295E-02 -2.7847E-01
  1.4390E-03  4.8000E-03  1.0000E+02  9.8772E-04  9.8505E+01  9.7295E-02 -2.7733E-01
  1.7987E-03  6.0000E-03  1.0000E+02  9.8772E-04  9.8505E+01  9.7295E-02 -2.7619E-01
  2.1885E-03  7.3000E-03  1.0000E+02  9.8773E-04  9.8505E+01  9.7295E-02 -2.7496E-01
  2.5482E-03  8.5000E-03  1.0000E+02  9.8773E-04  9.8505E+01  9.7295E-02 -2.7417E-01
  2.9079E-03  9.7000E-03  1.0000E+02  9.8773E-04  9.8500E+01  9.7291E-02 -2.8058E-01
  3.2677E-03  1.0900E-02  1.0000E+02  9.8773E-04  9.8509E+01  9.7300E-02 -3.0991E-01
  3.6574E-03  1.2200E-02  9.9999E+01  9.8773E-04  9.8612E+01  9.7402E-02 -4.3785E-01
  4.0172E-03  1.3400E-02  9.9996E+01  9.8774E-04  9.9146E+01  9.7930E-02 -4.6026E-01
  4.3769E-03  1.4600E-02  9.9989E+01  9.8776E-04  1.0123E+02  9.9988E-02 -5.7972E-01
  4.7367E-03  1.5800E-02  9.9976E+01  9.8780E-04  1.0534E+02  1.0406E-01 -8.2663E-01
  5.1264E-03  1.7100E-02  9.9955E+01  9.8790E-04  1.1239E+02  1.1102E-01 -1.7307E+00
  5.4861E-03  1.8300E-02  9.9935E+01  9.8811E-04  1.2051E+02  1.1905E-01 -2.6349E+00
  5.8459E-03  1.9500E-02  9.9918E+01  9.8854E-04  1.2821E+02  1.2669E-01 -3.7212E+00
  6.2056E-03  2.0700E-02  9.9909E+01  9.8942E-04  1.3261E+02  1.3112E-01 -5.0175E+00
  6.5653E-03  2.1900E-02  9.9912E+01  9.9115E-04  1.3156E+02  1.3022E-01 -6.8736E+00
  6.9550E-03  2.3200E-02  9.9936E+01  9.9467E-04  1.2386E+02  1.2272E-01 -1.0957E+01
  7.3147E-03  2.4400E-02  9.9979E+01  1.0001E-03  1.1577E+02  1.1419E-01 -1.9115E+01
  7.6743E-03  2.5600E-02  1.0005E+02  1.0080E-03  1.2120E+02  1.1733E-01 -3.3747E+01
  8.0340E-03  2.6800E-02  1.0008E+02  1.0179E-03  1.4326E+02  1.4043E-01 -3.8615E+01
  8.4237E-03  2.8100E-02  1.0011E+02  1.0302E-03  1.7366E+02  1.7422E-01 -3.9450E+01
  8.7833E-03  2.9300E-02  1.0017E+02  1.0418E-03  2.5238E+02  2.6038E-01 -3.5003E+01
  9.1430E-03  3.0500E-02  1.0028E+02  1.0522E-03  4.2852E+02  4.5033E-01 -2.1624E+01
  9.5026E-03  3.1700E-02  1.0044E+02  1.0606E-03  6.8422E+02  7.2554E-01  1.2080E+01
  9.8923E-03  3.3000E-02  1.0070E+02  1.0666E-03  1.0241E+03  1.0887E+00  8.3462E+01
  1.0252E-02  3.4200E-02  1.0099E+02  1.0703E-03  1.3861E+03  1.4707E+00  1.8115E+02
  1.0612E-02  3.5400E-02  1.0133E+02  1.0735E-03  1.7738E+03  1.8764E+00  3.0143E+02
  1.0971E-02  3.6600E-02  1.0168E+02  1.0767E-03  2.1872E+03  2.3054E+00  4.4684E+02
  1.1331E-02  3.7800E-02  1.0206E+02  1.0801E-03  2.6187E+03  2.7484E+00  6.1879E+02
  1.1720E-02  3.9100E-02  1.0249E+02  1.0840E-03  3.1016E+03  3.2407E+00  8.2594E+02
  1.2080E-02  4.0300E-02  1.0290E+02  1.0880E-03  3.5618E+03  3.7060E+00  1.0411E+03
  1.2440E-02  4.1500E-02  1.0331E+02  1.0924E-03  4.0284E+03  4.1767E+00  1.2692E+03
  1.2799E-02  4.2700E-02  1.0372E+02  1.0974E-03  4.4963E+03  4.6481E+00  1.5089E+03
  1.3189E-02  4.4000E-02  1.0415E+02  1.1034E-03  5.0027E+03  5.1588E+00  1.7797E+03
  1.3549E-02  4.5200E-02  1.0456E+02  1.1095E-03  5.4699E+03  5.6300E+00  2.0417E+03
  1.3908E-02  4.6400E-02  1.0496E+02  1.1160E-03  5.9368E+03  6.1025E+00  2.3123E+03
  1.4268E-02  4.7600E-02  1.0536E+02  1.1232E-03  6.4028E+03  6.5760E+00  2.5918E+03
  1.4658E-02  4.8900E-02  1.0578E+02  1.1316E-03  6.9072E+03  7.0906E+00  2.9058E+03
  1.5017E-02  5.0100E-02  1.0618E+02  1.1397E-03  7.3729E+03  7.5658E+00  3.2084E+03
  1.5377E-02  5.1300E-02  1.0657E+02  1.1483E-03  7.8405E+03  8.0419E+00  3.5252E+03
  1.5736E-02  5.2500E-02  1.0697E+02  1.1573E-03  8.3118E+03  8.5210E+00  3.8567E+03
  1.6126E-02  5.3800E-02  1.0741E+02  1.1676E-03  8.8295E+03  9.0487E+00  4.2314E+03
  1.6486E-02  5.5000E-02  1.0782E+02  1.1778E-03  9.3161E+03  9.5469E+00  4.5919E+03
  1.6845E-02  5.6200E-02  1.0823E+02  1.1885E-03  9.8123E+03  1.0057E+01  4.9678E+03
  1.7205E-02  5.7400E-02  1.0866E+02  1.1998E-03  1.0319E+04  1.0580E+01  5.3597E+03
  1.7565E-02  5.8600E-02  1.0909E+02  1.2117E-03  1.0836E+04  1.1116E+01  5.7683E+03
  1.7954E-02  5.9900E-02  1.0957E+02  1.2253E-03  1.1409E+04  1.1711E+01  6.2303E+03
  1.8314E-02  6.1100E-02  1.1001E+02  1.2384E-03  1.1949E+04  1.2274E+01  6.6745E+03
  1.8674E-02  6.2300E-02  1.1047E+02  1.2522E-03  1.2499E+04  1.2850E+01  7.1358E+03
  1.9033E-02  6.3500E-02  1.1094E+02  1.2666E-03  1.3059E+04  1.3438E+01  7.6135E+03
  1.9423E-02  6.4800E-02  1.1145E+02  1.2828E-03  1.3674E+04  1.4086E+01  8.1485E+03
  1.9783E-02  6.6000E-02  1.1193E+02  1.2985E-03  1.4249E+04  1.4695E+01  8.6575E+03
  2.0142E-02  6.7200E-02  1.1241E+02  1.3147E-03  1.4829E+04  1.5312E+01  9.1797E+03
  2.0502E-02  6.8400E-02  1.1290E+02  1.3316E-03  1.5414E+04  1.5936E+01  9.7137E+03
  2.0891E-02  6.9700E-02  1.1343E+02  1.3505E-03  1.6050E+04  1.6619E+01  1.0304E+04
  2.1251E-02  7.0900E-02  1.1392E+02  1.3686E-03  1.6638E+04  1.7253E+01  1.0858E+04
  2.1611E-02  7.2100E-02  1.1441E+02  1.3873E-03  1.7226E+04  1.7891E+01  1.1420E+04
  2.1970E-02  7.3300E-02  1.1490E+02  1.4065E-03  1.7813E+04  1.8530E+01  1.1988E+04
  2.2330E-02  7.4500E-02  1.1539E+02  1.4262E-03  1.8397E+04  1.9172E+01  1.2561E+04
  2.2720E-02  7.5800E-02  1.1592E+02  1.4482E-03  1.9028E+04  1.9867E+01  1.3186E+04
  2.3079E-02  7.7000E-02  1.1640E+02  1.4691E-03  1.9607E+04  2.0510E+01  1.3767E+04
  2.3439E-02  7.8200E-02  1.1688E+02  1.4905E-03  2.0184E+04  2.1153E+01  1.4352E+04
  2.3799E-02  7.9400E-02  1.1736E+02  1.5124E-03  2.0758E+04  2.1797E+01  1.4939E+04
  2.4188E-02  8.0700E-02  1.1788E+02  1.5368E-03  2.1377E+04  2.2496E+01  1.5579E+04
  2.4548E-02  8.1900E-02  1.1836E+02  1.5598E-03  2.1949E+04  2.3143E+01  1.6174E+04
  2.4908E-02  8.3100E-02  1.1883E+02  1.5833E-03  2.2520E+04  2.3792E+01  1.6773E+04
  2.5267E-02  8.4300E-02  1.1931E+02  1.6073E-03  2.3092E+04  2.4445E+01  1.7377E+04
  2.5657E-02  8.5600E-02  1.1983E+02  1.6339E-03  2.3715E+04  2.5157E+01  1.8037E+04
  2.6017E-02  8.6800E-02  1.2031E+02  1.6590E-03  2.4293E+04  2.5821E+01  1.8653E+04
  2.6376E-02  8.8000E-02  1.2080E+02  1.6846E-03  2.4877E+04  2.6493E+01  1.9276E+04
  2.6736E-02  8.9200E-02  1.2129E+02  1.7107E-03  2.5467E+04  2.7174E+01  1.9905E+04
  2.7126E-02  9.0500E-02  1.2183E+02  1.7396E-03  2.6113E+04  2.7923E+01  2.0597E+04
  2.7485E-02  9.1700E-02  1.2233E+02  1.7667E-03  2.6717E+04  2.8626E+01  2.1243E+04
  2.7845E-02  9.2900E-02  1.2284E+02  1.7943E-03  2.7329E+04  2.9340E+01  2.1898E+04
  2.8205E-02  9.4100E-02  1.2336E+02  1.8224E-03  2.7949E+04  3.0068E+01  2.2560E+04
  2.8564E-02  9.5300E-02  1.2388E+02  1.8510E-03  2.8578E+04  3.0809E+01  2.3231E+04
  2.8954E-02  9.6600E-02  1.2446E+02  1.8826E-03  2.9267E+04  3.1626E+01  2.3965E+04
  2.9314E-02  9.7800E-02  1.2499E+02  1.9122E-03  2.9911E+04  3.2395E+01  2.4650E+04
  2.9673E-02  9.9000E-02  1.2554E+02  1.9422E-03  3.0561E+04  3.3176E+01  2.5341E+04
  3.0033E-02  1.0020E-01  1.2608E+02  1.9727E-03  3.1217E+04  3.3970E+01  2.6038E+04
  3.0422E-02  1.0150E-01  1.2668E+02  2.0062E-03  3.1933E+04  3.4844E+01  2.6797E+04
  3.0782E-02  1.0270E-01  1.2723E+02  2.0376E-03  3.2599E+04  3.5662E+01  2.7502E+04
  3.1142E-02  1.0390E-01  1.2779E+02  2.0694E-03  3.3267E+04  3.6492E+01  2.8209E+04
  3.1501E-02  1.0510E-01  1.2835E+02  2.1016E-03  3.3938E+04  3.7332E+01  2.8918E+04
  3.1891E-02  1.0640E-01  1.2896E+02  2.1369E-03  3.4667E+04  3.8254E+01  2.9687E+04
  3.2251E-02  1.0760E-01  1.2952E+02  2.1699E-03  3.5340E+04  3.9114E+01  3.0397E+04
  3.2610E-02  1.0880E-01  1.3008E+02  2.2033E-03  3.6013E+04  3.9984E+01  3.1106E+04
  3.2970E-02  1.1000E-01  1.3064E+02  2.2371E-03  3.6685E+04  4.0861E+01  3.1814E+04
  3.3360E-02  1.1130E-01  1.3124E+02  2.2740E-03  3.7411E+04  4.1821E+01  3.2579E+04
  3.3719E-02  1.1250E-01  1.3180E+02  2.3085E-03  3.8081E+04  4.2713E+01  3.3283E+04
  3.4079E-02  1.1370E-01  1.3236E+02  2.3433E-03  3.8748E+04  4.3612E+01  3.3986E+04
  3.4439E-02  1.1490E-01  1.3291E+02  2.3784E-03  3.9414E+04  4.4518E+01  3.4686E+04
  3.4798E-02  1.1610E-01  1.3347E+02  2.4139E-03  4.0078E+04  4.5428E+01  3.5385E+04
  3.5188E-02  1.1740E-01  1.3406E+02  2.4526E-03  4.0796E+04  4.6420E+01  3.6140E+04
  3.5548E-02  1.1860E-01  1.3462E+02  2.4887E-03  4.1458E+04  4.7340E+01  3.6836E+04
  3.5907E-02  1.1980E-01  1.3517E+02  2.5252E-03  4.2119E+04  4.8265E+01  3.7533E+04
  3.6267E-02  1.2100E-01  1.3572E+02  2.5619E-03  4.2780E+04  4.9194E+01  3.8228E+04
  3.6657E-02  1.2230E-01  1.3631E+02  2.6020E-03  4.3497E+04  5.0206E+01  3.8983E+04
  3.7016E-02  1.2350E-01  1.3687E+02  2.6393E-03  4.4159E+04  5.1145E+01  3.9679E+04
  3.7376E-02  1.2470E-01  1.3742E+02  2.6769E-03  4.4822E+04  5.2090E+01  4.0378E+04
  3.7736E-02  1.2590E-01  1.3797E+02  2.7148E-03  4.5487E+04  5.3040E+01  4.1078E+04
  3.8125E-02  1.2720E-01  1.3858E+02  2.7562E-03  4.6211E+04  5.4076E+01  4.1839E+04
  3.8485E-02  1.2840E-01  1.3914E+02  2.7947E-03  4.6882E+04  5.5039E+01  4.2544E+04
  3.8845E-02  1.2960E-01  1.3970E+02  2.8335E-03  4.7556E+04  5.6010E+01  4.3253E+04
  3.9204E-02  1.3080E-01  1.4026E+02  2.8725E-03  4.8234E+04  5.6989E+01  4.3965E+04
  3.9564E-02  1.3200E-01  1.4083E+02  2.9118E-03  4.8917E+04  5.7978E+01  4.4681E+04
  3.9954E-02  1.3330E-01  1.4145E+02  2.9547E-03  4.9661E+04  5.9061E+01  4.5460E+04
  4.0313E-02  1.3450E-01  1.4203E+02  2.9946E-03  5.0352E+04  6.0071E+01  4.6184E+04
  4.0673E-02  1.3570E-01  1.4261E+02  3.0347E-03  5.1048E+04  6.1091E+01  4.6911E+04
  4.1033E-02  1.3690E-01  1.4319E+02  3.0750E-03  5.1748E+04  6.2124E+01  4.7642E+04
  4.1422E-02  1.3820E-01  1.4383E+02  3.1190E-03  5.2511E+04  6.3255E+01  4.8437E+04
  4.1782E-02  1.3940E-01  1.4442E+02  3.1599E-03  5.3220E+04  6.4312E+01  4.9175E+04
  4.2142E-02  1.4060E-01  1.4501E+02  3.2010E-03  5.3933E+04  6.5382E+01  4.9915E+04
  4.2501E-02  1.4180E-01  1.4561E+02  3.2423E-03  5.4649E+04  6.6464E+01  5.0659E+04
  4.2891E-02  1.4310E-01  1.4626E+02  3.2874E-03  5.5428E+04  6.7651E+01  5.1466E+04
  4.3251E-02  1.4430E-01  1.4686E+02  3.3292E-03  5.6150E+04  6.8761E+01  5.2213E+04
  4.3610E-02  1.4550E-01  1.4746E+02  3.3712E-03  5.6874E+04  6.9883E+01  5.2961E+04
  4.3970E-02  1.4670E-01  1.4807E+02  3.4134E-03  5.7600E+04  7.1018E+01  5.3711E+04
  4.4360E-02  1.4800E-01  1.4873E+02  3.4594E-03  5.8388E+04  7.2262E+01  5.4523E+04
  4.4719E-02  1.4920E-01  1.4933E+02  3.5021E-03  5.9116E+04  7.3423E+01  5.5274E+04
  4.5079E-02  1.5040E-01  1.4994E+02  3.5450E-03  5.9846E+04  7.4597E+01  5.6024E+04
  4.5439E-02  1.5160E-01  1.5055E+02  3.5880E-03  6.0576E+04  7.5783E+01  5.6775E+04
  4.5798E-02  1.5280E-01  1.5116E+02  3.6313E-03  6.1306E+04  7.6981E+01  5.7524E+04
  4.6188E-02  1.5410E-01  1.5182E+02  3.6783E-03  6.2097E+04  7.8292E+01  5.8335E+04
  4.6548E-02  1.5530E-01  1.5243E+02  3.7220E-03  6.2825E+04  7.9513E+01  5.9081E+04
  4.6907E-02  1.5650E-01  1.5303E+02  3.7658E-03  6.3553E+04  8.0745E+01  5.9827E+04
  4.7267E-02  1.5770E-01  1.5364E+02  3.8097E-03  6.4281E+04  8.1986E+01  6.0572E+04
  4.7657E-02  1.5900E-01  1.5429E+02  3.8576E-03  6.5068E+04  8.3341E+01  6.1377E+04
  4.8016E-02  1.6020E-01  1.5490E+02  3.9019E-03  6.5794E+04  8.4603E+01  6.2119E+04
  4.8376E-02  1.6140E-01  1.5550E+02  3.9464E-03  6.6520E+04  8.5873E+01  6.2860E+04
  4.8736E-02  1.6260E-01  1.5611E+02  3.9911E-03  6.7245E+04  8.7151E+01  6.3601E+04
  4.9125E-02  1.6390E-01  1.5676E+02  4.0397E-03  6.8031E+04  8.8545E+01  6.4403E+04
  4.9485E-02  1.6510E-01  1.5737E+02  4.0847E-03  6.8757E+04  8.9840E+01  6.5144E+04
  4.9845E-02  1.6630E-01  1.5797E+02  4.1298E-03  6.9483E+04  9.1142E+01  6.5885E+04
  5.0204E-02  1.6750E-01  1.5858E+02  4.1751E-03  7.0209E+04  9.2450E+01  6.6625E+04
  5.0564E-02  1.6870E-01  1.5918E+02  4.2206E-03  7.0935E+04  9.3766E+01  6.7366E+04
  5.0954E-02  1.7000E-01  1.5984E+02  4.2700E-03  7.1722E+04  9.5200E+01  6.8169E+04
  5.1313E-02  1.7120E-01  1.6045E+02  4.3157E-03  7.2450E+04  9.6531E+01  6.8911E+04
  5.1673E-02  1.7240E-01  1.6105E+02  4.3616E-03  7.3178E+04  9.7870E+01  6.9652E+04
  5.2033E-02  1.7360E-01  1.6166E+02  4.4077E-03  7.3906E+04  9.9218E+01  7.0395E+04
  5.2422E-02  1.7490E-01  1.6232E+02  4.4577E-03  7.4696E+04  1.0069E+02  7.1199E+04
  5.2782E-02  1.7610E-01  1.6293E+02  4.5041E-03  7.5427E+04  1.0205E+02  7.1943E+04
  5.3142E-02  1.7730E-01  1.6354E+02  4.5506E-03  7.6159E+04  1.0343E+02  7.2688E+04
  5.3501E-02  1.7850E-01  1.6415E+02  4.5972E-03  7.6892E+04  1.0482E+02  7.3434E+04
  5.3891E-02  1.7980E-01  1.6481E+02  4.6478E-03  7.7689E+04  1.0633E+02  7.4244E+04
  5.4251E-02  1.8100E-01  1.6543E+02  4.6947E-03  7.8426E+04  1.0773E+02  7.4994E+04
  5.4610E-02  1.8220E-01  1.6604E+02  4.7417E-03  7.9165E+04  1.0915E+02  7.5745E+04
  5.4970E-02  1.8340E-01  1.6666E+02  4.7888E-03  7.9906E+04  1.1057E+02  7.6498E+04
  5.5360E-02  1.8470E-01  1.6733E+02  4.8400E-03  8.0712E+04  1.1213E+02  7.7315E+04
  5.5719E-02  1.8590E-01  1.6795E+02  4.8874E-03  8.1457E+04  1.1358E+02  7.8071E+04
  5.6079E-02  1.8710E-01  1.6858E+02  4.9349E-03  8.2204E+04  1.1504E+02  7.8829E+04
  5.6439E-02  1.8830E-01  1.6920E+02  4.9826E-03  8.2953E+04  1.1651E+02  7.9589E+04
  5.6798E-02  1.8950E-01  1.6983E+02  5.0303E-03  8.3704E+04  1.1800E+02  8.0350E+04
  5.7188E-02  1.9080E-01  1.7051E+02  5.0822E-03  8.4519E+04  1.1963E+02  8.1175E+04
  5.7548E-02  1.9200E-01  1.7113E+02  5.1302E-03  8.5273E+04  1.2114E+02  8.1939E+04
  5.7907E-02  1.9320E-01  1.7176E+02  5.1783E-03  8.6028E+04  1.2266E+02  8.2703E+04
  5.8267E-02  1.9440E-01  1.7239E+02  5.2265E-03  8.6785E+04  1.2420E+02  8.3468E+04
  5.8657E-02  1.9570E-01  1.7308E+02  5.2788E-03  8.7606E+04  1.2588E+02  8.4298E+04
  5.9016E-02  1.9690E-01  1.7371E+02  5.3273E-03  8.8365E+04  1.2745E+02  8.5065E+04
  5.9376E-02  1.9810E-01  1.7435E+02  5.3758E-03  8.9126E+04  1.2902E+02  8.5833E+04
  5.9736E-02  1.9930E-01  1.7498E+02  5.4244E-03  8.9888E+04  1.3062E+02  8.6602E+04
  6.0125E-02  2.0060E-01  1.7567E+02  5.4772E-03  9.0714E+04  1.3235E+02  8.7436E+04
  6.0485E-02  2.0180E-01  1.7630E+02  5.5261E-03  9.1477E+04  1.3397E+02  8.8206E+04
  6.0845E-02  2.0300E-01  1.7694E+02  5.5750E-03  9.2241E+04  1.3560E+02  8.8976E+04
  6.1204E-02  2.0420E-01  1.7758E+02  5.6241E-03  9.3005E+04  1.3724E+02  8.9747E+04
  6.1564E-02  2.0540E-01  1.7822E+02  5.6732E-03  9.3770E+04  1.3889E+02  9.0518E+04
  6.1954E-02  2.0670E-01  1.7891E+02  5.7266E-03  9.4599E+04  1.4069E+02  9.1353E+04
  6.2313E-02  2.0790E-01  1.7954E+02  5.7759E-03  9.5364E+04  1.4236E+02  9.2124E+04
  6.2673E-02  2.0910E-01  1.8018E+02  5.8253E-03  9.6129E+04  1.4405E+02  9.2894E+04
  6.3033E-02  2.1030E-01  1.8082E+02  5.8748E-03  9.6893E+04  1.4574E+02  9.3663E+04
  6.3422E-02  2.1160E-01  1.8151E+02  5.9286E-03  9.7720E+04  1.4759E+02  9.4496E+04
  6.3782E-02  2.1280E-01  1.8215E+02  5.9782E-03  9.8484E+04  1.4930E+02  9.5265E+04
  6.4142E-02  2.1400E-01  1.8278E+02  6.0280E-03  9.9247E+04  1.5103E+02  9.6033E+04
  6.4501E-02  2.1520E-01  1.8342E+02  6.0779E-03  1.0001E+05  1.5276E+02  9.6800E+04
  6.4891E-02  2.1650E-01  1.8411E+02  6.1320E-03  1.0084E+05  1.5465E+02  9.7631E+04
  6.5251E-02  2.1770E-01  1.8474E+02  6.1820E-03  1.0160E+05  1.5641E+02  9.8398E+04
  6.5610E-02  2.1890E-01  1.8538E+02  6.2321E-03  1.0236E+05  1.5817E+02  9.9165E+04
  6.5970E-02  2.2010E-01  1.8601E+02  6.2823E-03  1.0312E+05  1.5994E+02  9.9931E+04
  6.6360E-02  2.2140E-01  1.8670E+02  6.3367E-03  1.0395E+05  1.6187E+02  1.0076E+05
  6.6719E-02  2.2260E-01  1.8733E+02  6.3871E-03  1.0471E+05  1.6366E+02  1.0153E+05
  6.7079E-02  2.2380E-01  1.8797E+02  6.4375E-03  1.0547E+05  1.6547E+02  1.0229E+05
  6.7439E-02  2.2500E-01  1.8860E+02  6.4880E-03  1.0623E+05  1.6728E+02  1.0305E+05
  6.7798E-02  2.2620E-01  1.8924E+02  6.5385E-03  1.0699E+05  1.6911E+02  1.0382E+05
  6.8188E-02  2.2750E-01  1.8992E+02  6.5934E-03  1.0781E+05  1.7110E+02  1.0464E+05
  6.8548E-02  2.2870E-01  1.9056E+02  6.6441E-03  1.0857E+05  1.7295E+02  1.0541E+05
  6.8907E-02  2.2990E-01  1.9119E+02  6.6949E-03  1.0933E+05  1.7481E+02  1.0617E+05
  6.9267E-02  2.3110E-01  1.9182E+02  6.7457E-03  1.1009E+05  1.7668E+02  1.0693E+05
  6.9657E-02  2.3240E-01  1.9251E+02  6.8009E-03  1.1092E+05  1.7872E+02  1.0776E+05
  7.0016E-02  2.3360E-01  1.9314E+02  6.8519E-03  1.1168E+05  1.8061E+02  1.0852E+05
  7.0376E-02  2.3480E-01  1.9378E+02  6.9029E-03  1.1244E+05  1.8250E+02  1.0928E+05
  7.0736E-02  2.3600E-01  1.9441E+02  6.9540E-03  1.1320E+05  1.8441E+02  1.1005E+05
  7.1125E-02  2.3730E-01  1.9510E+02  7.0095E-03  1.1402E+05  1.8649E+02  1.1088E+05
  7.1485E-02  2.3850E-01  1.9573E+02  7.0608E-03  1.1479E+05  1.8843E+02  1.1164E+05
  7.1845E-02  2.3970E-01  1.9637E+02  7.1121E-03  1.1555E+05  1.9037E+02  1.1241E+05
  7.2204E-02  2.4090E-01  1.9701E+02  7.1634E-03  1.1631E+05  1.9232E+02  1.1317E+05
  7.2564E-02  2.4210E-01  1.9764E+02  7.2149E-03  1.1708E+05  1.9429E+02  1.1394E+05
  7.2954E-02  2.4340E-01  1.9833E+02  7.2707E-03  1.1791E+05  1.9643E+02  1.1477E+05
  7.3313E-02  2.4460E-01  1.9897E+02  7.3222E-03  1.1867E+05  1.9842E+02  1.1554E+05
  7.3673E-02  2.4580E-01  1.9961E+02  7.3739E-03  1.1944E+05  2.0041E+02  1.1631E+05
  7.4033E-02  2.4700E-01  2.0025E+02  7.4256E-03  1.2021E+05  2.0242E+02  1.1707E+05
  7.4422E-02  2.4830E-01  2.0094E+02  7.4816E-03  1.2104E+05  2.0461E+02  1.1791E+05
  7.4782E-02  2.4950E-01  2.0158E+02  7.5334E-03  1.2181E+05  2.0664E+02  1.1868E+05
  7.5142E-02  2.5070E-01  2.0222E+02  7.5853E-03  1.2257E+05  2.0868E+02  1.1945E+05
  7.5501E-02  2.5190E-01  2.0287E+02  7.6372E-03  1.2334E+05  2.1073E+02  1.2022E+05
  7.5891E-02  2.5320E-01  2.0356E+02  7.6935E-03  1.2418E+05  2.1295E+02  1.2106E+05
  7.6251E-02  2.5440E-01  2.0421E+02  7.7456E-03  1.2495E+05  2.1502E+02  1.2183E+05
  7.6610E-02  2.5560E-01  2.0485E+02  7.7977E-03  1.2572E+05  2.1710E+02  1.2260E+05
  7.6970E-02  2.5680E-01  2.0549E+02  7.8498E-03  1.2650E+05  2.1918E+02  1.2338E+05
  7.7360E-02  2.5810E-01  2.0619E+02  7.9063E-03  1.2733E+05  2.2146E+02  1.2422E+05
  7.7719E-02  2.5930E-01  2.0684E+02  7.9586E-03  1.2811E+05  2.2356E+02  1.2499E+05
  7.8079E-02  2.6050E-01  2.0749E+02  8.0109E-03  1.2888E+05  2.2568E+02  1.2577E+05
  7.8439E-02  2.6170E-01  2.0813E+02  8.0633E-03  1.2966E+05  2.2781E+02  1.2654E+05
  7.8798E-02  2.6290E-01  2.0878E+02  8.1157E-03  1.3043E+05  2.2995E+02  1.2732E+05
  7.9188E-02  2.6420E-01  2.0948E+02  8.1725E-03  1.3127E+05  2.3228E+02  1.2816E+05
  7.9548E-02  2.6540E-01  2.1012E+02  8.2250E-03  1.3205E+05  2.3444E+02  1.2893E+05
  7.9907E-02  2.6660E-01  2.1077E+02  8.2775E-03  1.3282E+05  2.3661E+02  1.2971E+05
  8.0267E-02  2.6780E-01  2.1142E+02  8.3301E-03  1.3360E+05  2.3880E+02  1.3049E+05
  8.0657E-02  2.6910E-01  2.1212E+02  8.3872E-03  1.3444E+05  2.4118E+02  1.3133E+05
  8.1016E-02  2.7030E-01  2.1276E+02  8.4399E-03  1.3521E+05  2.4339E+02  1.3210E+05
  8.1376E-02  2.7150E-01  2.1341E+02  8.4926E-03  1.3599E+05  2.4561E+02  1.3287E+05
  8.1736E-02  2.7270E-01  2.1405E+02  8.5454E-03  1.3676E+05  2.4785E+02  1.3365E+05
  8.2125E-02  2.7400E-01  2.1475E+02  8.6026E-03  1.3760E+05  2.5029E+02  1.3449E+05
  8.2485E-02  2.7520E-01  2.1540E+02  8.6555E-03  1.3837E+05  2.5255E+02  1.3526E+05
  8.2845E-02  2.7640E-01  2.1604E+02  8.7084E-03  1.3915E+05  2.5483E+02  1.3603E+05
  8.3204E-02  2.7760E-01  2.1669E+02  8.7614E-03  1.3992E+05  2.5712E+02  1.3681E+05
  8.3564E-02  2.7880E-01  2.1733E+02  8.8144E-03  1.4069E+05  2.5942E+02  1.3758E+05
  8.3954E-02  2.8010E-01  2.1803E+02  8.8719E-03  1.4153E+05  2.6194E+02  1.3841E+05
  8.4313E-02  2.8130E-01  2.1867E+02  8.9249E-03  1.4230E+05  2.6427E+02  1.3918E+05
  8.4673E-02  2.8250E-01  2.1931E+02  8.9781E-03  1.4307E+05  2.6662E+02  1.3995E+05
  8.5033E-02  2.8370E-01  2.1995E+02  9.0312E-03  1.4384E+05  2.6898E+02  1.4072E+05
  8.5422E-02  2.8500E-01  2.2065E+02  9.0889E-03  1.4467E+05  2.7154E+02  1.4155E+05
  8.5782E-02  2.8620E-01  2.2129E+02  9.1421E-03  1.4544E+05  2.7393E+02  1.4232E+05
  8.6142E-02  2.8740E-01  2.2193E+02  9.1954E-03  1.4621E+05  2.7632E+02  1.4309E+05
  8.6502E-02  2.8860E-01  2.2257E+02  9.2487E-03  1.4698E+05  2.7873E+02  1.4385E+05
  8.6891E-02  2.8990E-01  2.2326E+02  9.3065E-03  1.4781E+05  2.8134E+02  1.4468E+05
  8.7251E-02  2.9110E-01  2.2390E+02  9.3599E-03  1.4857E+05  2.8376E+02  1.4545E+05
  8.7611E-02  2.9230E-01  2.2454E+02  9.4134E-03  1.4934E+05  2.8620E+02  1.4621E+05
  8.7970E-02  2.9350E-01  2.2517E+02  9.4668E-03  1.5010E+05  2.8864E+02  1.4697E+05
  8.8360E-02  2.9480E-01  2.2586E+02  9.5248E-03  1.5093E+05  2.9129E+02  1.4780E+05
  8.8720E-02  2.9600E-01  2.2650E+02  9.5783E-03  1.5169E+05  2.9376E+02  1.4856E+05
  8.9079E-02  2.9720E-01  2.2714E+02  9.6319E-03  1.5246E+05  2.9623E+02  1.4932E+05
  8.9439E-02  2.9840E-01  2.2777E+02  9.6855E-03  1.5322E+05  2.9871E+02  1.5009E+05
  8.9799E-02  2.9960E-01  2.2841E+02  9.7392E-03  1.5398E+05  3.0121E+02  1.5085E+05
  9.0188E-02  3.0090E-01  2.2910E+02  9.7974E-03  1.5481E+05  3.0392E+02  1.5167E+05
  9.0548E-02  3.0210E-01  2.2973E+02  9.8511E-03  1.5558E+05  3.0644E+02  1.5243E+05
  9.0908E-02  3.0330E-01  2.3037E+02  9.9048E-03  1.5634E+05  3.0897E+02  1.5320E+05
  9.1267E-02  3.0450E-01  2.3101E+02  9.9586E-03  1.5710E+05  3.1150E+02  1.5396E+05
  9.1657E-02  3.0580E-01  2.3170E+02  1.0017E-02  1.5793E+05  3.1426E+02  1.5478E+05
  9.2017E-02  3.0700E-01  2.3234E+02  1.0071E-02  1.5870E+05  3.1681E+02  1.5555E+05
  9.2376E-02  3.0820E-01  2.3297E+02  1.0125E-02  1.5946E+05  3.1937E+02  1.5631E+05
  9.2736E-02  3.0940E-01  2.3361E+02  1.0179E-02  1.6023E+05  3.2193E+02  1.5707E+05
  9.3126E-02  3.1070E-01  2.3430E+02  1.0237E-02  1.6105E+05  3.2470E+02  1.5789E+05
  9.3485E-02  3.1190E-01  2.3492E+02  1.0291E-02  1.6179E+05  3.2725E+02  1.5864E+05
  9.3845E-02  3.1310E-01  2.3552E+02  1.0345E-02  1.6252E+05  3.2977E+02  1.5936E+05
  9.4205E-02  3.1430E-01  2.3611E+02  1.0399E-02  1.6322E+05  3.3225E+02  1.6006E+05
  9.4564E-02  3.1550E-01  2.3666E+02  1.0453E-02  1.6389E+05  3.3468E+02  1.6073E+05
  9.4954E-02  3.1680E-01  2.3723E+02  1.0512E-02  1.6456E+05  3.3723E+02  1.6140E+05
  9.5314E-02  3.1800E-01  2.3770E+02  1.0566E-02  1.6514E+05  3.3950E+02  1.6198E+05
  9.5673E-02  3.1920E-01  2.3814E+02  1.0620E-02  1.6565E+05  3.4168E+02  1.6250E+05
  9.6033E-02  3.2040E-01  2.3852E+02  1.0674E-02  1.6611E+05  3.4375E+02  1.6296E+05
  9.6423E-02  3.2170E-01  2.3887E+02  1.0733E-02  1.6654E+05  3.4587E+02  1.6339E+05
  9.6782E-02  3.2290E-01  2.3914E+02  1.0787E-02  1.6686E+05  3.4769E+02  1.6372E+05
  9.7142E-02  3.2410E-01  2.3936E+02  1.0841E-02  1.6712E+05  3.4939E+02  1.6398E+05
  9.7502E-02  3.2530E-01  2.3952E+02  1.0895E-02  1.6732E+05  3.5097E+02  1.6418E+05
  9.7891E-02  3.2660E-01  2.3964E+02  1.0954E-02  1.6746E+05  3.5255E+02  1.6434E+05
  9.8251E-02  3.2780E-01  2.3971E+02  1.1008E-02  1.6754E+05  3.5391E+02  1.6443E+05
  9.8611E-02  3.2900E-01  2.3974E+02  1.1062E-02  1.6758E+05  3.5518E+02  1.6448E+05
  9.8970E-02  3.3020E-01  2.3975E+02  1.1117E-02  1.6759E+05  3.5638E+02  1.6450E+05
  9.9330E-02  3.3140E-01  2.3973E+02  1.1171E-02  1.6757E+05  3.5752E+02  1.6449E+05
  9.9720E-02  3.3270E-01  2.3971E+02  1.1229E-02  1.6754E+05  3.5873E+02  1.6447E+05
  1.0008E-01  3.3390E-01  2.3968E+02  1.1284E-02  1.6751E+05  3.5983E+02  1.6444E+05
  1.0044E-01  3.3510E-01  2.3965E+02  1.1338E-02  1.6747E+05  3.6093E+02  1.6442E+05
  1.0080E-01  3.3630E-01  2.3962E+02  1.1392E-02  1.6744E+05  3.6203E+02  1.6440E+05
  1.0119E-01  3.3760E-01  2.3960E+02  1.1451E-02  1.6742E+05  3.6325E+02  1.6439E+05
  1.0155E-01  3.3880E-01  2.3959E+02  1.1505E-02  1.6741E+05  3.6439E+02  1.6438E+05
  1.0191E-01  3.4000E-01  2.3959E+02  1.1559E-02  1.6740E+05  3.6554E+02  1.6439E+05
  1.0227E-01  3.4120E-01  2.3959E+02  1.1613E-02  1.6740E+05  3.6670E+02  1.6439E+05
  1.0266E-01  3.4250E-01  2.3959E+02  1.1672E-02  1.6740E+05  3.6796E+02  1.6440E+05
  1.0302E-01  3.4370E-01  2.3959E+02  1.1726E-02  1.6740E+05  3.6913E+02  1.6441E+05
  1.0338E-01  3.4490E-01  2.3959E+02  1.1781E-02  1.6740E+05  3.7030E+02  1.6442E+05
  1.0374E-01  3.4610E-01  2.3959E+02  1.1835E-02  1.6740E+05  3.7147E+02  1.6443E+05
  1.0413E-01  3.4740E-01  2.3959E+02  1.1894E-02  1.6740E+05  3.7273E+02  1.6444E+05
  1.0449E-01  3.4860E-01  2.3959E+02  1.1948E-02  1.6740E+05  3.7390E+02  1.6445E+05
  1.0485E-01  3.4980E-01  2.3959E+02  1.2002E-02  1.6740E+05  3.7507E+02  1.6446E+05
  1.0520E-01  3.5100E-01  2.3959E+02  1.2056E-02  1.6740E+05  3.7624E+02  1.6446E+05
  1.0556E-01  3.5220E-01  2.3959E+02  1.2111E-02  1.6740E+05  3.7741E+02  1.6447E+05
  1.0595E-01  3.5350E-01  2.3959E+02  1.2169E-02  1.6740E+05  3.7868E+02  1.6448E+05
  1.0631E-01  3.5470E-01  2.3959E+02  1.2224E-02  1.6740E+05  3.7985E+02  1.6449E+05
  1.0667E-01  3.5590E-01  2.3959E+02  1.2278E-02  1.6740E+05  3.8103E+02  1.6450E+05
  1.0703E-01  3.5710E-01  2.3959E+02  1.2332E-02  1.6740E+05  3.8220E+02  1.6450E+05
  1.0742E-01  3.5840E-01  2.3959E+02  1.2391E-02  1.6740E+05  3.8347E+02  1.6451E+05
  1.0778E-01  3.5960E-01  2.3959E+02  1.2445E-02  1.6740E+05  3.8465E+02  1.6452E+05
  1.0814E-01  3.6080E-01  2.3959E+02  1.2500E-02  1.6740E+05  3.8583E+02  1.6453E+05
  1.0850E-01  3.6200E-01  2.3959E+02  1.2554E-02  1.6740E+05  3.8700E+02  1.6454E+05
  1.0889E-01  3.6330E-01  2.3959E+02  1.2613E-02  1.6740E+05  3.8828E+02  1.6454E+05
  1.0925E-01  3.6450E-01  2.3959E+02  1.2667E-02  1.6740E+05  3.8946E+02  1.6455E+05
  1.1000E-01  3.6700E-01  2.3959E+02  1.2780E-02  1.6740E+05  3.9191E+02  1.6457E+05
